1.000000e+00
1.000000e+00
1.000000e+00
1.000000e+00
1.000000e+00
1.000000e+00
1.000000e+00
1.000000e+00
1.000000e+00
1.000000e+00
1.000000e+00
1.000000e+00
1.000000e+00
1.000000e+00
1.000000e+00
1.000000e+00
1.000000e+00
1.000000e+00
1.000000e+00
1.000000e+00
1.000000e+00
1.000000e+00
1.000000e+00
1.000000e+00
1.000000e+00
1.000000e+00
1.000000e+00
1.000000e+00
1.000000e+00
1.000000e+00
1.000000e+00
1.000000e+00
1.000000e+00
9.999999e-01
9.999995e-01
9.999977e-01
9.999893e-01
9.999532e-01
9.998097e-01
9.992971e-01
9.976955e-01
9.934767e-01
9.844041e-01
9.686661e-01
9.462500e-01
9.188934e-01
8.887203e-01
8.572700e-01
8.254460e-01
7.937865e-01
7.625747e-01
7.320167e-01
7.022052e-01
6.732149e-01
6.450460e-01
6.177827e-01
5.914602e-01
5.661376e-01
5.418060e-01
5.186316e-01
4.968116e-01
4.766794e-01
4.586920e-01
4.436947e-01
4.327519e-01
4.265916e-01
4.246635e-01
4.243515e-01
4.247349e-01
4.251053e-01
4.251471e-01
4.250278e-01
4.246604e-01
4.238289e-01
4.218285e-01
4.172555e-01
4.080497e-01
3.920691e-01
3.686328e-01
3.401427e-01
3.118663e-01
2.889396e-01
2.737957e-01
2.661970e-01
2.638664e-01
2.636856e-01
2.638547e-01
2.643088e-01
2.648319e-01
2.650452e-01
2.647843e-01
2.624314e-01
2.511275e-01
2.114393e-01
1.515947e-01
1.269602e-01
1.250218e-01
1.250001e-01
1.250000e-01
1.250000e-01
1.250000e-01
1.250000e-01
1.250000e-01
1.250000e-01
1.250000e-01
1.250000e-01
1.250000e-01
1.250000e-01
1.250000e-01
1.250000e-01
1.250000e-01
1.250000e-01
1.250000e-01
1.250000e-01
1.250000e-01
1.250000e-01
1.250000e-01
1.250000e-01
1.250000e-01
1.250000e-01
1.250000e-01
1.250000e-01
1.250000e-01
1.250000e-01
1.250000e-01
1.250000e-01
1.250000e-01
1.250000e-01
