1.000000e+00
1.000000e+00
1.000000e+00
1.000000e+00
1.000000e+00
1.000000e+00
1.000000e+00
1.000000e+00
1.000000e+00
1.000000e+00
1.000000e+00
1.000000e+00
1.000000e+00
1.000000e+00
1.000000e+00
1.000000e+00
1.000000e+00
1.000000e+00
1.000000e+00
1.000000e+00
1.000000e+00
1.000000e+00
1.000000e+00
1.000000e+00
1.000000e+00
1.000000e+00
1.000000e+00
1.000000e+00
1.000000e+00
1.000000e+00
1.000000e+00
1.000000e+00
1.000000e+00
1.000000e+00
1.000000e+00
1.000000e+00
1.000000e+00
1.000000e+00
1.000000e+00
1.000000e+00
1.000000e+00
1.000000e+00
1.000000e+00
9.999998e-01
9.999987e-01
9.999923e-01
9.999579e-01
9.997890e-01
9.990537e-01
9.963318e-01
9.882128e-01
9.696531e-01
9.377180e-01
8.948758e-01
8.463016e-01
7.958432e-01
7.455842e-01
6.967298e-01
6.497751e-01
6.050798e-01
5.630792e-01
5.240872e-01
4.892598e-01
4.599693e-01
4.385215e-01
4.265832e-01
4.228105e-01
4.224639e-01
4.218010e-01
4.177653e-01
4.069360e-01
3.865682e-01
3.564209e-01
3.221375e-01
2.928013e-01
2.739529e-01
2.659159e-01
2.635832e-01
2.624432e-01
2.591581e-01
2.427492e-01
1.917125e-01
1.388242e-01
1.255561e-01
1.250033e-01
1.250000e-01
1.250000e-01
1.250000e-01
1.250000e-01
1.250000e-01
1.250000e-01
1.250000e-01
1.250000e-01
1.250000e-01
1.250000e-01
1.250000e-01
1.250000e-01
1.250000e-01
1.250000e-01
1.250000e-01
1.250000e-01
1.250000e-01
1.250000e-01
1.250000e-01
1.250000e-01
1.250000e-01
1.250000e-01
1.250000e-01
1.250000e-01
1.250000e-01
1.250000e-01
1.250000e-01
1.250000e-01
1.250000e-01
1.250000e-01
1.250000e-01
1.250000e-01
1.250000e-01
1.250000e-01
1.250000e-01
1.250000e-01
1.250000e-01
1.250000e-01
1.250000e-01
1.250000e-01
1.250000e-01
1.250000e-01
1.250000e-01
