1.000000e+00
1.000000e+00
1.000000e+00
1.000000e+00
1.000000e+00
1.000000e+00
1.000000e+00
1.000000e+00
1.000000e+00
1.000000e+00
1.000000e+00
1.000000e+00
1.000000e+00
1.000000e+00
1.000000e+00
1.000000e+00
1.000000e+00
1.000000e+00
1.000000e+00
1.000000e+00
1.000000e+00
1.000000e+00
1.000000e+00
1.000000e+00
1.000000e+00
1.000000e+00
1.000000e+00
1.000000e+00
1.000000e+00
1.000000e+00
1.000000e+00
1.000000e+00
1.000000e+00
1.000000e+00
1.000000e+00
1.000000e+00
1.000000e+00
1.000000e+00
1.000000e+00
1.000000e+00
1.000000e+00
9.999998e-01
9.999990e-01
9.999945e-01
9.999711e-01
9.998593e-01
9.993806e-01
9.976069e-01
9.921789e-01
9.791065e-01
9.549569e-01
9.201387e-01
8.784890e-01
8.338292e-01
7.884635e-01
7.436197e-01
7.000348e-01
6.580180e-01
6.177392e-01
5.795355e-01
5.435165e-01
5.101790e-01
4.804180e-01
4.554445e-01
4.370795e-01
4.265175e-01
4.232094e-01
4.232368e-01
4.236148e-01
4.227250e-01
4.186484e-01
4.090646e-01
3.911901e-01
3.638666e-01
3.310156e-01
3.007773e-01
2.791081e-01
2.674454e-01
2.637712e-01
2.632873e-01
2.631930e-01
2.618282e-01
2.523464e-01
2.145723e-01
1.537475e-01
1.272492e-01
1.250265e-01
1.250001e-01
1.250000e-01
1.250000e-01
1.250000e-01
1.250000e-01
1.250000e-01
1.250000e-01
1.250000e-01
1.250000e-01
1.250000e-01
1.250000e-01
1.250000e-01
1.250000e-01
1.250000e-01
1.250000e-01
1.250000e-01
1.250000e-01
1.250000e-01
1.250000e-01
1.250000e-01
1.250000e-01
1.250000e-01
1.250000e-01
1.250000e-01
1.250000e-01
1.250000e-01
1.250000e-01
1.250000e-01
1.250000e-01
1.250000e-01
1.250000e-01
1.250000e-01
1.250000e-01
1.250000e-01
1.250000e-01
1.250000e-01
1.250000e-01
1.250000e-01
1.250000e-01
1.250000e-01
1.250000e-01
