1.000000e+00
1.000000e+00
1.000000e+00
1.000000e+00
1.000000e+00
1.000000e+00
1.000000e+00
1.000000e+00
1.000000e+00
1.000000e+00
1.000000e+00
1.000000e+00
1.000000e+00
1.000000e+00
1.000000e+00
1.000000e+00
1.000000e+00
1.000000e+00
1.000000e+00
1.000000e+00
1.000000e+00
1.000000e+00
1.000000e+00
1.000000e+00
1.000000e+00
1.000000e+00
1.000000e+00
1.000000e+00
1.000000e+00
1.000000e+00
1.000000e+00
1.000000e+00
1.000000e+00
1.000000e+00
1.000000e+00
9.999999e-01
9.999997e-01
9.999985e-01
9.999926e-01
9.999657e-01
9.998523e-01
9.994217e-01
9.979887e-01
9.939709e-01
9.848234e-01
9.682251e-01
9.438943e-01
9.138013e-01
8.804965e-01
8.458180e-01
8.108311e-01
7.761476e-01
7.420967e-01
7.088993e-01
6.766671e-01
6.454225e-01
6.152768e-01
5.862916e-01
5.585416e-01
5.320790e-01
5.071416e-01
4.841608e-01
4.635921e-01
4.463958e-01
4.337862e-01
4.266851e-01
4.242827e-01
4.240452e-01
4.245162e-01
4.249333e-01
4.249216e-01
4.244858e-01
4.231950e-01
4.201321e-01
4.134290e-01
4.005990e-01
3.798089e-01
3.520248e-01
3.219308e-01
2.958414e-01
2.775498e-01
2.674622e-01
2.637998e-01
2.634353e-01
2.636187e-01
2.641726e-01
2.646527e-01
2.645735e-01
2.623732e-01
2.506664e-01
2.095645e-01
1.499796e-01
1.267244e-01
1.250178e-01
1.250001e-01
1.250000e-01
1.250000e-01
1.250000e-01
1.250000e-01
1.250000e-01
1.250000e-01
1.250000e-01
1.250000e-01
1.250000e-01
1.250000e-01
1.250000e-01
1.250000e-01
1.250000e-01
1.250000e-01
1.250000e-01
1.250000e-01
1.250000e-01
1.250000e-01
1.250000e-01
1.250000e-01
1.250000e-01
1.250000e-01
1.250000e-01
1.250000e-01
1.250000e-01
1.250000e-01
1.250000e-01
1.250000e-01
1.250000e-01
1.250000e-01
1.250000e-01
1.250000e-01
1.250000e-01
