1.000000e+00
1.000000e+00
1.000000e+00
1.000000e+00
1.000000e+00
1.000000e+00
1.000000e+00
1.000000e+00
1.000000e+00
1.000000e+00
1.000000e+00
1.000000e+00
1.000000e+00
1.000000e+00
1.000000e+00
1.000000e+00
1.000000e+00
1.000000e+00
1.000000e+00
1.000000e+00
1.000000e+00
1.000000e+00
1.000000e+00
1.000000e+00
1.000000e+00
1.000000e+00
1.000000e+00
1.000000e+00
1.000000e+00
1.000000e+00
1.000000e+00
1.000000e+00
1.000000e+00
9.999998e-01
9.999990e-01
9.999950e-01
9.999777e-01
9.999064e-01
9.996390e-01
9.987465e-01
9.961834e-01
9.900716e-01
9.782545e-01
9.596926e-01
9.352680e-01
9.070067e-01
8.767500e-01
8.456834e-01
8.144998e-01
7.836059e-01
7.532155e-01
7.234971e-01
6.945212e-01
6.663436e-01
6.389615e-01
6.124630e-01
5.868745e-01
5.622461e-01
5.385813e-01
5.160313e-01
4.948103e-01
4.752266e-01
4.577355e-01
4.431639e-01
4.325536e-01
4.265752e-01
4.247179e-01
4.244085e-01
4.247857e-01
4.251451e-01
4.251860e-01
4.250849e-01
4.247938e-01
4.241688e-01
4.226734e-01
4.191521e-01
4.117762e-01
3.983631e-01
3.775372e-01
3.505385e-01
3.217027e-01
2.965724e-01
2.785413e-01
2.683439e-01
2.643944e-01
2.637335e-01
2.638040e-01
2.641254e-01
2.646468e-01
2.650316e-01
2.650844e-01
2.644161e-01
2.603157e-01
2.424554e-01
1.911009e-01
1.387547e-01
1.255627e-01
1.250034e-01
1.250000e-01
1.250000e-01
1.250000e-01
1.250000e-01
1.250000e-01
1.250000e-01
1.250000e-01
1.250000e-01
1.250000e-01
1.250000e-01
1.250000e-01
1.250000e-01
1.250000e-01
1.250000e-01
1.250000e-01
1.250000e-01
1.250000e-01
1.250000e-01
1.250000e-01
1.250000e-01
1.250000e-01
1.250000e-01
1.250000e-01
1.250000e-01
1.250000e-01
1.250000e-01
1.250000e-01
1.250000e-01
1.250000e-01
1.250000e-01
