1.000000e+00
1.000000e+00
1.000000e+00
1.000000e+00
1.000000e+00
1.000000e+00
1.000000e+00
1.000000e+00
1.000000e+00
1.000000e+00
1.000000e+00
1.000000e+00
1.000000e+00
1.000000e+00
1.000000e+00
1.000000e+00
1.000000e+00
1.000000e+00
1.000000e+00
1.000000e+00
1.000000e+00
1.000000e+00
1.000000e+00
1.000000e+00
1.000000e+00
1.000000e+00
1.000000e+00
1.000000e+00
1.000000e+00
1.000000e+00
1.000000e+00
1.000000e+00
1.000000e+00
1.000000e+00
1.000000e+00
1.000000e+00
1.000000e+00
1.000000e+00
1.000000e+00
1.000000e+00
9.999998e-01
9.999990e-01
9.999943e-01
9.999708e-01
9.998615e-01
9.994050e-01
9.977493e-01
9.927625e-01
9.808471e-01
9.588065e-01
9.267523e-01
8.879933e-01
8.460780e-01
8.032245e-01
7.606515e-01
7.190541e-01
6.787884e-01
6.399842e-01
6.028886e-01
5.676593e-01
5.344235e-01
5.036899e-01
4.762584e-01
4.532557e-01
4.363495e-01
4.265659e-01
4.233772e-01
4.234429e-01
4.240169e-01
4.238321e-01
4.217414e-01
4.159973e-01
4.041730e-01
3.835934e-01
3.544905e-01
3.221485e-01
2.943743e-01
2.756129e-01
2.659928e-01
2.633346e-01
2.633293e-01
2.635347e-01
2.630901e-01
2.578041e-01
2.325892e-01
1.735958e-01
1.317568e-01
1.251585e-01
1.250006e-01
1.250000e-01
1.250000e-01
1.250000e-01
1.250000e-01
1.250000e-01
1.250000e-01
1.250000e-01
1.250000e-01
1.250000e-01
1.250000e-01
1.250000e-01
1.250000e-01
1.250000e-01
1.250000e-01
1.250000e-01
1.250000e-01
1.250000e-01
1.250000e-01
1.250000e-01
1.250000e-01
1.250000e-01
1.250000e-01
1.250000e-01
1.250000e-01
1.250000e-01
1.250000e-01
1.250000e-01
1.250000e-01
1.250000e-01
1.250000e-01
1.250000e-01
1.250000e-01
1.250000e-01
1.250000e-01
1.250000e-01
1.250000e-01
1.250000e-01
1.250000e-01
1.250000e-01
