1.000000e+00
1.000000e+00
1.000000e+00
1.000000e+00
1.000000e+00
1.000000e+00
1.000000e+00
1.000000e+00
1.000000e+00
1.000000e+00
1.000000e+00
1.000000e+00
1.000000e+00
1.000000e+00
1.000000e+00
1.000000e+00
1.000000e+00
1.000000e+00
1.000000e+00
1.000000e+00
1.000000e+00
1.000000e+00
1.000000e+00
1.000000e+00
1.000000e+00
1.000000e+00
1.000000e+00
1.000000e+00
1.000000e+00
1.000000e+00
1.000000e+00
1.000000e+00
1.000000e+00
1.000000e+00
1.000000e+00
1.000000e+00
1.000000e+00
1.000000e+00
1.000000e+00
1.000000e+00
9.999999e-01
9.999993e-01
9.999963e-01
9.999805e-01
9.999050e-01
9.995785e-01
9.983402e-01
9.943990e-01
9.843615e-01
9.645583e-01
9.341446e-01
8.959972e-01
8.539399e-01
8.105523e-01
7.672731e-01
7.248832e-01
6.838235e-01
6.442560e-01
6.064078e-01
5.704743e-01
5.365778e-01
5.052288e-01
4.772473e-01
4.537796e-01
4.365282e-01
4.265501e-01
4.233339e-01
4.233986e-01
4.239397e-01
4.236241e-01
4.211310e-01
4.145712e-01
4.013790e-01
3.790927e-01
3.487548e-01
3.165407e-01
2.901140e-01
2.730654e-01
2.650721e-01
2.633014e-01
2.633450e-01
2.634622e-01
2.621813e-01
2.527543e-01
2.153469e-01
1.544210e-01
1.273594e-01
1.250286e-01
1.250001e-01
1.250000e-01
1.250000e-01
1.250000e-01
1.250000e-01
1.250000e-01
1.250000e-01
1.250000e-01
1.250000e-01
1.250000e-01
1.250000e-01
1.250000e-01
1.250000e-01
1.250000e-01
1.250000e-01
1.250000e-01
1.250000e-01
1.250000e-01
1.250000e-01
1.250000e-01
1.250000e-01
1.250000e-01
1.250000e-01
1.250000e-01
1.250000e-01
1.250000e-01
1.250000e-01
1.250000e-01
1.250000e-01
1.250000e-01
1.250000e-01
1.250000e-01
1.250000e-01
1.250000e-01
1.250000e-01
1.250000e-01
1.250000e-01
1.250000e-01
1.250000e-01
1.250000e-01
