1.000000e+00
1.000000e+00
1.000000e+00
1.000000e+00
1.000000e+00
1.000000e+00
1.000000e+00
1.000000e+00
1.000000e+00
1.000000e+00
1.000000e+00
1.000000e+00
1.000000e+00
1.000000e+00
1.000000e+00
1.000000e+00
1.000000e+00
1.000000e+00
1.000000e+00
1.000000e+00
1.000000e+00
1.000000e+00
1.000000e+00
1.000000e+00
1.000000e+00
1.000000e+00
1.000000e+00
1.000000e+00
1.000000e+00
1.000000e+00
1.000000e+00
1.000000e+00
1.000000e+00
9.999999e-01
9.999994e-01
9.999972e-01
9.999871e-01
9.999442e-01
9.997761e-01
9.991850e-01
9.973755e-01
9.927243e-01
9.829849e-01
9.665168e-01
9.435472e-01
9.159197e-01
8.856999e-01
8.543335e-01
8.226652e-01
7.911973e-01
7.601919e-01
7.298474e-01
7.002483e-01
6.714652e-01
6.434961e-01
6.164279e-01
5.902924e-01
5.651471e-01
5.409850e-01
5.179696e-01
4.963024e-01
4.763098e-01
4.584488e-01
4.435599e-01
4.327013e-01
4.265872e-01
4.246781e-01
4.243663e-01
4.247478e-01
4.251151e-01
4.251568e-01
4.250430e-01
4.246973e-01
4.239237e-01
4.220627e-01
4.177749e-01
4.090550e-01
3.937358e-01
3.709373e-01
3.427651e-01
3.142771e-01
2.907585e-01
2.748824e-01
2.666592e-01
2.639642e-01
2.636939e-01
2.638363e-01
2.642574e-01
2.647910e-01
2.650512e-01
2.649023e-01
2.631461e-01
2.543006e-01
2.208841e-01
1.601963e-01
1.284534e-01
1.250533e-01
1.250002e-01
1.250000e-01
1.250000e-01
1.250000e-01
1.250000e-01
1.250000e-01
1.250000e-01
1.250000e-01
1.250000e-01
1.250000e-01
1.250000e-01
1.250000e-01
1.250000e-01
1.250000e-01
1.250000e-01
1.250000e-01
1.250000e-01
1.250000e-01
1.250000e-01
1.250000e-01
1.250000e-01
1.250000e-01
1.250000e-01
1.250000e-01
1.250000e-01
1.250000e-01
1.250000e-01
1.250000e-01
1.250000e-01
1.250000e-01
1.250000e-01
