1.000000e+00
1.000000e+00
1.000000e+00
1.000000e+00
1.000000e+00
1.000000e+00
1.000000e+00
1.000000e+00
1.000000e+00
1.000000e+00
1.000000e+00
1.000000e+00
1.000000e+00
1.000000e+00
1.000000e+00
1.000000e+00
1.000000e+00
1.000000e+00
1.000000e+00
1.000000e+00
1.000000e+00
1.000000e+00
1.000000e+00
1.000000e+00
1.000000e+00
1.000000e+00
1.000000e+00
1.000000e+00
1.000000e+00
1.000000e+00
1.000000e+00
1.000000e+00
1.000000e+00
1.000000e+00
1.000000e+00
1.000000e+00
1.000000e+00
1.000000e+00
9.999999e-01
9.999993e-01
9.999960e-01
9.999802e-01
9.999081e-01
9.996099e-01
9.985225e-01
9.951641e-01
9.867515e-01
9.701604e-01
9.443230e-01
9.112434e-01
8.741060e-01
8.352997e-01
7.962030e-01
7.575560e-01
7.198210e-01
6.832157e-01
6.478368e-01
6.138208e-01
5.812964e-01
5.503485e-01
5.211803e-01
4.942236e-01
4.701392e-01
4.499717e-01
4.351662e-01
4.266770e-01
4.237295e-01
4.237069e-01
4.243230e-01
4.245964e-01
4.241016e-01
4.220232e-01
4.170243e-01
4.067160e-01
3.884414e-01
3.617525e-01
3.304707e-01
3.016722e-01
2.807724e-01
2.685024e-01
2.636912e-01
2.632642e-01
2.635218e-01
2.640224e-01
2.640034e-01
2.611820e-01
2.457138e-01
1.968881e-01
1.415711e-01
1.257836e-01
1.250054e-01
1.250000e-01
1.250000e-01
1.250000e-01
1.250000e-01
1.250000e-01
1.250000e-01
1.250000e-01
1.250000e-01
1.250000e-01
1.250000e-01
1.250000e-01
1.250000e-01
1.250000e-01
1.250000e-01
1.250000e-01
1.250000e-01
1.250000e-01
1.250000e-01
1.250000e-01
1.250000e-01
1.250000e-01
1.250000e-01
1.250000e-01
1.250000e-01
1.250000e-01
1.250000e-01
1.250000e-01
1.250000e-01
1.250000e-01
1.250000e-01
1.250000e-01
1.250000e-01
1.250000e-01
1.250000e-01
1.250000e-01
1.250000e-01
1.250000e-01
