1.000000e+00
1.000000e+00
1.000000e+00
1.000000e+00
1.000000e+00
1.000000e+00
1.000000e+00
1.000000e+00
1.000000e+00
1.000000e+00
1.000000e+00
1.000000e+00
1.000000e+00
1.000000e+00
1.000000e+00
1.000000e+00
1.000000e+00
1.000000e+00
1.000000e+00
1.000000e+00
1.000000e+00
1.000000e+00
1.000000e+00
1.000000e+00
1.000000e+00
1.000000e+00
1.000000e+00
1.000000e+00
1.000000e+00
1.000000e+00
1.000000e+00
1.000000e+00
1.000000e+00
1.000000e+00
1.000000e+00
1.000000e+00
1.000000e+00
1.000000e+00
9.999997e-01
9.999986e-01
9.999927e-01
9.999646e-01
9.998419e-01
9.993594e-01
9.977077e-01
9.929883e-01
9.821749e-01
9.626825e-01
9.345692e-01
9.004547e-01
8.632816e-01
8.249879e-01
7.866849e-01
7.489519e-01
7.121729e-01
6.765230e-01
6.420565e-01
6.089401e-01
5.772693e-01
5.471089e-01
5.187002e-01
4.924509e-01
4.689871e-01
4.493456e-01
4.349296e-01
4.266921e-01
4.238153e-01
4.237601e-01
4.243589e-01
4.246766e-01
4.243323e-01
4.226918e-01
4.186111e-01
4.099450e-01
3.939641e-01
3.694223e-01
3.389381e-01
3.089533e-01
2.857340e-01
2.712297e-01
2.644658e-01
2.632630e-01
2.634039e-01
2.639087e-01
2.642455e-01
2.633561e-01
2.562852e-01
2.263607e-01
1.657342e-01
1.296420e-01
1.250852e-01
1.250003e-01
1.250000e-01
1.250000e-01
1.250000e-01
1.250000e-01
1.250000e-01
1.250000e-01
1.250000e-01
1.250000e-01
1.250000e-01
1.250000e-01
1.250000e-01
1.250000e-01
1.250000e-01
1.250000e-01
1.250000e-01
1.250000e-01
1.250000e-01
1.250000e-01
1.250000e-01
1.250000e-01
1.250000e-01
1.250000e-01
1.250000e-01
1.250000e-01
1.250000e-01
1.250000e-01
1.250000e-01
1.250000e-01
1.250000e-01
1.250000e-01
1.250000e-01
1.250000e-01
1.250000e-01
1.250000e-01
1.250000e-01
1.250000e-01
