1.000000e+00
1.000000e+00
1.000000e+00
1.000000e+00
1.000000e+00
1.000000e+00
1.000000e+00
1.000000e+00
1.000000e+00
1.000000e+00
1.000000e+00
1.000000e+00
1.000000e+00
1.000000e+00
1.000000e+00
1.000000e+00
1.000000e+00
1.000000e+00
1.000000e+00
1.000000e+00
1.000000e+00
1.000000e+00
1.000000e+00
1.000000e+00
1.000000e+00
1.000000e+00
1.000000e+00
1.000000e+00
1.000000e+00
1.000000e+00
1.000000e+00
1.000000e+00
1.000000e+00
1.000000e+00
1.000000e+00
1.000000e+00
1.000000e+00
1.000000e+00
9.999999e-01
9.999994e-01
9.999968e-01
9.999838e-01
9.999237e-01
9.996709e-01
9.987309e-01
9.957542e-01
9.880761e-01
9.724631e-01
9.474771e-01
9.148410e-01
8.777728e-01
8.388198e-01
7.994639e-01
7.605114e-01
7.224490e-01
6.855160e-01
6.498252e-01
6.154985e-01
5.826812e-01
5.514617e-01
5.220322e-01
4.948326e-01
4.705346e-01
4.501861e-01
4.352464e-01
4.266710e-01
4.237016e-01
4.236891e-01
4.243097e-01
4.245658e-01
4.240101e-01
4.217641e-01
4.164223e-01
4.055195e-01
3.864555e-01
3.590914e-01
3.276606e-01
2.993600e-01
2.792608e-01
2.677212e-01
2.635331e-01
2.632742e-01
2.635681e-01
2.640379e-01
2.638245e-01
2.599217e-01
2.402775e-01
1.859641e-01
1.362587e-01
1.253872e-01
1.250020e-01
1.250000e-01
1.250000e-01
1.250000e-01
1.250000e-01
1.250000e-01
1.250000e-01
1.250000e-01
1.250000e-01
1.250000e-01
1.250000e-01
1.250000e-01
1.250000e-01
1.250000e-01
1.250000e-01
1.250000e-01
1.250000e-01
1.250000e-01
1.250000e-01
1.250000e-01
1.250000e-01
1.250000e-01
1.250000e-01
1.250000e-01
1.250000e-01
1.250000e-01
1.250000e-01
1.250000e-01
1.250000e-01
1.250000e-01
1.250000e-01
1.250000e-01
1.250000e-01
1.250000e-01
1.250000e-01
1.250000e-01
1.250000e-01
1.250000e-01
