1.000000e+00
1.000000e+00
1.000000e+00
1.000000e+00
1.000000e+00
1.000000e+00
1.000000e+00
1.000000e+00
1.000000e+00
1.000000e+00
1.000000e+00
1.000000e+00
1.000000e+00
1.000000e+00
1.000000e+00
1.000000e+00
1.000000e+00
1.000000e+00
1.000000e+00
1.000000e+00
1.000000e+00
1.000000e+00
1.000000e+00
1.000000e+00
1.000000e+00
1.000000e+00
1.000000e+00
1.000000e+00
1.000000e+00
1.000000e+00
1.000000e+00
1.000000e+00
1.000000e+00
1.000000e+00
9.999999e-01
9.999993e-01
9.999966e-01
9.999842e-01
9.999313e-01
9.997238e-01
9.989979e-01
9.968024e-01
9.912744e-01
9.800183e-01
9.615668e-01
9.365605e-01
9.071432e-01
8.754167e-01
8.427575e-01
8.099654e-01
7.775004e-01
7.456127e-01
7.144800e-01
6.841877e-01
6.547743e-01
6.262793e-01
5.987846e-01
5.723429e-01
5.469538e-01
5.227805e-01
4.999986e-01
4.789905e-01
4.602106e-01
4.445350e-01
4.330697e-01
4.266215e-01
4.245619e-01
4.242567e-01
4.246574e-01
4.250484e-01
4.250863e-01
4.249158e-01
4.243720e-01
4.230829e-01
4.200262e-01
4.133916e-01
4.008721e-01
3.807527e-01
3.538583e-01
3.244064e-01
2.983012e-01
2.793961e-01
2.685971e-01
2.643070e-01
2.635912e-01
2.636796e-01
2.640668e-01
2.646411e-01
2.649407e-01
2.647342e-01
2.624219e-01
2.509780e-01
2.108306e-01
1.510640e-01
1.268810e-01
1.250204e-01
1.250001e-01
1.250000e-01
1.250000e-01
1.250000e-01
1.250000e-01
1.250000e-01
1.250000e-01
1.250000e-01
1.250000e-01
1.250000e-01
1.250000e-01
1.250000e-01
1.250000e-01
1.250000e-01
1.250000e-01
1.250000e-01
1.250000e-01
1.250000e-01
1.250000e-01
1.250000e-01
1.250000e-01
1.250000e-01
1.250000e-01
1.250000e-01
1.250000e-01
1.250000e-01
1.250000e-01
1.250000e-01
1.250000e-01
1.250000e-01
1.250000e-01
1.250000e-01
