1.000000e+00
1.000000e+00
1.000000e+00
1.000000e+00
1.000000e+00
1.000000e+00
1.000000e+00
1.000000e+00
1.000000e+00
1.000000e+00
1.000000e+00
1.000000e+00
1.000000e+00
1.000000e+00
1.000000e+00
1.000000e+00
1.000000e+00
1.000000e+00
1.000000e+00
1.000000e+00
1.000000e+00
1.000000e+00
1.000000e+00
1.000000e+00
1.000000e+00
1.000000e+00
1.000000e+00
1.000000e+00
1.000000e+00
1.000000e+00
1.000000e+00
1.000000e+00
9.999999e-01
9.999996e-01
9.999981e-01
9.999913e-01
9.999619e-01
9.998457e-01
9.994288e-01
9.981125e-01
9.945804e-01
9.867830e-01
9.728397e-01
9.523857e-01
9.268142e-01
8.981513e-01
8.679851e-01
8.372761e-01
8.065962e-01
7.762717e-01
7.464868e-01
7.173751e-01
6.890011e-01
6.614054e-01
6.345920e-01
6.086417e-01
5.835799e-01
5.594469e-01
5.362622e-01
5.141620e-01
4.933695e-01
4.741800e-01
4.570455e-01
4.427802e-01
4.324115e-01
4.265652e-01
4.247525e-01
4.244479e-01
4.248219e-01
4.251758e-01
4.252153e-01
4.251223e-01
4.248728e-01
4.243647e-01
4.231658e-01
4.202891e-01
4.140920e-01
4.024474e-01
3.836352e-01
3.580890e-01
3.293334e-01
3.028778e-01
2.827994e-01
2.705218e-01
2.650842e-01
2.638131e-01
2.638018e-01
2.640290e-01
2.644934e-01
2.649598e-01
2.651389e-01
2.649443e-01
2.631489e-01
2.544037e-01
2.214055e-01
1.607902e-01
1.285799e-01
1.250566e-01
1.250002e-01
1.250000e-01
1.250000e-01
1.250000e-01
1.250000e-01
1.250000e-01
1.250000e-01
1.250000e-01
1.250000e-01
1.250000e-01
1.250000e-01
1.250000e-01
1.250000e-01
1.250000e-01
1.250000e-01
1.250000e-01
1.250000e-01
1.250000e-01
1.250000e-01
1.250000e-01
1.250000e-01
1.250000e-01
1.250000e-01
1.250000e-01
1.250000e-01
1.250000e-01
1.250000e-01
1.250000e-01
1.250000e-01
1.250000e-01
