1.000000e+00
1.000000e+00
1.000000e+00
1.000000e+00
1.000000e+00
1.000000e+00
1.000000e+00
1.000000e+00
1.000000e+00
1.000000e+00
1.000000e+00
1.000000e+00
1.000000e+00
1.000000e+00
1.000000e+00
1.000000e+00
1.000000e+00
1.000000e+00
1.000000e+00
1.000000e+00
1.000000e+00
1.000000e+00
1.000000e+00
1.000000e+00
1.000000e+00
1.000000e+00
1.000000e+00
1.000000e+00
1.000000e+00
1.000000e+00
1.000000e+00
1.000000e+00
1.000000e+00
1.000000e+00
9.999999e-01
9.999995e-01
9.999977e-01
9.999892e-01
9.999518e-01
9.998011e-01
9.992553e-01
9.975330e-01
9.929713e-01
9.831598e-01
9.662236e-01
9.422972e-01
9.133538e-01
8.816522e-01
8.487669e-01
8.156121e-01
7.827226e-01
7.503782e-01
7.187862e-01
6.880376e-01
6.581870e-01
6.292601e-01
6.013542e-01
5.745171e-01
5.487602e-01
5.242337e-01
5.011137e-01
4.797988e-01
4.607409e-01
4.448277e-01
4.331814e-01
4.266324e-01
4.245223e-01
4.242230e-01
4.246320e-01
4.250300e-01
4.250643e-01
4.248679e-01
4.242430e-01
4.227504e-01
4.192440e-01
4.117769e-01
3.980074e-01
3.764894e-01
3.486465e-01
3.192670e-01
2.941927e-01
2.767596e-01
2.673283e-01
2.639586e-01
2.635634e-01
2.637086e-01
2.641754e-01
2.647284e-01
2.649151e-01
2.643604e-01
2.602674e-01
2.418949e-01
1.897203e-01
1.380533e-01
1.255101e-01
1.250030e-01
1.250000e-01
1.250000e-01
1.250000e-01
1.250000e-01
1.250000e-01
1.250000e-01
1.250000e-01
1.250000e-01
1.250000e-01
1.250000e-01
1.250000e-01
1.250000e-01
1.250000e-01
1.250000e-01
1.250000e-01
1.250000e-01
1.250000e-01
1.250000e-01
1.250000e-01
1.250000e-01
1.250000e-01
1.250000e-01
1.250000e-01
1.250000e-01
1.250000e-01
1.250000e-01
1.250000e-01
1.250000e-01
1.250000e-01
1.250000e-01
1.250000e-01
1.250000e-01
