1.000000e+00
1.000000e+00
1.000000e+00
1.000000e+00
1.000000e+00
1.000000e+00
1.000000e+00
1.000000e+00
1.000000e+00
1.000000e+00
1.000000e+00
1.000000e+00
1.000000e+00
1.000000e+00
1.000000e+00
1.000000e+00
1.000000e+00
1.000000e+00
1.000000e+00
1.000000e+00
1.000000e+00
1.000000e+00
1.000000e+00
1.000000e+00
1.000000e+00
1.000000e+00
1.000000e+00
1.000000e+00
1.000000e+00
1.000000e+00
1.000000e+00
1.000000e+00
1.000000e+00
1.000000e+00
1.000000e+00
1.000000e+00
1.000000e+00
1.000000e+00
1.000000e+00
1.000000e+00
1.000000e+00
1.000000e+00
9.999999e-01
9.999994e-01
9.999967e-01
9.999815e-01
9.999043e-01
9.995516e-01
9.981470e-01
9.934996e-01
9.813896e-01
9.574233e-01
9.211574e-01
8.766724e-01
8.285483e-01
7.795968e-01
7.313185e-01
6.845847e-01
6.396978e-01
5.970581e-01
5.569381e-01
5.197226e-01
4.864972e-01
4.585711e-01
4.380778e-01
4.265448e-01
4.229576e-01
4.227727e-01
4.225462e-01
4.197556e-01
4.113863e-01
3.946058e-01
3.678171e-01
3.343491e-01
3.026957e-01
2.797817e-01
2.678567e-01
2.641050e-01
2.631169e-01
2.620627e-01
2.565375e-01
2.305581e-01
1.710824e-01
1.310045e-01
1.251292e-01
1.250005e-01
1.250000e-01
1.250000e-01
1.250000e-01
1.250000e-01
1.250000e-01
1.250000e-01
1.250000e-01
1.250000e-01
1.250000e-01
1.250000e-01
1.250000e-01
1.250000e-01
1.250000e-01
1.250000e-01
1.250000e-01
1.250000e-01
1.250000e-01
1.250000e-01
1.250000e-01
1.250000e-01
1.250000e-01
1.250000e-01
1.250000e-01
1.250000e-01
1.250000e-01
1.250000e-01
1.250000e-01
1.250000e-01
1.250000e-01
1.250000e-01
1.250000e-01
1.250000e-01
1.250000e-01
1.250000e-01
1.250000e-01
1.250000e-01
1.250000e-01
1.250000e-01
1.250000e-01
1.250000e-01
1.250000e-01
1.250000e-01
