1.000000e+00
1.000000e+00
1.000000e+00
1.000000e+00
1.000000e+00
1.000000e+00
1.000000e+00
1.000000e+00
1.000000e+00
1.000000e+00
1.000000e+00
1.000000e+00
1.000000e+00
1.000000e+00
1.000000e+00
1.000000e+00
1.000000e+00
1.000000e+00
1.000000e+00
1.000000e+00
1.000000e+00
1.000000e+00
1.000000e+00
1.000000e+00
1.000000e+00
1.000000e+00
1.000000e+00
1.000000e+00
1.000000e+00
1.000000e+00
1.000000e+00
1.000000e+00
1.000000e+00
1.000000e+00
1.000000e+00
1.000000e+00
1.000000e+00
1.000000e+00
9.999999e-01
9.999997e-01
9.999983e-01
9.999911e-01
9.999568e-01
9.998053e-01
9.992087e-01
9.971795e-01
9.914759e-01
9.787506e-01
9.565549e-01
9.255735e-01
8.889242e-01
8.496239e-01
8.095191e-01
7.696495e-01
7.305798e-01
6.926394e-01
6.559809e-01
6.206938e-01
5.869700e-01
5.549062e-01
5.246675e-01
4.967166e-01
4.717566e-01
4.508465e-01
4.354913e-01
4.266503e-01
4.236201e-01
4.236350e-01
4.242643e-01
4.244595e-01
4.236820e-01
4.208604e-01
4.143688e-01
4.015413e-01
3.800647e-01
3.508490e-01
3.193423e-01
2.928126e-01
2.751423e-01
2.657797e-01
2.632819e-01
2.633223e-01
2.637059e-01
2.639788e-01
2.626785e-01
2.533522e-01
2.167725e-01
1.557541e-01
1.275883e-01
1.250333e-01
1.250001e-01
1.250000e-01
1.250000e-01
1.250000e-01
1.250000e-01
1.250000e-01
1.250000e-01
1.250000e-01
1.250000e-01
1.250000e-01
1.250000e-01
1.250000e-01
1.250000e-01
1.250000e-01
1.250000e-01
1.250000e-01
1.250000e-01
1.250000e-01
1.250000e-01
1.250000e-01
1.250000e-01
1.250000e-01
1.250000e-01
1.250000e-01
1.250000e-01
1.250000e-01
1.250000e-01
1.250000e-01
1.250000e-01
1.250000e-01
1.250000e-01
1.250000e-01
1.250000e-01
1.250000e-01
1.250000e-01
1.250000e-01
1.250000e-01
1.250000e-01
