1.000000e+00
1.000000e+00
1.000000e+00
1.000000e+00
1.000000e+00
1.000000e+00
1.000000e+00
1.000000e+00
1.000000e+00
1.000000e+00
1.000000e+00
1.000000e+00
1.000000e+00
1.000000e+00
1.000000e+00
1.000000e+00
1.000000e+00
1.000000e+00
1.000000e+00
1.000000e+00
1.000000e+00
1.000000e+00
1.000000e+00
1.000000e+00
1.000000e+00
1.000000e+00
1.000000e+00
1.000000e+00
1.000000e+00
1.000000e+00
1.000000e+00
1.000000e+00
1.000000e+00
1.000000e+00
1.000000e+00
1.000000e+00
1.000000e+00
1.000000e+00
1.000000e+00
1.000000e+00
1.000000e+00
1.000000e+00
9.999998e-01
9.999986e-01
9.999919e-01
9.999571e-01
9.997913e-01
9.990908e-01
9.965618e-01
9.891542e-01
9.723576e-01
9.433660e-01
9.040569e-01
8.589864e-01
8.117715e-01
7.644412e-01
7.181038e-01
6.733541e-01
6.303997e-01
5.896446e-01
5.512644e-01
5.156881e-01
4.839335e-01
4.572627e-01
4.376624e-01
4.265207e-01
4.230722e-01
4.229997e-01
4.230814e-01
4.212310e-01
4.148688e-01
4.012969e-01
3.781127e-01
3.465415e-01
3.135592e-01
2.872194e-01
2.711769e-01
2.648272e-01
2.634078e-01
2.629803e-01
2.614303e-01
2.518579e-01
2.137436e-01
1.530678e-01
1.271420e-01
1.250245e-01
1.250001e-01
1.250000e-01
1.250000e-01
1.250000e-01
1.250000e-01
1.250000e-01
1.250000e-01
1.250000e-01
1.250000e-01
1.250000e-01
1.250000e-01
1.250000e-01
1.250000e-01
1.250000e-01
1.250000e-01
1.250000e-01
1.250000e-01
1.250000e-01
1.250000e-01
1.250000e-01
1.250000e-01
1.250000e-01
1.250000e-01
1.250000e-01
1.250000e-01
1.250000e-01
1.250000e-01
1.250000e-01
1.250000e-01
1.250000e-01
1.250000e-01
1.250000e-01
1.250000e-01
1.250000e-01
1.250000e-01
1.250000e-01
1.250000e-01
1.250000e-01
1.250000e-01
1.250000e-01
1.250000e-01
1.250000e-01
