1.000000e+00
1.000000e+00
1.000000e+00
1.000000e+00
1.000000e+00
1.000000e+00
1.000000e+00
1.000000e+00
1.000000e+00
1.000000e+00
1.000000e+00
1.000000e+00
1.000000e+00
1.000000e+00
1.000000e+00
1.000000e+00
1.000000e+00
1.000000e+00
1.000000e+00
1.000000e+00
1.000000e+00
1.000000e+00
1.000000e+00
1.000000e+00
1.000000e+00
1.000000e+00
1.000000e+00
1.000000e+00
1.000000e+00
1.000000e+00
1.000000e+00
1.000000e+00
1.000000e+00
1.000000e+00
9.999998e-01
9.999987e-01
9.999940e-01
9.999726e-01
9.998847e-01
9.995552e-01
9.984634e-01
9.953760e-01
9.881862e-01
9.746895e-01
9.541279e-01
9.277841e-01
8.978768e-01
8.662334e-01
8.339671e-01
8.017354e-01
7.699014e-01
7.386873e-01
7.082254e-01
6.785969e-01
6.498162e-01
6.219504e-01
5.950526e-01
5.691826e-01
5.443309e-01
5.206674e-01
4.983763e-01
4.778143e-01
4.594382e-01
4.441080e-01
4.329076e-01
4.266059e-01
4.246159e-01
4.243054e-01
4.246960e-01
4.250765e-01
4.251173e-01
4.249768e-01
4.245323e-01
4.234976e-01
4.210196e-01
4.154940e-01
4.047159e-01
3.866921e-01
3.614324e-01
3.322465e-01
3.048741e-01
2.838662e-01
2.709217e-01
2.650761e-01
2.636780e-01
2.636696e-01
2.639379e-01
2.644776e-01
2.649180e-01
2.649746e-01
2.640897e-01
2.587364e-01
2.360982e-01
1.796211e-01
1.338780e-01
1.252574e-01
1.250012e-01
1.250000e-01
1.250000e-01
1.250000e-01
1.250000e-01
1.250000e-01
1.250000e-01
1.250000e-01
1.250000e-01
1.250000e-01
1.250000e-01
1.250000e-01
1.250000e-01
1.250000e-01
1.250000e-01
1.250000e-01
1.250000e-01
1.250000e-01
1.250000e-01
1.250000e-01
1.250000e-01
1.250000e-01
1.250000e-01
1.250000e-01
1.250000e-01
1.250000e-01
1.250000e-01
1.250000e-01
1.250000e-01
1.250000e-01
1.250000e-01
1.250000e-01
