1.000000e+00
1.000000e+00
1.000000e+00
1.000000e+00
1.000000e+00
1.000000e+00
1.000000e+00
1.000000e+00
1.000000e+00
1.000000e+00
1.000000e+00
1.000000e+00
1.000000e+00
1.000000e+00
1.000000e+00
1.000000e+00
1.000000e+00
1.000000e+00
1.000000e+00
1.000000e+00
1.000000e+00
1.000000e+00
1.000000e+00
1.000000e+00
1.000000e+00
1.000000e+00
1.000000e+00
1.000000e+00
1.000000e+00
1.000000e+00
1.000000e+00
1.000000e+00
9.999999e-01
9.999993e-01
9.999966e-01
9.999849e-01
9.999360e-01
9.997497e-01
9.991132e-01
9.972197e-01
9.924881e-01
9.828257e-01
9.667979e-01
9.447057e-01
9.182753e-01
8.894030e-01
8.594213e-01
8.291132e-01
7.989485e-01
7.691853e-01
7.399939e-01
7.114708e-01
6.836781e-01
6.566412e-01
6.303788e-01
6.049564e-01
5.804024e-01
5.567448e-01
5.340228e-01
5.123578e-01
4.919777e-01
4.731678e-01
4.563779e-01
4.424083e-01
4.322743e-01
4.265573e-01
4.247829e-01
4.244842e-01
4.248558e-01
4.252066e-01
4.252452e-01
4.251569e-01
4.249388e-01
4.245218e-01
4.235617e-01
4.212226e-01
4.160488e-01
4.060196e-01
3.892026e-01
3.653214e-01
3.370620e-01
3.096086e-01
2.876386e-01
2.732400e-01
2.661058e-01
2.639773e-01
2.638179e-01
2.639658e-01
2.643542e-01
2.648457e-01
2.651388e-01
2.651430e-01
2.644273e-01
2.603392e-01
2.427307e-01
1.917691e-01
1.391007e-01
1.255895e-01
1.250036e-01
1.250000e-01
1.250000e-01
1.250000e-01
1.250000e-01
1.250000e-01
1.250000e-01
1.250000e-01
1.250000e-01
1.250000e-01
1.250000e-01
1.250000e-01
1.250000e-01
1.250000e-01
1.250000e-01
1.250000e-01
1.250000e-01
1.250000e-01
1.250000e-01
1.250000e-01
1.250000e-01
1.250000e-01
1.250000e-01
1.250000e-01
1.250000e-01
1.250000e-01
1.250000e-01
1.250000e-01
1.250000e-01
1.250000e-01
