1.000000e+00
1.000000e+00
1.000000e+00
1.000000e+00
1.000000e+00
1.000000e+00
1.000000e+00
1.000000e+00
1.000000e+00
1.000000e+00
1.000000e+00
1.000000e+00
1.000000e+00
1.000000e+00
1.000000e+00
1.000000e+00
1.000000e+00
1.000000e+00
1.000000e+00
1.000000e+00
1.000000e+00
1.000000e+00
1.000000e+00
1.000000e+00
1.000000e+00
1.000000e+00
1.000000e+00
1.000000e+00
1.000000e+00
1.000000e+00
1.000000e+00
1.000000e+00
1.000000e+00
1.000000e+00
1.000000e+00
9.999999e-01
9.999996e-01
9.999977e-01
9.999891e-01
9.999505e-01
9.997924e-01
9.992117e-01
9.973588e-01
9.924202e-01
9.817920e-01
9.635347e-01
9.379574e-01
9.072933e-01
8.739423e-01
8.395121e-01
8.049317e-01
7.707224e-01
7.371837e-01
7.044980e-01
6.727700e-01
6.420108e-01
6.123397e-01
5.838074e-01
5.564806e-01
5.304271e-01
5.058711e-01
4.832432e-01
4.629937e-01
4.460673e-01
4.336587e-01
4.266758e-01
4.243358e-01
4.240814e-01
4.245375e-01
4.249542e-01
4.249566e-01
4.245876e-01
4.234735e-01
4.208131e-01
4.148917e-01
4.032955e-01
3.839702e-01
3.572730e-01
3.272331e-01
3.001287e-01
2.803253e-01
2.688449e-01
2.641741e-01
2.634527e-01
2.635710e-01
2.640446e-01
2.646085e-01
2.647331e-01
2.636216e-01
2.565989e-01
2.278881e-01
1.678638e-01
1.302049e-01
1.251036e-01
1.250004e-01
1.250000e-01
1.250000e-01
1.250000e-01
1.250000e-01
1.250000e-01
1.250000e-01
1.250000e-01
1.250000e-01
1.250000e-01
1.250000e-01
1.250000e-01
1.250000e-01
1.250000e-01
1.250000e-01
1.250000e-01
1.250000e-01
1.250000e-01
1.250000e-01
1.250000e-01
1.250000e-01
1.250000e-01
1.250000e-01
1.250000e-01
1.250000e-01
1.250000e-01
1.250000e-01
1.250000e-01
1.250000e-01
1.250000e-01
1.250000e-01
1.250000e-01
1.250000e-01
1.250000e-01
