1.000000e+00
1.000000e+00
1.000000e+00
1.000000e+00
1.000000e+00
1.000000e+00
1.000000e+00
1.000000e+00
1.000000e+00
1.000000e+00
1.000000e+00
1.000000e+00
1.000000e+00
1.000000e+00
1.000000e+00
1.000000e+00
1.000000e+00
1.000000e+00
1.000000e+00
1.000000e+00
1.000000e+00
1.000000e+00
1.000000e+00
1.000000e+00
1.000000e+00
1.000000e+00
1.000000e+00
1.000000e+00
1.000000e+00
1.000000e+00
1.000000e+00
1.000000e+00
1.000000e+00
1.000000e+00
1.000000e+00
1.000000e+00
1.000000e+00
1.000000e+00
1.000000e+00
1.000000e+00
1.000000e+00
1.000000e+00
1.000000e+00
9.999999e-01
9.999992e-01
9.999951e-01
9.999725e-01
9.998577e-01
9.993368e-01
9.973051e-01
9.908387e-01
9.749373e-01
9.455942e-01
9.040675e-01
8.555228e-01
8.043920e-01
7.531446e-01
7.031792e-01
6.551274e-01
6.093450e-01
5.663433e-01
5.264049e-01
4.907237e-01
4.607062e-01
4.387553e-01
4.266059e-01
4.227204e-01
4.222694e-01
4.213274e-01
4.165336e-01
4.042922e-01
3.820294e-01
3.503909e-01
3.161518e-01
2.883273e-01
2.717055e-01
2.652838e-01
2.632867e-01
2.617536e-01
2.559687e-01
2.297215e-01
1.702003e-01
1.307623e-01
1.251205e-01
1.250004e-01
1.250000e-01
1.250000e-01
1.250000e-01
1.250000e-01
1.250000e-01
1.250000e-01
1.250000e-01
1.250000e-01
1.250000e-01
1.250000e-01
1.250000e-01
1.250000e-01
1.250000e-01
1.250000e-01
1.250000e-01
1.250000e-01
1.250000e-01
1.250000e-01
1.250000e-01
1.250000e-01
1.250000e-01
1.250000e-01
1.250000e-01
1.250000e-01
1.250000e-01
1.250000e-01
1.250000e-01
1.250000e-01
1.250000e-01
1.250000e-01
1.250000e-01
1.250000e-01
1.250000e-01
1.250000e-01
1.250000e-01
1.250000e-01
1.250000e-01
1.250000e-01
1.250000e-01
1.250000e-01
1.250000e-01
1.250000e-01
1.250000e-01
