1.000000e+00
1.000000e+00
1.000000e+00
1.000000e+00
1.000000e+00
1.000000e+00
1.000000e+00
1.000000e+00
1.000000e+00
1.000000e+00
1.000000e+00
1.000000e+00
1.000000e+00
1.000000e+00
1.000000e+00
1.000000e+00
1.000000e+00
1.000000e+00
1.000000e+00
1.000000e+00
1.000000e+00
1.000000e+00
1.000000e+00
1.000000e+00
1.000000e+00
1.000000e+00
1.000000e+00
1.000000e+00
1.000000e+00
1.000000e+00
1.000000e+00
1.000000e+00
9.999999e-01
9.999995e-01
9.999977e-01
9.999895e-01
9.999547e-01
9.998184e-01
9.993371e-01
9.978470e-01
9.939411e-01
9.855390e-01
9.708918e-01
9.498617e-01
9.239734e-01
8.952214e-01
8.651075e-01
8.345281e-01
8.040188e-01
7.738825e-01
7.442969e-01
7.153833e-01
6.872053e-01
6.597984e-01
6.331707e-01
6.073985e-01
5.825080e-01
5.585357e-01
5.355070e-01
5.135535e-01
4.929003e-01
4.738388e-01
4.568205e-01
4.426550e-01
4.323652e-01
4.265623e-01
4.247631e-01
4.244603e-01
4.248335e-01
4.251861e-01
4.252252e-01
4.251341e-01
4.248961e-01
4.244209e-01
4.233075e-01
4.206212e-01
4.147819e-01
4.036933e-01
3.855509e-01
3.605394e-01
3.319039e-01
3.050779e-01
2.843492e-01
2.713661e-01
2.653843e-01
2.638553e-01
2.638061e-01
2.640044e-01
2.644446e-01
2.649255e-01
2.651437e-01
2.650343e-01
2.636950e-01
2.568760e-01
2.297029e-01
1.705179e-01
1.309597e-01
1.251306e-01
1.250005e-01
1.250000e-01
1.250000e-01
1.250000e-01
1.250000e-01
1.250000e-01
1.250000e-01
1.250000e-01
1.250000e-01
1.250000e-01
1.250000e-01
1.250000e-01
1.250000e-01
1.250000e-01
1.250000e-01
1.250000e-01
1.250000e-01
1.250000e-01
1.250000e-01
1.250000e-01
1.250000e-01
1.250000e-01
1.250000e-01
1.250000e-01
1.250000e-01
1.250000e-01
1.250000e-01
1.250000e-01
1.250000e-01
1.250000e-01
