1.000000e+00
1.000000e+00
1.000000e+00
1.000000e+00
1.000000e+00
1.000000e+00
1.000000e+00
1.000000e+00
1.000000e+00
1.000000e+00
1.000000e+00
1.000000e+00
1.000000e+00
1.000000e+00
1.000000e+00
1.000000e+00
1.000000e+00
1.000000e+00
1.000000e+00
1.000000e+00
1.000000e+00
1.000000e+00
1.000000e+00
1.000000e+00
1.000000e+00
1.000000e+00
1.000000e+00
1.000000e+00
1.000000e+00
1.000000e+00
1.000000e+00
1.000000e+00
1.000000e+00
1.000000e+00
1.000000e+00
1.000000e+00
1.000000e+00
1.000000e+00
9.999998e-01
9.999989e-01
9.999940e-01
9.999708e-01
9.998678e-01
9.994557e-01
9.980142e-01
9.937854e-01
9.838020e-01
9.652657e-01
9.378625e-01
9.040462e-01
8.668590e-01
8.283835e-01
7.898140e-01
7.517771e-01
7.146836e-01
6.787201e-01
6.439530e-01
6.105422e-01
5.785910e-01
5.481724e-01
5.195147e-01
4.930330e-01
4.693656e-01
4.495515e-01
4.350078e-01
4.266876e-01
4.237864e-01
4.237424e-01
4.243475e-01
4.246517e-01
4.242620e-01
4.224859e-01
4.181168e-01
4.089267e-01
3.921955e-01
3.669210e-01
3.361151e-01
3.064726e-01
2.840084e-01
2.702576e-01
2.641534e-01
2.632570e-01
2.634385e-01
2.639559e-01
2.641997e-01
2.628378e-01
2.535591e-01
2.174318e-01
1.564152e-01
1.277071e-01
1.250358e-01
1.250001e-01
1.250000e-01
1.250000e-01
1.250000e-01
1.250000e-01
1.250000e-01
1.250000e-01
1.250000e-01
1.250000e-01
1.250000e-01
1.250000e-01
1.250000e-01
1.250000e-01
1.250000e-01
1.250000e-01
1.250000e-01
1.250000e-01
1.250000e-01
1.250000e-01
1.250000e-01
1.250000e-01
1.250000e-01
1.250000e-01
1.250000e-01
1.250000e-01
1.250000e-01
1.250000e-01
1.250000e-01
1.250000e-01
1.250000e-01
1.250000e-01
1.250000e-01
1.250000e-01
1.250000e-01
1.250000e-01
1.250000e-01
1.250000e-01
