1.000000e+00
1.000000e+00
1.000000e+00
1.000000e+00
1.000000e+00
1.000000e+00
1.000000e+00
1.000000e+00
1.000000e+00
1.000000e+00
1.000000e+00
1.000000e+00
1.000000e+00
1.000000e+00
1.000000e+00
1.000000e+00
1.000000e+00
1.000000e+00
1.000000e+00
1.000000e+00
1.000000e+00
1.000000e+00
1.000000e+00
1.000000e+00
1.000000e+00
1.000000e+00
1.000000e+00
1.000000e+00
1.000000e+00
1.000000e+00
1.000000e+00
1.000000e+00
1.000000e+00
1.000000e+00
1.000000e+00
1.000000e+00
1.000000e+00
1.000000e+00
1.000000e+00
1.000000e+00
1.000000e+00
9.999999e-01
9.999996e-01
9.999977e-01
9.999875e-01
9.999356e-01
9.996968e-01
9.987287e-01
9.954133e-01
9.863038e-01
9.670342e-01
9.358334e-01
8.954732e-01
8.504033e-01
8.037581e-01
7.572520e-01
7.118592e-01
6.680516e-01
6.260177e-01
5.861468e-01
5.485855e-01
5.137836e-01
4.827198e-01
4.566384e-01
4.374635e-01
4.265151e-01
4.231212e-01
4.230902e-01
4.232894e-01
4.218122e-01
4.163015e-01
4.041705e-01
3.827961e-01
3.524920e-01
3.192665e-01
2.914483e-01
2.734382e-01
2.654239e-01
2.635097e-01
2.631559e-01
2.624133e-01
2.570348e-01
2.313073e-01
1.719404e-01
1.312512e-01
1.251385e-01
1.250005e-01
1.250000e-01
1.250000e-01
1.250000e-01
1.250000e-01
1.250000e-01
1.250000e-01
1.250000e-01
1.250000e-01
1.250000e-01
1.250000e-01
1.250000e-01
1.250000e-01
1.250000e-01
1.250000e-01
1.250000e-01
1.250000e-01
1.250000e-01
1.250000e-01
1.250000e-01
1.250000e-01
1.250000e-01
1.250000e-01
1.250000e-01
1.250000e-01
1.250000e-01
1.250000e-01
1.250000e-01
1.250000e-01
1.250000e-01
1.250000e-01
1.250000e-01
1.250000e-01
1.250000e-01
1.250000e-01
1.250000e-01
1.250000e-01
1.250000e-01
1.250000e-01
1.250000e-01
1.250000e-01
1.250000e-01
