1.000000e+00
1.000000e+00
1.000000e+00
1.000000e+00
1.000000e+00
1.000000e+00
1.000000e+00
1.000000e+00
1.000000e+00
1.000000e+00
1.000000e+00
1.000000e+00
1.000000e+00
1.000000e+00
1.000000e+00
1.000000e+00
1.000000e+00
1.000000e+00
1.000000e+00
1.000000e+00
1.000000e+00
1.000000e+00
1.000000e+00
1.000000e+00
1.000000e+00
1.000000e+00
1.000000e+00
1.000000e+00
1.000000e+00
1.000000e+00
1.000000e+00
1.000000e+00
1.000000e+00
1.000000e+00
1.000000e+00
1.000000e+00
1.000000e+00
1.000000e+00
1.000000e+00
1.000000e+00
9.999999e-01
9.999992e-01
9.999954e-01
9.999761e-01
9.998852e-01
9.994985e-01
9.980642e-01
9.936222e-01
9.826633e-01
9.617327e-01
9.304676e-01
8.919866e-01
8.499873e-01
8.068616e-01
7.639356e-01
7.219440e-01
6.812844e-01
6.421012e-01
6.046331e-01
5.690548e-01
5.354914e-01
5.044528e-01
4.767488e-01
4.535158e-01
4.364385e-01
4.265578e-01
4.233554e-01
4.234212e-01
4.239799e-01
4.237327e-01
4.214479e-01
4.153070e-01
4.028115e-01
3.813808e-01
3.516407e-01
3.193282e-01
2.922089e-01
2.743001e-01
2.654950e-01
2.633107e-01
2.633393e-01
2.635111e-01
2.627108e-01
2.555972e-01
2.245434e-01
1.635090e-01
1.291017e-01
1.250692e-01
1.250002e-01
1.250000e-01
1.250000e-01
1.250000e-01
1.250000e-01
1.250000e-01
1.250000e-01
1.250000e-01
1.250000e-01
1.250000e-01
1.250000e-01
1.250000e-01
1.250000e-01
1.250000e-01
1.250000e-01
1.250000e-01
1.250000e-01
1.250000e-01
1.250000e-01
1.250000e-01
1.250000e-01
1.250000e-01
1.250000e-01
1.250000e-01
1.250000e-01
1.250000e-01
1.250000e-01
1.250000e-01
1.250000e-01
1.250000e-01
1.250000e-01
1.250000e-01
1.250000e-01
1.250000e-01
1.250000e-01
1.250000e-01
1.250000e-01
1.250000e-01
1.250000e-01
1.250000e-01
