1.000000e+00
1.000000e+00
1.000000e+00
1.000000e+00
1.000000e+00
1.000000e+00
1.000000e+00
1.000000e+00
1.000000e+00
1.000000e+00
1.000000e+00
1.000000e+00
1.000000e+00
1.000000e+00
1.000000e+00
1.000000e+00
1.000000e+00
1.000000e+00
1.000000e+00
1.000000e+00
1.000000e+00
1.000000e+00
1.000000e+00
1.000000e+00
1.000000e+00
1.000000e+00
1.000000e+00
1.000000e+00
1.000000e+00
1.000000e+00
1.000000e+00
1.000000e+00
1.000000e+00
1.000000e+00
1.000000e+00
1.000000e+00
1.000000e+00
1.000000e+00
1.000000e+00
1.000000e+00
1.000000e+00
9.999999e-01
9.999994e-01
9.999965e-01
9.999809e-01
9.999043e-01
9.995642e-01
9.982446e-01
9.939675e-01
9.829597e-01
9.612171e-01
9.280672e-01
8.869367e-01
8.420144e-01
7.959904e-01
7.503147e-01
7.058393e-01
6.629430e-01
6.218005e-01
5.827794e-01
5.460042e-01
5.119487e-01
4.815487e-01
4.560326e-01
4.372695e-01
4.265141e-01
4.231665e-01
4.231685e-01
4.234655e-01
4.223064e-01
4.175552e-01
4.067533e-01
3.871561e-01
3.582810e-01
3.251006e-01
2.959759e-01
2.760912e-01
2.662766e-01
2.636201e-01
2.632442e-01
2.629333e-01
2.600932e-01
2.440359e-01
1.935753e-01
1.397334e-01
1.256261e-01
1.250039e-01
1.250000e-01
1.250000e-01
1.250000e-01
1.250000e-01
1.250000e-01
1.250000e-01
1.250000e-01
1.250000e-01
1.250000e-01
1.250000e-01
1.250000e-01
1.250000e-01
1.250000e-01
1.250000e-01
1.250000e-01
1.250000e-01
1.250000e-01
1.250000e-01
1.250000e-01
1.250000e-01
1.250000e-01
1.250000e-01
1.250000e-01
1.250000e-01
1.250000e-01
1.250000e-01
1.250000e-01
1.250000e-01
1.250000e-01
1.250000e-01
1.250000e-01
1.250000e-01
1.250000e-01
1.250000e-01
1.250000e-01
1.250000e-01
1.250000e-01
1.250000e-01
1.250000e-01
1.250000e-01
1.250000e-01
