1.000000e+00
1.000000e+00
1.000000e+00
1.000000e+00
1.000000e+00
1.000000e+00
1.000000e+00
1.000000e+00
1.000000e+00
1.000000e+00
1.000000e+00
1.000000e+00
1.000000e+00
1.000000e+00
1.000000e+00
1.000000e+00
1.000000e+00
1.000000e+00
1.000000e+00
1.000000e+00
1.000000e+00
1.000000e+00
1.000000e+00
1.000000e+00
1.000000e+00
1.000000e+00
1.000000e+00
1.000000e+00
1.000000e+00
1.000000e+00
1.000000e+00
1.000000e+00
9.999999e-01
9.999997e-01
9.999985e-01
9.999928e-01
9.999681e-01
9.998692e-01
9.995088e-01
9.983492e-01
9.951654e-01
9.879525e-01
9.747177e-01
9.548682e-01
9.296456e-01
9.010934e-01
8.708851e-01
8.400514e-01
8.092020e-01
7.786884e-01
7.487030e-01
7.193910e-01
6.908187e-01
6.630317e-01
6.360307e-01
6.099000e-01
5.846648e-01
5.603690e-01
5.370261e-01
5.147777e-01
4.938442e-01
4.745249e-01
4.572729e-01
4.429068e-01
4.324583e-01
4.265683e-01
4.247415e-01
4.244351e-01
4.248100e-01
4.251655e-01
4.252055e-01
4.251102e-01
4.248481e-01
4.243042e-01
4.230134e-01
4.199345e-01
4.133622e-01
4.011446e-01
3.816604e-01
3.556032e-01
3.267737e-01
3.007251e-01
2.813143e-01
2.697377e-01
2.648210e-01
2.637801e-01
2.637995e-01
2.640574e-01
2.645438e-01
2.649893e-01
2.651285e-01
2.648195e-01
2.624364e-01
2.512765e-01
2.120342e-01
1.521175e-01
1.270398e-01
1.250233e-01
1.250001e-01
1.250000e-01
1.250000e-01
1.250000e-01
1.250000e-01
1.250000e-01
1.250000e-01
1.250000e-01
1.250000e-01
1.250000e-01
1.250000e-01
1.250000e-01
1.250000e-01
1.250000e-01
1.250000e-01
1.250000e-01
1.250000e-01
1.250000e-01
1.250000e-01
1.250000e-01
1.250000e-01
1.250000e-01
1.250000e-01
1.250000e-01
1.250000e-01
1.250000e-01
1.250000e-01
1.250000e-01
1.250000e-01
1.250000e-01
