1.000000e+00
1.000000e+00
1.000000e+00
1.000000e+00
1.000000e+00
1.000000e+00
1.000000e+00
1.000000e+00
1.000000e+00
1.000000e+00
1.000000e+00
1.000000e+00
1.000000e+00
1.000000e+00
1.000000e+00
1.000000e+00
1.000000e+00
1.000000e+00
1.000000e+00
1.000000e+00
1.000000e+00
1.000000e+00
1.000000e+00
1.000000e+00
1.000000e+00
1.000000e+00
1.000000e+00
1.000000e+00
1.000000e+00
1.000000e+00
1.000000e+00
1.000000e+00
1.000000e+00
1.000000e+00
1.000000e+00
1.000000e+00
1.000000e+00
1.000000e+00
1.000000e+00
9.999999e-01
9.999994e-01
9.999969e-01
9.999839e-01
9.999225e-01
9.996584e-01
9.986571e-01
9.954386e-01
9.870641e-01
9.700190e-01
9.429086e-01
9.078504e-01
8.683986e-01
8.272127e-01
7.858163e-01
7.450117e-01
7.053040e-01
6.669182e-01
6.299340e-01
5.945978e-01
5.610228e-01
5.293462e-01
5.000614e-01
4.739201e-01
4.520091e-01
4.359127e-01
4.266092e-01
4.234929e-01
4.235427e-01
4.241641e-01
4.242134e-01
4.229080e-01
4.188427e-01
4.099913e-01
3.935083e-01
3.680295e-01
3.365367e-01
3.061832e-01
2.833028e-01
2.696482e-01
2.638979e-01
2.632551e-01
2.634610e-01
2.637700e-01
2.629835e-01
2.558932e-01
2.251904e-01
1.642586e-01
1.292783e-01
1.250743e-01
1.250002e-01
1.250000e-01
1.250000e-01
1.250000e-01
1.250000e-01
1.250000e-01
1.250000e-01
1.250000e-01
1.250000e-01
1.250000e-01
1.250000e-01
1.250000e-01
1.250000e-01
1.250000e-01
1.250000e-01
1.250000e-01
1.250000e-01
1.250000e-01
1.250000e-01
1.250000e-01
1.250000e-01
1.250000e-01
1.250000e-01
1.250000e-01
1.250000e-01
1.250000e-01
1.250000e-01
1.250000e-01
1.250000e-01
1.250000e-01
1.250000e-01
1.250000e-01
1.250000e-01
1.250000e-01
1.250000e-01
1.250000e-01
1.250000e-01
1.250000e-01
1.250000e-01
