1.000000e+00
1.000000e+00
1.000000e+00
1.000000e+00
1.000000e+00
1.000000e+00
1.000000e+00
1.000000e+00
1.000000e+00
1.000000e+00
1.000000e+00
1.000000e+00
1.000000e+00
1.000000e+00
1.000000e+00
1.000000e+00
1.000000e+00
1.000000e+00
1.000000e+00
1.000000e+00
1.000000e+00
1.000000e+00
1.000000e+00
1.000000e+00
1.000000e+00
1.000000e+00
1.000000e+00
1.000000e+00
1.000000e+00
1.000000e+00
1.000000e+00
1.000000e+00
1.000000e+00
1.000000e+00
1.000000e+00
1.000000e+00
1.000000e+00
1.000000e+00
1.000000e+00
1.000000e+00
9.999998e-01
9.999987e-01
9.999930e-01
9.999643e-01
9.998333e-01
9.992959e-01
9.973912e-01
9.918151e-01
9.789127e-01
9.557863e-01
9.230063e-01
8.840210e-01
8.422131e-01
7.996401e-01
7.574205e-01
7.162120e-01
6.763345e-01
6.379042e-01
6.011737e-01
5.662874e-01
5.333737e-01
5.029398e-01
4.757757e-01
4.529993e-01
4.362609e-01
4.265743e-01
4.233995e-01
4.234638e-01
4.240511e-01
4.239229e-01
4.220131e-01
4.166444e-01
4.054657e-01
3.857298e-01
3.572991e-01
3.249954e-01
2.966090e-01
2.770015e-01
2.665682e-01
2.633792e-01
2.633164e-01
2.635397e-01
2.633561e-01
2.594990e-01
2.393982e-01
1.843294e-01
1.355466e-01
1.253434e-01
1.250017e-01
1.250000e-01
1.250000e-01
1.250000e-01
1.250000e-01
1.250000e-01
1.250000e-01
1.250000e-01
1.250000e-01
1.250000e-01
1.250000e-01
1.250000e-01
1.250000e-01
1.250000e-01
1.250000e-01
1.250000e-01
1.250000e-01
1.250000e-01
1.250000e-01
1.250000e-01
1.250000e-01
1.250000e-01
1.250000e-01
1.250000e-01
1.250000e-01
1.250000e-01
1.250000e-01
1.250000e-01
1.250000e-01
1.250000e-01
1.250000e-01
1.250000e-01
1.250000e-01
1.250000e-01
1.250000e-01
1.250000e-01
1.250000e-01
1.250000e-01
1.250000e-01
1.250000e-01
