1.000000e+00
1.000000e+00
1.000000e+00
1.000000e+00
1.000000e+00
1.000000e+00
1.000000e+00
1.000000e+00
1.000000e+00
1.000000e+00
1.000000e+00
1.000000e+00
1.000000e+00
1.000000e+00
1.000000e+00
1.000000e+00
1.000000e+00
1.000000e+00
1.000000e+00
1.000000e+00
1.000000e+00
1.000000e+00
1.000000e+00
1.000000e+00
1.000000e+00
1.000000e+00
1.000000e+00
1.000000e+00
1.000000e+00
1.000000e+00
1.000000e+00
1.000000e+00
1.000000e+00
1.000000e+00
1.000000e+00
1.000000e+00
1.000000e+00
1.000000e+00
1.000000e+00
1.000000e+00
1.000000e+00
9.999998e-01
9.999988e-01
9.999932e-01
9.999645e-01
9.998299e-01
9.992647e-01
9.972194e-01
9.911425e-01
9.769880e-01
9.516792e-01
9.161346e-01
8.743079e-01
8.298154e-01
7.847889e-01
7.403597e-01
6.972105e-01
6.556214e-01
6.157643e-01
5.779572e-01
5.423071e-01
5.093174e-01
4.798671e-01
4.551569e-01
4.369858e-01
4.265208e-01
4.232302e-01
4.232678e-01
4.236807e-01
4.229091e-01
4.191403e-01
4.101247e-01
3.930854e-01
3.665714e-01
3.339892e-01
3.032711e-01
2.807462e-01
2.681600e-01
2.638785e-01
2.632973e-01
2.632644e-01
2.623729e-01
2.552247e-01
2.238479e-01
1.627497e-01
1.289285e-01
1.250644e-01
1.250002e-01
1.250000e-01
1.250000e-01
1.250000e-01
1.250000e-01
1.250000e-01
1.250000e-01
1.250000e-01
1.250000e-01
1.250000e-01
1.250000e-01
1.250000e-01
1.250000e-01
1.250000e-01
1.250000e-01
1.250000e-01
1.250000e-01
1.250000e-01
1.250000e-01
1.250000e-01
1.250000e-01
1.250000e-01
1.250000e-01
1.250000e-01
1.250000e-01
1.250000e-01
1.250000e-01
1.250000e-01
1.250000e-01
1.250000e-01
1.250000e-01
1.250000e-01
1.250000e-01
1.250000e-01
1.250000e-01
1.250000e-01
1.250000e-01
1.250000e-01
1.250000e-01
1.250000e-01
1.250000e-01
