1.000000e+00
1.000000e+00
1.000000e+00
1.000000e+00
1.000000e+00
1.000000e+00
1.000000e+00
1.000000e+00
1.000000e+00
1.000000e+00
1.000000e+00
1.000000e+00
1.000000e+00
1.000000e+00
1.000000e+00
1.000000e+00
1.000000e+00
1.000000e+00
1.000000e+00
1.000000e+00
1.000000e+00
1.000000e+00
1.000000e+00
1.000000e+00
1.000000e+00
1.000000e+00
1.000000e+00
1.000000e+00
1.000000e+00
1.000000e+00
1.000000e+00
1.000000e+00
1.000000e+00
1.000000e+00
1.000000e+00
1.000000e+00
1.000000e+00
1.000000e+00
1.000000e+00
9.999998e-01
9.999991e-01
9.999953e-01
9.999760e-01
9.998872e-01
9.995183e-01
9.981769e-01
9.940844e-01
9.840658e-01
9.649190e-01
9.360959e-01
9.002497e-01
8.607791e-01
8.199937e-01
7.792050e-01
7.391011e-01
7.001141e-01
6.624371e-01
6.261465e-01
5.914713e-01
5.585172e-01
5.274296e-01
4.986913e-01
4.730348e-01
4.515345e-01
4.357422e-01
4.266263e-01
4.235424e-01
4.235801e-01
4.242087e-01
4.243245e-01
4.232571e-01
4.197362e-01
4.118991e-01
3.969415e-01
3.730417e-01
3.423160e-01
3.113093e-01
2.868911e-01
2.716375e-01
2.644557e-01
2.632359e-01
2.634016e-01
2.637855e-01
2.636122e-01
2.597455e-01
2.398642e-01
1.851553e-01
1.359011e-01
1.253649e-01
1.250018e-01
1.250000e-01
1.250000e-01
1.250000e-01
1.250000e-01
1.250000e-01
1.250000e-01
1.250000e-01
1.250000e-01
1.250000e-01
1.250000e-01
1.250000e-01
1.250000e-01
1.250000e-01
1.250000e-01
1.250000e-01
1.250000e-01
1.250000e-01
1.250000e-01
1.250000e-01
1.250000e-01
1.250000e-01
1.250000e-01
1.250000e-01
1.250000e-01
1.250000e-01
1.250000e-01
1.250000e-01
1.250000e-01
1.250000e-01
1.250000e-01
1.250000e-01
1.250000e-01
1.250000e-01
1.250000e-01
1.250000e-01
1.250000e-01
1.250000e-01
1.250000e-01
