1.000000e+00
1.000000e+00
1.000000e+00
1.000000e+00
1.000000e+00
1.000000e+00
1.000000e+00
1.000000e+00
1.000000e+00
1.000000e+00
1.000000e+00
1.000000e+00
1.000000e+00
1.000000e+00
1.000000e+00
1.000000e+00
1.000000e+00
1.000000e+00
1.000000e+00
1.000000e+00
1.000000e+00
1.000000e+00
1.000000e+00
1.000000e+00
1.000000e+00
1.000000e+00
1.000000e+00
1.000000e+00
1.000000e+00
1.000000e+00
1.000000e+00
1.000000e+00
1.000000e+00
1.000000e+00
1.000000e+00
1.000000e+00
1.000000e+00
1.000000e+00
1.000000e+00
1.000000e+00
9.999997e-01
9.999984e-01
9.999913e-01
9.999565e-01
9.997998e-01
9.991691e-01
9.969857e-01
9.907755e-01
9.768607e-01
9.526791e-01
9.192368e-01
8.800727e-01
8.383935e-01
7.961075e-01
7.542422e-01
7.134168e-01
6.739214e-01
6.358601e-01
5.994878e-01
5.649383e-01
5.323415e-01
5.022022e-01
4.753008e-01
4.527465e-01
4.361730e-01
4.265829e-01
4.234222e-01
4.234841e-01
4.240828e-01
4.240056e-01
4.222643e-01
4.172503e-01
4.066916e-01
3.877895e-01
3.600616e-01
3.278633e-01
2.989101e-01
2.784658e-01
2.672218e-01
2.634512e-01
2.633014e-01
2.635311e-01
2.635376e-01
2.607858e-01
2.449995e-01
1.952849e-01
1.406489e-01
1.257021e-01
1.250046e-01
1.250000e-01
1.250000e-01
1.250000e-01
1.250000e-01
1.250000e-01
1.250000e-01
1.250000e-01
1.250000e-01
1.250000e-01
1.250000e-01
1.250000e-01
1.250000e-01
1.250000e-01
1.250000e-01
1.250000e-01
1.250000e-01
1.250000e-01
1.250000e-01
1.250000e-01
1.250000e-01
1.250000e-01
1.250000e-01
1.250000e-01
1.250000e-01
1.250000e-01
1.250000e-01
1.250000e-01
1.250000e-01
1.250000e-01
1.250000e-01
1.250000e-01
1.250000e-01
1.250000e-01
1.250000e-01
1.250000e-01
1.250000e-01
1.250000e-01
1.250000e-01
1.250000e-01
