1.000000e+00
1.000000e+00
1.000000e+00
1.000000e+00
1.000000e+00
1.000000e+00
1.000000e+00
1.000000e+00
1.000000e+00
1.000000e+00
1.000000e+00
1.000000e+00
1.000000e+00
1.000000e+00
1.000000e+00
1.000000e+00
1.000000e+00
1.000000e+00
1.000000e+00
1.000000e+00
1.000000e+00
1.000000e+00
1.000000e+00
1.000000e+00
1.000000e+00
1.000000e+00
1.000000e+00
1.000000e+00
1.000000e+00
1.000000e+00
1.000000e+00
1.000000e+00
1.000000e+00
1.000000e+00
1.000000e+00
1.000000e+00
1.000000e+00
1.000000e+00
1.000000e+00
1.000000e+00
1.000000e+00
1.000000e+00
1.000000e+00
9.999997e-01
9.999983e-01
9.999904e-01
9.999481e-01
9.997441e-01
9.988750e-01
9.957440e-01
9.867092e-01
9.667947e-01
9.336630e-01
8.902922e-01
8.417751e-01
7.916761e-01
7.419135e-01
6.936017e-01
6.471793e-01
6.030129e-01
5.614969e-01
5.229631e-01
4.885492e-01
4.596106e-01
4.384077e-01
4.265726e-01
4.228511e-01
4.225503e-01
4.220107e-01
4.183186e-01
4.081491e-01
3.887072e-01
3.593604e-01
3.251696e-01
2.951657e-01
2.752454e-01
2.663001e-01
2.637151e-01
2.626772e-01
2.602121e-01
2.475081e-01
2.025503e-01
1.448879e-01
1.260951e-01
1.250088e-01
1.250000e-01
1.250000e-01
1.250000e-01
1.250000e-01
1.250000e-01
1.250000e-01
1.250000e-01
1.250000e-01
1.250000e-01
1.250000e-01
1.250000e-01
1.250000e-01
1.250000e-01
1.250000e-01
1.250000e-01
1.250000e-01
1.250000e-01
1.250000e-01
1.250000e-01
1.250000e-01
1.250000e-01
1.250000e-01
1.250000e-01
1.250000e-01
1.250000e-01
1.250000e-01
1.250000e-01
1.250000e-01
1.250000e-01
1.250000e-01
1.250000e-01
1.250000e-01
1.250000e-01
1.250000e-01
1.250000e-01
1.250000e-01
1.250000e-01
1.250000e-01
1.250000e-01
1.250000e-01
1.250000e-01
1.250000e-01
1.250000e-01
