1.000000e+00
1.000000e+00
1.000000e+00
1.000000e+00
1.000000e+00
1.000000e+00
1.000000e+00
1.000000e+00
1.000000e+00
1.000000e+00
1.000000e+00
1.000000e+00
1.000000e+00
1.000000e+00
1.000000e+00
1.000000e+00
1.000000e+00
1.000000e+00
1.000000e+00
1.000000e+00
1.000000e+00
1.000000e+00
1.000000e+00
1.000000e+00
1.000000e+00
1.000000e+00
1.000000e+00
1.000000e+00
1.000000e+00
1.000000e+00
1.000000e+00
1.000000e+00
1.000000e+00
1.000000e+00
1.000000e+00
1.000000e+00
1.000000e+00
1.000000e+00
1.000000e+00
1.000000e+00
9.999999e-01
9.999996e-01
9.999976e-01
9.999871e-01
9.999355e-01
9.997046e-01
9.987908e-01
9.957243e-01
9.874084e-01
9.698842e-01
9.413537e-01
9.040510e-01
8.619708e-01
8.180956e-01
7.741111e-01
7.309142e-01
6.890359e-01
6.486825e-01
6.100506e-01
5.733885e-01
5.388085e-01
5.068215e-01
4.782692e-01
4.543186e-01
4.367093e-01
4.265363e-01
4.232920e-01
4.233504e-01
4.238487e-01
4.233751e-01
4.204211e-01
4.129534e-01
3.982930e-01
3.742944e-01
3.428976e-01
3.110850e-01
2.861411e-01
2.708422e-01
2.644310e-01
2.633010e-01
2.633453e-01
2.632465e-01
2.604761e-01
2.445525e-01
1.944462e-01
1.401904e-01
1.256634e-01
1.250042e-01
1.250000e-01
1.250000e-01
1.250000e-01
1.250000e-01
1.250000e-01
1.250000e-01
1.250000e-01
1.250000e-01
1.250000e-01
1.250000e-01
1.250000e-01
1.250000e-01
1.250000e-01
1.250000e-01
1.250000e-01
1.250000e-01
1.250000e-01
1.250000e-01
1.250000e-01
1.250000e-01
1.250000e-01
1.250000e-01
1.250000e-01
1.250000e-01
1.250000e-01
1.250000e-01
1.250000e-01
1.250000e-01
1.250000e-01
1.250000e-01
1.250000e-01
1.250000e-01
1.250000e-01
1.250000e-01
1.250000e-01
1.250000e-01
1.250000e-01
1.250000e-01
1.250000e-01
1.250000e-01
