1.000000e+00
1.000000e+00
1.000000e+00
1.000000e+00
1.000000e+00
1.000000e+00
1.000000e+00
1.000000e+00
1.000000e+00
1.000000e+00
1.000000e+00
1.000000e+00
1.000000e+00
1.000000e+00
1.000000e+00
1.000000e+00
1.000000e+00
1.000000e+00
1.000000e+00
1.000000e+00
1.000000e+00
1.000000e+00
1.000000e+00
1.000000e+00
1.000000e+00
1.000000e+00
1.000000e+00
1.000000e+00
1.000000e+00
1.000000e+00
1.000000e+00
1.000000e+00
1.000000e+00
1.000000e+00
1.000000e+00
9.999998e-01
9.999988e-01
9.999939e-01
9.999720e-01
9.998802e-01
9.995311e-01
9.983609e-01
9.950263e-01
9.872419e-01
9.726743e-01
9.506420e-01
9.226676e-01
8.911554e-01
8.580002e-01
8.243267e-01
7.907984e-01
7.577600e-01
7.254596e-01
6.940053e-01
6.634752e-01
6.338814e-01
6.053370e-01
5.778851e-01
5.515610e-01
5.264823e-01
5.028399e-01
4.810497e-01
4.615604e-01
4.452792e-01
4.333545e-01
4.266491e-01
4.244576e-01
4.241709e-01
4.245950e-01
4.250024e-01
4.250284e-01
4.247821e-01
4.240083e-01
4.221506e-01
4.178618e-01
4.089985e-01
3.932335e-01
3.696652e-01
3.406640e-01
3.117756e-01
2.884884e-01
2.733159e-01
2.658059e-01
2.636370e-01
2.635451e-01
2.637904e-01
2.643587e-01
2.648032e-01
2.647681e-01
2.631198e-01
2.540937e-01
2.198047e-01
1.589776e-01
1.282014e-01
1.250471e-01
1.250001e-01
1.250000e-01
1.250000e-01
1.250000e-01
1.250000e-01
1.250000e-01
1.250000e-01
1.250000e-01
1.250000e-01
1.250000e-01
1.250000e-01
1.250000e-01
1.250000e-01
1.250000e-01
1.250000e-01
1.250000e-01
1.250000e-01
1.250000e-01
1.250000e-01
1.250000e-01
1.250000e-01
1.250000e-01
1.250000e-01
1.250000e-01
1.250000e-01
1.250000e-01
1.250000e-01
1.250000e-01
1.250000e-01
1.250000e-01
1.250000e-01
1.250000e-01
1.250000e-01
