1.000000e+00
1.000000e+00
1.000000e+00
1.000000e+00
1.000000e+00
1.000000e+00
1.000000e+00
1.000000e+00
1.000000e+00
1.000000e+00
1.000000e+00
1.000000e+00
1.000000e+00
1.000000e+00
1.000000e+00
1.000000e+00
1.000000e+00
1.000000e+00
1.000000e+00
1.000000e+00
1.000000e+00
1.000000e+00
1.000000e+00
1.000000e+00
1.000000e+00
1.000000e+00
1.000000e+00
1.000000e+00
1.000000e+00
1.000000e+00
1.000000e+00
1.000000e+00
1.000000e+00
1.000000e+00
9.999999e-01
9.999996e-01
9.999981e-01
9.999911e-01
9.999597e-01
9.998317e-01
9.993603e-01
9.978417e-01
9.937187e-01
9.846045e-01
9.684488e-01
9.451182e-01
9.164616e-01
8.848012e-01
8.518157e-01
8.184842e-01
7.853818e-01
7.528071e-01
7.209816e-01
6.900007e-01
6.599267e-01
6.307801e-01
6.026644e-01
5.756251e-01
5.496815e-01
5.249739e-01
5.016818e-01
4.802106e-01
4.610108e-01
4.449765e-01
4.332383e-01
4.266379e-01
4.245015e-01
4.242059e-01
4.246195e-01
4.250208e-01
4.250528e-01
4.248414e-01
4.241707e-01
4.225649e-01
4.188127e-01
4.109002e-01
3.964806e-01
3.742702e-01
3.460035e-01
3.167365e-01
2.922279e-01
2.755444e-01
2.667721e-01
2.638268e-01
2.635551e-01
2.637304e-01
2.642349e-01
2.647615e-01
2.648853e-01
2.640624e-01
2.586937e-01
2.357307e-01
1.789226e-01
1.336123e-01
1.252437e-01
1.250011e-01
1.250000e-01
1.250000e-01
1.250000e-01
1.250000e-01
1.250000e-01
1.250000e-01
1.250000e-01
1.250000e-01
1.250000e-01
1.250000e-01
1.250000e-01
1.250000e-01
1.250000e-01
1.250000e-01
1.250000e-01
1.250000e-01
1.250000e-01
1.250000e-01
1.250000e-01
1.250000e-01
1.250000e-01
1.250000e-01
1.250000e-01
1.250000e-01
1.250000e-01
1.250000e-01
1.250000e-01
1.250000e-01
1.250000e-01
1.250000e-01
1.250000e-01
1.250000e-01
