1.000000e+00
1.000000e+00
1.000000e+00
1.000000e+00
1.000000e+00
1.000000e+00
1.000000e+00
1.000000e+00
1.000000e+00
1.000000e+00
1.000000e+00
1.000000e+00
1.000000e+00
1.000000e+00
1.000000e+00
1.000000e+00
1.000000e+00
1.000000e+00
1.000000e+00
1.000000e+00
1.000000e+00
1.000000e+00
1.000000e+00
1.000000e+00
1.000000e+00
1.000000e+00
1.000000e+00
1.000000e+00
1.000000e+00
1.000000e+00
1.000000e+00
1.000000e+00
1.000000e+00
1.000000e+00
1.000000e+00
1.000000e+00
1.000000e+00
1.000000e+00
9.999999e-01
9.999996e-01
9.999979e-01
9.999891e-01
9.999476e-01
9.997675e-01
9.990713e-01
9.967575e-01
9.904355e-01
9.767609e-01
9.535997e-01
9.220114e-01
8.851841e-01
8.459825e-01
8.061212e-01
7.665580e-01
7.278274e-01
6.902270e-01
6.538966e-01
6.189344e-01
5.855175e-01
5.537401e-01
5.237754e-01
4.960788e-01
4.713432e-01
4.506234e-01
4.354090e-01
4.266576e-01
4.236469e-01
4.236531e-01
4.242804e-01
4.244977e-01
4.238010e-01
4.211842e-01
4.150966e-01
4.029341e-01
3.822666e-01
3.536353e-01
3.220909e-01
2.949279e-01
2.764462e-01
2.663586e-01
2.633348e-01
2.633033e-01
2.636625e-01
2.640203e-01
2.631945e-01
2.561170e-01
2.257952e-01
1.650005e-01
1.294584e-01
1.250796e-01
1.250003e-01
1.250000e-01
1.250000e-01
1.250000e-01
1.250000e-01
1.250000e-01
1.250000e-01
1.250000e-01
1.250000e-01
1.250000e-01
1.250000e-01
1.250000e-01
1.250000e-01
1.250000e-01
1.250000e-01
1.250000e-01
1.250000e-01
1.250000e-01
1.250000e-01
1.250000e-01
1.250000e-01
1.250000e-01
1.250000e-01
1.250000e-01
1.250000e-01
1.250000e-01
1.250000e-01
1.250000e-01
1.250000e-01
1.250000e-01
1.250000e-01
1.250000e-01
1.250000e-01
1.250000e-01
1.250000e-01
1.250000e-01
1.250000e-01
1.250000e-01
