1.000000e+00
1.000000e+00
1.000000e+00
1.000000e+00
1.000000e+00
1.000000e+00
1.000000e+00
1.000000e+00
1.000000e+00
1.000000e+00
1.000000e+00
1.000000e+00
1.000000e+00
1.000000e+00
1.000000e+00
1.000000e+00
1.000000e+00
1.000000e+00
1.000000e+00
1.000000e+00
1.000000e+00
1.000000e+00
1.000000e+00
1.000000e+00
1.000000e+00
1.000000e+00
1.000000e+00
1.000000e+00
1.000000e+00
1.000000e+00
1.000000e+00
1.000000e+00
1.000000e+00
1.000000e+00
1.000000e+00
1.000000e+00
9.999998e-01
9.999990e-01
9.999950e-01
9.999764e-01
9.998958e-01
9.995796e-01
9.984848e-01
9.952606e-01
9.874982e-01
9.725973e-01
9.496695e-01
9.203049e-01
8.871392e-01
8.522542e-01
8.168752e-01
7.817151e-01
7.471449e-01
7.134240e-01
6.806725e-01
6.489316e-01
6.182961e-01
5.888457e-01
5.606589e-01
5.337761e-01
5.084474e-01
4.851025e-01
4.642058e-01
4.467324e-01
4.339172e-01
4.266932e-01
4.242275e-01
4.240089e-01
4.244957e-01
4.249110e-01
4.248817e-01
4.243663e-01
4.228707e-01
4.193514e-01
4.117867e-01
3.976470e-01
3.753959e-01
3.466552e-01
3.167243e-01
2.918028e-01
2.750498e-01
2.662942e-01
2.635585e-01
2.634297e-01
2.636920e-01
2.642971e-01
2.646547e-01
2.642331e-01
2.601937e-01
2.413035e-01
1.882742e-01
1.373401e-01
1.254591e-01
1.250025e-01
1.250000e-01
1.250000e-01
1.250000e-01
1.250000e-01
1.250000e-01
1.250000e-01
1.250000e-01
1.250000e-01
1.250000e-01
1.250000e-01
1.250000e-01
1.250000e-01
1.250000e-01
1.250000e-01
1.250000e-01
1.250000e-01
1.250000e-01
1.250000e-01
1.250000e-01
1.250000e-01
1.250000e-01
1.250000e-01
1.250000e-01
1.250000e-01
1.250000e-01
1.250000e-01
1.250000e-01
1.250000e-01
1.250000e-01
1.250000e-01
1.250000e-01
1.250000e-01
1.250000e-01
1.250000e-01
