1.000000e+00
1.000000e+00
1.000000e+00
1.000000e+00
1.000000e+00
1.000000e+00
1.000000e+00
1.000000e+00
1.000000e+00
1.000000e+00
1.000000e+00
1.000000e+00
1.000000e+00
1.000000e+00
1.000000e+00
1.000000e+00
1.000000e+00
1.000000e+00
1.000000e+00
1.000000e+00
1.000000e+00
1.000000e+00
1.000000e+00
1.000000e+00
1.000000e+00
1.000000e+00
1.000000e+00
1.000000e+00
1.000000e+00
1.000000e+00
1.000000e+00
1.000000e+00
1.000000e+00
9.999998e-01
9.999992e-01
9.999959e-01
9.999814e-01
9.999211e-01
9.996915e-01
9.989115e-01
9.966224e-01
9.910241e-01
9.799094e-01
9.620263e-01
9.380521e-01
9.099740e-01
8.797138e-01
8.485400e-01
8.171922e-01
7.861073e-01
7.555128e-01
7.255880e-01
6.964067e-01
6.680300e-01
6.404542e-01
6.137683e-01
5.879998e-01
5.632015e-01
5.393729e-01
5.166696e-01
4.953018e-01
4.755836e-01
4.579706e-01
4.432945e-01
4.326022e-01
4.265790e-01
4.247052e-01
4.243948e-01
4.247732e-01
4.251350e-01
4.251763e-01
4.250715e-01
4.247638e-01
4.240932e-01
4.224842e-01
4.187217e-01
4.109165e-01
3.968823e-01
3.753910e-01
3.479671e-01
3.191993e-01
2.945770e-01
2.772546e-01
2.677303e-01
2.642257e-01
2.637171e-01
2.638112e-01
2.641654e-01
2.646972e-01
2.650442e-01
2.650444e-01
2.641050e-01
2.587774e-01
2.364578e-01
1.803054e-01
1.341421e-01
1.252713e-01
1.250012e-01
1.250000e-01
1.250000e-01
1.250000e-01
1.250000e-01
1.250000e-01
1.250000e-01
1.250000e-01
1.250000e-01
1.250000e-01
1.250000e-01
1.250000e-01
1.250000e-01
1.250000e-01
1.250000e-01
1.250000e-01
1.250000e-01
1.250000e-01
1.250000e-01
1.250000e-01
1.250000e-01
1.250000e-01
1.250000e-01
1.250000e-01
1.250000e-01
1.250000e-01
1.250000e-01
1.250000e-01
1.250000e-01
1.250000e-01
1.250000e-01
