1.000000e+00
1.000000e+00
1.000000e+00
1.000000e+00
1.000000e+00
1.000000e+00
1.000000e+00
1.000000e+00
1.000000e+00
1.000000e+00
1.000000e+00
1.000000e+00
1.000000e+00
1.000000e+00
1.000000e+00
1.000000e+00
1.000000e+00
1.000000e+00
1.000000e+00
1.000000e+00
1.000000e+00
1.000000e+00
1.000000e+00
1.000000e+00
1.000000e+00
1.000000e+00
1.000000e+00
1.000000e+00
1.000000e+00
1.000000e+00
1.000000e+00
1.000000e+00
1.000000e+00
1.000000e+00
1.000000e+00
1.000000e+00
1.000000e+00
9.999998e-01
9.999990e-01
9.999951e-01
9.999761e-01
9.998926e-01
9.995592e-01
9.983873e-01
9.949003e-01
9.864663e-01
9.703058e-01
9.456164e-01
9.142945e-01
8.792113e-01
8.425243e-01
8.054847e-01
7.687935e-01
7.328479e-01
6.978777e-01
6.640076e-01
6.312688e-01
5.998201e-01
5.697396e-01
5.410590e-01
5.140532e-01
4.891281e-01
4.668267e-01
4.481662e-01
4.344761e-01
4.267066e-01
4.239930e-01
4.238659e-01
4.244195e-01
4.247987e-01
4.246462e-01
4.236394e-01
4.209612e-01
4.149702e-01
4.031045e-01
3.831333e-01
3.555105e-01
3.247172e-01
2.975722e-01
2.783995e-01
2.675787e-01
2.636434e-01
2.633286e-01
2.635736e-01
2.641605e-01
2.644400e-01
2.634766e-01
2.564131e-01
2.268938e-01
1.664570e-01
1.298282e-01
1.250911e-01
1.250003e-01
1.250000e-01
1.250000e-01
1.250000e-01
1.250000e-01
1.250000e-01
1.250000e-01
1.250000e-01
1.250000e-01
1.250000e-01
1.250000e-01
1.250000e-01
1.250000e-01
1.250000e-01
1.250000e-01
1.250000e-01
1.250000e-01
1.250000e-01
1.250000e-01
1.250000e-01
1.250000e-01
1.250000e-01
1.250000e-01
1.250000e-01
1.250000e-01
1.250000e-01
1.250000e-01
1.250000e-01
1.250000e-01
1.250000e-01
1.250000e-01
1.250000e-01
1.250000e-01
1.250000e-01
1.250000e-01
1.250000e-01
