1.000000e+00
1.000000e+00
1.000000e+00
1.000000e+00
1.000000e+00
1.000000e+00
1.000000e+00
1.000000e+00
1.000000e+00
1.000000e+00
1.000000e+00
1.000000e+00
1.000000e+00
1.000000e+00
1.000000e+00
1.000000e+00
1.000000e+00
1.000000e+00
1.000000e+00
1.000000e+00
1.000000e+00
1.000000e+00
1.000000e+00
1.000000e+00
1.000000e+00
1.000000e+00
1.000000e+00
1.000000e+00
1.000000e+00
1.000000e+00
1.000000e+00
1.000000e+00
1.000000e+00
1.000000e+00
1.000000e+00
1.000000e+00
1.000000e+00
9.999999e-01
9.999992e-01
9.999960e-01
9.999803e-01
9.999103e-01
9.996263e-01
9.986082e-01
9.955032e-01
9.877754e-01
9.725261e-01
9.486183e-01
9.177089e-01
8.827026e-01
8.458960e-01
8.086325e-01
7.716732e-01
7.354349e-01
7.001722e-01
6.660172e-01
6.329996e-01
6.012838e-01
5.709489e-01
5.420299e-01
5.148000e-01
4.896626e-01
4.671743e-01
4.483563e-01
4.345498e-01
4.267057e-01
4.239632e-01
4.238482e-01
4.244100e-01
4.247812e-01
4.246044e-01
4.235110e-01
4.206347e-01
4.142511e-01
4.017501e-01
3.810109e-01
3.528173e-01
3.220101e-01
2.954285e-01
2.770400e-01
2.669117e-01
2.635137e-01
2.633306e-01
2.636221e-01
2.642059e-01
2.643885e-01
2.629532e-01
2.537248e-01
2.180603e-01
1.570699e-01
1.278285e-01
1.250384e-01
1.250001e-01
1.250000e-01
1.250000e-01
1.250000e-01
1.250000e-01
1.250000e-01
1.250000e-01
1.250000e-01
1.250000e-01
1.250000e-01
1.250000e-01
1.250000e-01
1.250000e-01
1.250000e-01
1.250000e-01
1.250000e-01
1.250000e-01
1.250000e-01
1.250000e-01
1.250000e-01
1.250000e-01
1.250000e-01
1.250000e-01
1.250000e-01
1.250000e-01
1.250000e-01
1.250000e-01
1.250000e-01
1.250000e-01
1.250000e-01
1.250000e-01
1.250000e-01
1.250000e-01
1.250000e-01
1.250000e-01
1.250000e-01
