1.000000e+00
1.000000e+00
1.000000e+00
1.000000e+00
1.000000e+00
1.000000e+00
1.000000e+00
1.000000e+00
1.000000e+00
1.000000e+00
1.000000e+00
1.000000e+00
1.000000e+00
1.000000e+00
1.000000e+00
1.000000e+00
1.000000e+00
1.000000e+00
1.000000e+00
1.000000e+00
1.000000e+00
1.000000e+00
1.000000e+00
1.000000e+00
1.000000e+00
1.000000e+00
1.000000e+00
1.000000e+00
1.000000e+00
1.000000e+00
1.000000e+00
1.000000e+00
1.000000e+00
1.000000e+00
1.000000e+00
1.000000e+00
1.000000e+00
1.000000e+00
1.000000e+00
1.000000e+00
1.000000e+00
9.999999e-01
9.999995e-01
9.999972e-01
9.999845e-01
9.999214e-01
9.996360e-01
9.985038e-01
9.947305e-01
9.846948e-01
9.641845e-01
9.319750e-01
8.911961e-01
8.461840e-01
7.998438e-01
7.537523e-01
7.088218e-01
6.654737e-01
6.238891e-01
5.844472e-01
5.472830e-01
5.128577e-01
4.821291e-01
4.563333e-01
4.373660e-01
4.265140e-01
4.231442e-01
4.231308e-01
4.233811e-01
4.220694e-01
4.169496e-01
4.054970e-01
3.850168e-01
3.554094e-01
3.221706e-01
2.936763e-01
2.747174e-01
2.658140e-01
2.635622e-01
2.632077e-01
2.627161e-01
2.587721e-01
2.382839e-01
1.826120e-01
1.348468e-01
1.253031e-01
1.250014e-01
1.250000e-01
1.250000e-01
1.250000e-01
1.250000e-01
1.250000e-01
1.250000e-01
1.250000e-01
1.250000e-01
1.250000e-01
1.250000e-01
1.250000e-01
1.250000e-01
1.250000e-01
1.250000e-01
1.250000e-01
1.250000e-01
1.250000e-01
1.250000e-01
1.250000e-01
1.250000e-01
1.250000e-01
1.250000e-01
1.250000e-01
1.250000e-01
1.250000e-01
1.250000e-01
1.250000e-01
1.250000e-01
1.250000e-01
1.250000e-01
1.250000e-01
1.250000e-01
1.250000e-01
1.250000e-01
1.250000e-01
1.250000e-01
1.250000e-01
1.250000e-01
1.250000e-01
1.250000e-01
1.250000e-01
