1.000000e+00
1.000000e+00
1.000000e+00
1.000000e+00
1.000000e+00
1.000000e+00
1.000000e+00
1.000000e+00
1.000000e+00
1.000000e+00
1.000000e+00
1.000000e+00
1.000000e+00
1.000000e+00
1.000000e+00
1.000000e+00
1.000000e+00
1.000000e+00
1.000000e+00
1.000000e+00
1.000000e+00
1.000000e+00
1.000000e+00
1.000000e+00
1.000000e+00
1.000000e+00
1.000000e+00
1.000000e+00
1.000000e+00
1.000000e+00
1.000000e+00
1.000000e+00
1.000000e+00
1.000000e+00
9.999998e-01
9.999992e-01
9.999959e-01
9.999810e-01
9.999182e-01
9.996756e-01
9.988416e-01
9.963742e-01
9.903196e-01
9.783229e-01
9.591434e-01
9.336537e-01
9.040455e-01
8.723322e-01
8.397975e-01
8.071903e-01
7.749365e-01
7.432751e-01
7.123683e-01
6.822999e-01
6.531005e-01
6.248178e-01
5.975246e-01
5.712763e-01
5.460682e-01
5.220673e-01
4.994512e-01
4.785937e-01
4.599502e-01
4.443911e-01
4.330150e-01
4.266162e-01
4.245806e-01
4.242732e-01
4.246702e-01
4.250577e-01
4.250969e-01
4.249375e-01
4.244295e-01
4.232316e-01
4.203799e-01
4.141332e-01
4.022125e-01
3.827941e-01
3.564191e-01
3.270065e-01
3.004403e-01
2.808177e-01
2.693138e-01
2.645280e-01
2.636127e-01
2.636720e-01
2.640190e-01
2.645895e-01
2.649407e-01
2.648448e-01
2.631376e-01
2.541982e-01
2.203512e-01
1.595921e-01
1.283272e-01
1.250502e-01
1.250002e-01
1.250000e-01
1.250000e-01
1.250000e-01
1.250000e-01
1.250000e-01
1.250000e-01
1.250000e-01
1.250000e-01
1.250000e-01
1.250000e-01
1.250000e-01
1.250000e-01
1.250000e-01
1.250000e-01
1.250000e-01
1.250000e-01
1.250000e-01
1.250000e-01
1.250000e-01
1.250000e-01
1.250000e-01
1.250000e-01
1.250000e-01
1.250000e-01
1.250000e-01
1.250000e-01
1.250000e-01
1.250000e-01
1.250000e-01
1.250000e-01
1.250000e-01
