1.000000e+00
1.000000e+00
1.000000e+00
1.000000e+00
1.000000e+00
1.000000e+00
1.000000e+00
1.000000e+00
1.000000e+00
1.000000e+00
1.000000e+00
1.000000e+00
1.000000e+00
1.000000e+00
1.000000e+00
1.000000e+00
1.000000e+00
1.000000e+00
1.000000e+00
1.000000e+00
1.000000e+00
1.000000e+00
1.000000e+00
1.000000e+00
1.000000e+00
1.000000e+00
1.000000e+00
1.000000e+00
1.000000e+00
1.000000e+00
1.000000e+00
1.000000e+00
1.000000e+00
1.000000e+00
1.000000e+00
1.000000e+00
1.000000e+00
1.000000e+00
1.000000e+00
1.000000e+00
1.000000e+00
1.000000e+00
9.999999e-01
9.999996e-01
9.999974e-01
9.999851e-01
9.999217e-01
9.996270e-01
9.984257e-01
9.943343e-01
9.833003e-01
9.606728e-01
9.253721e-01
8.811852e-01
8.328971e-01
7.835538e-01
7.347823e-01
6.875310e-01
6.421414e-01
5.990037e-01
5.584273e-01
5.207815e-01
4.871683e-01
4.589117e-01
4.381859e-01
4.265533e-01
4.229244e-01
4.227043e-01
4.223822e-01
4.193114e-01
4.103714e-01
3.927253e-01
3.650631e-01
3.312812e-01
3.001191e-01
2.781627e-01
2.672607e-01
2.639710e-01
2.630029e-01
2.616114e-01
2.542416e-01
2.222660e-01
1.611938e-01
1.285936e-01
1.250556e-01
1.250002e-01
1.250000e-01
1.250000e-01
1.250000e-01
1.250000e-01
1.250000e-01
1.250000e-01
1.250000e-01
1.250000e-01
1.250000e-01
1.250000e-01
1.250000e-01
1.250000e-01
1.250000e-01
1.250000e-01
1.250000e-01
1.250000e-01
1.250000e-01
1.250000e-01
1.250000e-01
1.250000e-01
1.250000e-01
1.250000e-01
1.250000e-01
1.250000e-01
1.250000e-01
1.250000e-01
1.250000e-01
1.250000e-01
1.250000e-01
1.250000e-01
1.250000e-01
1.250000e-01
1.250000e-01
1.250000e-01
1.250000e-01
1.250000e-01
1.250000e-01
1.250000e-01
1.250000e-01
1.250000e-01
1.250000e-01
1.250000e-01
