1.000000e+00
1.000000e+00
1.000000e+00
1.000000e+00
1.000000e+00
1.000000e+00
1.000000e+00
1.000000e+00
1.000000e+00
1.000000e+00
1.000000e+00
1.000000e+00
1.000000e+00
1.000000e+00
1.000000e+00
1.000000e+00
1.000000e+00
1.000000e+00
1.000000e+00
1.000000e+00
1.000000e+00
1.000000e+00
1.000000e+00
1.000000e+00
1.000000e+00
1.000000e+00
1.000000e+00
1.000000e+00
1.000000e+00
1.000000e+00
1.000000e+00
1.000000e+00
1.000000e+00
1.000000e+00
1.000000e+00
9.999998e-01
9.999990e-01
9.999950e-01
9.999767e-01
9.998992e-01
9.995999e-01
9.985770e-01
9.955930e-01
9.884361e-01
9.746681e-01
9.533350e-01
9.257590e-01
8.943579e-01
8.611349e-01
8.272974e-01
7.935567e-01
7.602851e-01
7.277430e-01
6.960477e-01
6.652848e-01
6.354634e-01
6.067001e-01
5.790378e-01
5.525193e-01
5.272510e-01
5.034303e-01
4.814773e-01
4.618401e-01
4.454332e-01
4.334137e-01
4.266546e-01
4.244346e-01
4.241533e-01
4.245830e-01
4.249931e-01
4.250154e-01
4.247489e-01
4.239171e-01
4.219198e-01
4.173389e-01
4.079699e-01
3.915122e-01
3.672825e-01
3.379764e-01
3.093539e-01
2.867175e-01
2.722993e-01
2.653928e-01
2.635738e-01
2.635425e-01
2.638298e-01
2.644193e-01
2.648111e-01
2.646650e-01
2.624045e-01
2.508253e-01
2.102064e-01
1.505257e-01
1.268023e-01
1.250191e-01
1.250001e-01
1.250000e-01
1.250000e-01
1.250000e-01
1.250000e-01
1.250000e-01
1.250000e-01
1.250000e-01
1.250000e-01
1.250000e-01
1.250000e-01
1.250000e-01
1.250000e-01
1.250000e-01
1.250000e-01
1.250000e-01
1.250000e-01
1.250000e-01
1.250000e-01
1.250000e-01
1.250000e-01
1.250000e-01
1.250000e-01
1.250000e-01
1.250000e-01
1.250000e-01
1.250000e-01
1.250000e-01
1.250000e-01
1.250000e-01
1.250000e-01
1.250000e-01
1.250000e-01
