1.000000e+00
1.000000e+00
1.000000e+00
1.000000e+00
1.000000e+00
1.000000e+00
1.000000e+00
1.000000e+00
1.000000e+00
1.000000e+00
1.000000e+00
1.000000e+00
1.000000e+00
1.000000e+00
1.000000e+00
1.000000e+00
1.000000e+00
1.000000e+00
1.000000e+00
1.000000e+00
1.000000e+00
1.000000e+00
1.000000e+00
1.000000e+00
1.000000e+00
1.000000e+00
1.000000e+00
1.000000e+00
1.000000e+00
1.000000e+00
1.000000e+00
1.000000e+00
1.000000e+00
1.000000e+00
1.000000e+00
1.000000e+00
9.999999e-01
9.999995e-01
9.999973e-01
9.999867e-01
9.999391e-01
9.997439e-01
9.990283e-01
9.967684e-01
9.908616e-01
9.785004e-01
9.579359e-01
9.299862e-01
8.972421e-01
8.621448e-01
8.262162e-01
7.903419e-01
7.549817e-01
7.204524e-01
6.868943e-01
6.543850e-01
6.229864e-01
5.928140e-01
5.639456e-01
5.364109e-01
5.104756e-01
4.865619e-01
4.651566e-01
4.472530e-01
4.341202e-01
4.267022e-01
4.241414e-01
4.239549e-01
4.244665e-01
4.248738e-01
4.248101e-01
4.241468e-01
4.222827e-01
4.179659e-01
4.089514e-01
3.927184e-01
3.683312e-01
3.384486e-01
3.091786e-01
2.862474e-01
2.717921e-01
2.649327e-01
2.633863e-01
2.634348e-01
2.638557e-01
2.644361e-01
2.645440e-01
2.630337e-01
2.538633e-01
2.186623e-01
1.577160e-01
1.279517e-01
1.250412e-01
1.250001e-01
1.250000e-01
1.250000e-01
1.250000e-01
1.250000e-01
1.250000e-01
1.250000e-01
1.250000e-01
1.250000e-01
1.250000e-01
1.250000e-01
1.250000e-01
1.250000e-01
1.250000e-01
1.250000e-01
1.250000e-01
1.250000e-01
1.250000e-01
1.250000e-01
1.250000e-01
1.250000e-01
1.250000e-01
1.250000e-01
1.250000e-01
1.250000e-01
1.250000e-01
1.250000e-01
1.250000e-01
1.250000e-01
1.250000e-01
1.250000e-01
1.250000e-01
1.250000e-01
1.250000e-01
1.250000e-01
