1.000000e+00
1.000000e+00
1.000000e+00
1.000000e+00
1.000000e+00
1.000000e+00
1.000000e+00
1.000000e+00
1.000000e+00
1.000000e+00
1.000000e+00
1.000000e+00
1.000000e+00
1.000000e+00
1.000000e+00
1.000000e+00
1.000000e+00
1.000000e+00
1.000000e+00
1.000000e+00
1.000000e+00
1.000000e+00
1.000000e+00
1.000000e+00
1.000000e+00
1.000000e+00
1.000000e+00
1.000000e+00
1.000000e+00
1.000000e+00
1.000000e+00
1.000000e+00
1.000000e+00
1.000000e+00
1.000000e+00
1.000000e+00
1.000000e+00
1.000000e+00
1.000000e+00
1.000000e+00
1.000000e+00
9.999999e-01
9.999992e-01
9.999956e-01
9.999765e-01
9.998838e-01
9.994797e-01
9.979471e-01
9.931188e-01
9.810972e-01
9.581388e-01
9.241189e-01
8.826998e-01
8.378958e-01
7.921972e-01
7.469376e-01
7.029107e-01
6.604582e-01
6.197510e-01
5.811426e-01
5.447487e-01
5.110560e-01
4.809784e-01
4.557364e-01
4.371740e-01
4.265153e-01
4.231882e-01
4.232037e-01
4.235433e-01
4.225245e-01
4.181208e-01
4.079416e-01
3.892137e-01
3.611016e-01
3.280509e-01
2.983441e-01
2.775557e-01
2.668186e-01
2.636879e-01
2.632700e-01
2.630866e-01
2.610877e-01
2.486712e-01
2.043713e-01
1.460305e-01
1.262204e-01
1.250104e-01
1.250000e-01
1.250000e-01
1.250000e-01
1.250000e-01
1.250000e-01
1.250000e-01
1.250000e-01
1.250000e-01
1.250000e-01
1.250000e-01
1.250000e-01
1.250000e-01
1.250000e-01
1.250000e-01
1.250000e-01
1.250000e-01
1.250000e-01
1.250000e-01
1.250000e-01
1.250000e-01
1.250000e-01
1.250000e-01
1.250000e-01
1.250000e-01
1.250000e-01
1.250000e-01
1.250000e-01
1.250000e-01
1.250000e-01
1.250000e-01
1.250000e-01
1.250000e-01
1.250000e-01
1.250000e-01
1.250000e-01
1.250000e-01
1.250000e-01
1.250000e-01
1.250000e-01
1.250000e-01
1.250000e-01
