1.000000e+00
1.000000e+00
1.000000e+00
1.000000e+00
1.000000e+00
1.000000e+00
1.000000e+00
1.000000e+00
1.000000e+00
1.000000e+00
1.000000e+00
1.000000e+00
1.000000e+00
1.000000e+00
1.000000e+00
1.000000e+00
1.000000e+00
1.000000e+00
1.000000e+00
1.000000e+00
1.000000e+00
1.000000e+00
1.000000e+00
1.000000e+00
1.000000e+00
1.000000e+00
1.000000e+00
1.000000e+00
1.000000e+00
1.000000e+00
1.000000e+00
1.000000e+00
1.000000e+00
1.000000e+00
1.000000e+00
1.000000e+00
1.000000e+00
1.000000e+00
1.000000e+00
9.999999e-01
9.999996e-01
9.999975e-01
9.999869e-01
9.999359e-01
9.997134e-01
9.988524e-01
9.960141e-01
9.884035e-01
9.724111e-01
9.462328e-01
9.116530e-01
8.722592e-01
8.308929e-01
7.891962e-01
7.480389e-01
7.079636e-01
6.692142e-01
6.318759e-01
5.962004e-01
5.623065e-01
5.303282e-01
5.007633e-01
4.743731e-01
4.522515e-01
4.359989e-01
4.266004e-01
4.234689e-01
4.235235e-01
4.241391e-01
4.241502e-01
4.227105e-01
4.183475e-01
4.089521e-01
3.916785e-01
3.654306e-01
3.336395e-01
3.037005e-01
2.816172e-01
2.687631e-01
2.637034e-01
2.632700e-01
2.634885e-01
2.637296e-01
2.624648e-01
2.530881e-01
2.160779e-01
1.550894e-01
1.274725e-01
1.250309e-01
1.250001e-01
1.250000e-01
1.250000e-01
1.250000e-01
1.250000e-01
1.250000e-01
1.250000e-01
1.250000e-01
1.250000e-01
1.250000e-01
1.250000e-01
1.250000e-01
1.250000e-01
1.250000e-01
1.250000e-01
1.250000e-01
1.250000e-01
1.250000e-01
1.250000e-01
1.250000e-01
1.250000e-01
1.250000e-01
1.250000e-01
1.250000e-01
1.250000e-01
1.250000e-01
1.250000e-01
1.250000e-01
1.250000e-01
1.250000e-01
1.250000e-01
1.250000e-01
1.250000e-01
1.250000e-01
1.250000e-01
1.250000e-01
1.250000e-01
1.250000e-01
1.250000e-01
