1.000000e+00
1.000000e+00
1.000000e+00
1.000000e+00
1.000000e+00
1.000000e+00
1.000000e+00
1.000000e+00
1.000000e+00
1.000000e+00
1.000000e+00
1.000000e+00
1.000000e+00
1.000000e+00
1.000000e+00
1.000000e+00
1.000000e+00
1.000000e+00
1.000000e+00
1.000000e+00
1.000000e+00
1.000000e+00
1.000000e+00
1.000000e+00
1.000000e+00
1.000000e+00
1.000000e+00
1.000000e+00
1.000000e+00
1.000000e+00
1.000000e+00
1.000000e+00
1.000000e+00
1.000000e+00
9.999998e-01
9.999990e-01
9.999950e-01
9.999772e-01
9.999028e-01
9.996197e-01
9.986642e-01
9.958998e-01
9.892908e-01
9.765460e-01
9.566623e-01
9.307270e-01
9.009560e-01
8.692709e-01
8.368673e-01
8.044470e-01
7.724037e-01
7.409667e-01
7.102836e-01
6.804365e-01
6.514479e-01
6.233750e-01
5.962807e-01
5.702229e-01
5.451940e-01
5.213630e-01
4.989105e-01
4.782016e-01
4.596927e-01
4.442488e-01
4.329609e-01
4.266110e-01
4.245986e-01
4.242894e-01
4.246831e-01
4.250671e-01
4.251072e-01
4.249578e-01
4.244828e-01
4.233696e-01
4.207106e-01
4.148334e-01
4.034933e-01
3.847742e-01
3.589450e-01
3.296213e-01
3.026322e-01
2.823079e-01
2.700880e-01
2.647836e-01
2.636410e-01
2.636688e-01
2.639758e-01
2.645347e-01
2.649329e-01
2.649220e-01
2.636807e-01
2.567409e-01
2.288175e-01
1.692162e-01
1.305829e-01
1.251168e-01
1.250004e-01
1.250000e-01
1.250000e-01
1.250000e-01
1.250000e-01
1.250000e-01
1.250000e-01
1.250000e-01
1.250000e-01
1.250000e-01
1.250000e-01
1.250000e-01
1.250000e-01
1.250000e-01
1.250000e-01
1.250000e-01
1.250000e-01
1.250000e-01
1.250000e-01
1.250000e-01
1.250000e-01
1.250000e-01
1.250000e-01
1.250000e-01
1.250000e-01
1.250000e-01
1.250000e-01
1.250000e-01
1.250000e-01
1.250000e-01
1.250000e-01
1.250000e-01
