1.000000e+00
1.000000e+00
1.000000e+00
1.000000e+00
1.000000e+00
1.000000e+00
1.000000e+00
1.000000e+00
1.000000e+00
1.000000e+00
1.000000e+00
1.000000e+00
1.000000e+00
1.000000e+00
1.000000e+00
1.000000e+00
1.000000e+00
1.000000e+00
1.000000e+00
1.000000e+00
1.000000e+00
1.000000e+00
1.000000e+00
1.000000e+00
1.000000e+00
1.000000e+00
1.000000e+00
1.000000e+00
1.000000e+00
1.000000e+00
1.000000e+00
1.000000e+00
1.000000e+00
1.000000e+00
1.000000e+00
1.000000e+00
1.000000e+00
1.000000e+00
1.000000e+00
1.000000e+00
1.000000e+00
9.999997e-01
9.999985e-01
9.999916e-01
9.999566e-01
9.997950e-01
9.991295e-01
9.967798e-01
9.900048e-01
9.747432e-01
9.483138e-01
9.121142e-01
8.701595e-01
8.258550e-01
7.811724e-01
7.371563e-01
6.944367e-01
6.532673e-01
6.138252e-01
5.764071e-01
5.411198e-01
5.084708e-01
4.793255e-01
4.548734e-01
4.368929e-01
4.265251e-01
4.232509e-01
4.232969e-01
4.237414e-01
4.230781e-01
4.195985e-01
4.111246e-01
3.949003e-01
3.692128e-01
3.369657e-01
3.058219e-01
2.824665e-01
2.689644e-01
2.640187e-01
2.633015e-01
2.633095e-01
2.627682e-01
2.574577e-01
2.319804e-01
1.727774e-01
1.315022e-01
1.251483e-01
1.250006e-01
1.250000e-01
1.250000e-01
1.250000e-01
1.250000e-01
1.250000e-01
1.250000e-01
1.250000e-01
1.250000e-01
1.250000e-01
1.250000e-01
1.250000e-01
1.250000e-01
1.250000e-01
1.250000e-01
1.250000e-01
1.250000e-01
1.250000e-01
1.250000e-01
1.250000e-01
1.250000e-01
1.250000e-01
1.250000e-01
1.250000e-01
1.250000e-01
1.250000e-01
1.250000e-01
1.250000e-01
1.250000e-01
1.250000e-01
1.250000e-01
1.250000e-01
1.250000e-01
1.250000e-01
1.250000e-01
1.250000e-01
1.250000e-01
1.250000e-01
1.250000e-01
1.250000e-01
1.250000e-01
