1.000000e+00
1.000000e+00
1.000000e+00
1.000000e+00
1.000000e+00
1.000000e+00
1.000000e+00
1.000000e+00
1.000000e+00
1.000000e+00
1.000000e+00
1.000000e+00
1.000000e+00
1.000000e+00
1.000000e+00
1.000000e+00
1.000000e+00
1.000000e+00
1.000000e+00
1.000000e+00
1.000000e+00
1.000000e+00
1.000000e+00
1.000000e+00
1.000000e+00
1.000000e+00
1.000000e+00
1.000000e+00
1.000000e+00
1.000000e+00
9.999999e-01
9.999996e-01
9.999981e-01
9.999916e-01
9.999644e-01
9.998595e-01
9.994915e-01
9.983491e-01
9.953116e-01
9.886047e-01
9.765019e-01
9.584772e-01
9.355563e-01
9.094955e-01
8.817833e-01
8.533747e-01
8.248331e-01
7.964979e-01
7.685552e-01
7.411398e-01
7.143220e-01
6.881509e-01
6.626554e-01
6.378298e-01
6.137367e-01
5.903949e-01
5.678407e-01
5.460557e-01
5.251476e-01
5.052121e-01
4.864571e-01
4.691402e-01
4.537180e-01
4.409263e-01
4.317265e-01
4.265458e-01
4.248873e-01
4.246115e-01
4.249691e-01
4.253263e-01
4.253755e-01
4.252960e-01
4.251422e-01
4.249304e-01
4.245518e-01
4.236323e-01
4.214060e-01
4.165566e-01
4.072204e-01
3.915285e-01
3.689687e-01
3.416853e-01
3.142972e-01
2.915484e-01
2.758497e-01
2.673476e-01
2.643272e-01
2.639467e-01
2.640338e-01
2.643226e-01
2.647474e-01
2.651239e-01
2.652897e-01
2.652608e-01
2.646769e-01
2.615520e-01
2.479674e-01
2.036952e-01
1.460232e-01
1.262466e-01
1.250110e-01
1.250000e-01
1.250000e-01
1.250000e-01
1.250000e-01
1.250000e-01
1.250000e-01
1.250000e-01
1.250000e-01
1.250000e-01
1.250000e-01
1.250000e-01
1.250000e-01
1.250000e-01
1.250000e-01
1.250000e-01
1.250000e-01
1.250000e-01
1.250000e-01
1.250000e-01
1.250000e-01
1.250000e-01
1.250000e-01
1.250000e-01
1.250000e-01
1.250000e-01
1.250000e-01
1.250000e-01
