1.000000e+00
1.000000e+00
1.000000e+00
1.000000e+00
1.000000e+00
1.000000e+00
1.000000e+00
1.000000e+00
1.000000e+00
1.000000e+00
1.000000e+00
1.000000e+00
1.000000e+00
1.000000e+00
1.000000e+00
1.000000e+00
1.000000e+00
1.000000e+00
1.000000e+00
1.000000e+00
1.000000e+00
1.000000e+00
1.000000e+00
1.000000e+00
1.000000e+00
1.000000e+00
1.000000e+00
1.000000e+00
1.000000e+00
1.000000e+00
1.000000e+00
9.999998e-01
9.999990e-01
9.999952e-01
9.999789e-01
9.999139e-01
9.996759e-01
9.988969e-01
9.966886e-01
9.914424e-01
9.812393e-01
9.649970e-01
9.432596e-01
9.177063e-01
8.900266e-01
8.613787e-01
8.324451e-01
8.036379e-01
7.751935e-01
7.472513e-01
7.199126e-01
6.932278e-01
6.672349e-01
6.419231e-01
6.173601e-01
5.935666e-01
5.705798e-01
5.483838e-01
5.270843e-01
5.067714e-01
4.876623e-01
4.700216e-01
4.543008e-01
4.412505e-01
4.318469e-01
4.265458e-01
4.248651e-01
4.245856e-01
4.249479e-01
4.253019e-01
4.253464e-01
4.252644e-01
4.251024e-01
4.248624e-01
4.243978e-01
4.232538e-01
4.205287e-01
4.147344e-01
4.038978e-01
3.863093e-01
3.620723e-01
3.340974e-01
3.074564e-01
2.864057e-01
2.727351e-01
2.660090e-01
2.640546e-01
2.639299e-01
2.640703e-01
2.644215e-01
2.648659e-01
2.651879e-01
2.652765e-01
2.650935e-01
2.636920e-01
2.570227e-01
2.305568e-01
1.717756e-01
1.313353e-01
1.251451e-01
1.250006e-01
1.250000e-01
1.250000e-01
1.250000e-01
1.250000e-01
1.250000e-01
1.250000e-01
1.250000e-01
1.250000e-01
1.250000e-01
1.250000e-01
1.250000e-01
1.250000e-01
1.250000e-01
1.250000e-01
1.250000e-01
1.250000e-01
1.250000e-01
1.250000e-01
1.250000e-01
1.250000e-01
1.250000e-01
1.250000e-01
1.250000e-01
1.250000e-01
1.250000e-01
1.250000e-01
1.250000e-01
