1.000000e+00
1.000000e+00
1.000000e+00
1.000000e+00
1.000000e+00
1.000000e+00
1.000000e+00
1.000000e+00
1.000000e+00
1.000000e+00
1.000000e+00
1.000000e+00
1.000000e+00
1.000000e+00
1.000000e+00
1.000000e+00
1.000000e+00
1.000000e+00
1.000000e+00
1.000000e+00
1.000000e+00
1.000000e+00
1.000000e+00
1.000000e+00
1.000000e+00
1.000000e+00
1.000000e+00
1.000000e+00
1.000000e+00
1.000000e+00
9.999999e-01
9.999997e-01
9.999985e-01
9.999930e-01
9.999701e-01
9.998805e-01
9.995615e-01
9.985535e-01
9.958142e-01
9.896153e-01
9.781489e-01
9.606985e-01
9.381430e-01
9.122290e-01
8.845149e-01
8.560205e-01
8.273459e-01
7.988530e-01
7.707441e-01
7.431544e-01
7.161646e-01
6.898241e-01
6.641649e-01
6.391789e-01
6.149309e-01
5.914403e-01
5.687439e-01
5.468231e-01
5.257861e-01
5.057263e-01
4.868545e-01
4.694310e-01
4.539103e-01
4.410333e-01
4.317662e-01
4.265457e-01
4.248800e-01
4.246031e-01
4.249623e-01
4.253184e-01
4.253660e-01
4.252855e-01
4.251292e-01
4.249089e-01
4.245040e-01
4.235150e-01
4.211325e-01
4.159835e-01
4.061639e-01
3.898466e-01
3.667126e-01
3.391599e-01
3.119802e-01
2.897771e-01
2.747511e-01
2.668539e-01
2.642167e-01
2.639399e-01
2.640439e-01
2.643537e-01
2.647869e-01
2.651484e-01
2.652883e-01
2.652218e-01
2.644316e-01
2.603958e-01
2.432742e-01
1.930691e-01
1.397851e-01
1.256444e-01
1.250042e-01
1.250000e-01
1.250000e-01
1.250000e-01
1.250000e-01
1.250000e-01
1.250000e-01
1.250000e-01
1.250000e-01
1.250000e-01
1.250000e-01
1.250000e-01
1.250000e-01
1.250000e-01
1.250000e-01
1.250000e-01
1.250000e-01
1.250000e-01
1.250000e-01
1.250000e-01
1.250000e-01
1.250000e-01
1.250000e-01
1.250000e-01
1.250000e-01
1.250000e-01
1.250000e-01
1.250000e-01
