1.000000e+00
1.000000e+00
1.000000e+00
1.000000e+00
1.000000e+00
1.000000e+00
1.000000e+00
1.000000e+00
1.000000e+00
1.000000e+00
1.000000e+00
1.000000e+00
1.000000e+00
1.000000e+00
1.000000e+00
1.000000e+00
1.000000e+00
1.000000e+00
1.000000e+00
1.000000e+00
1.000000e+00
1.000000e+00
1.000000e+00
1.000000e+00
1.000000e+00
1.000000e+00
1.000000e+00
1.000000e+00
1.000000e+00
1.000000e+00
1.000000e+00
1.000000e+00
1.000000e+00
9.999999e-01
9.999993e-01
9.999966e-01
9.999845e-01
9.999336e-01
9.997369e-01
9.990570e-01
9.970188e-01
9.919075e-01
9.814865e-01
9.643023e-01
9.408132e-01
9.129458e-01
8.826974e-01
8.514235e-01
8.199140e-01
7.886376e-01
7.578382e-01
7.277046e-01
6.983156e-01
6.697370e-01
6.419656e-01
6.150898e-01
5.891390e-01
5.641685e-01
5.401741e-01
5.173156e-01
4.957992e-01
4.759446e-01
4.582084e-01
4.434265e-01
4.326514e-01
4.265830e-01
4.246919e-01
4.243807e-01
4.247605e-01
4.251250e-01
4.251665e-01
4.250576e-01
4.247317e-01
4.240116e-01
4.222809e-01
4.182631e-01
4.100100e-01
3.953401e-01
3.731906e-01
3.453746e-01
3.167228e-01
2.926383e-01
2.760351e-01
2.671695e-01
2.640832e-01
2.637042e-01
2.638219e-01
2.642095e-01
2.647457e-01
2.650507e-01
2.649860e-01
2.636915e-01
2.568079e-01
2.292645e-01
1.698733e-01
1.307714e-01
1.251236e-01
1.250004e-01
1.250000e-01
1.250000e-01
1.250000e-01
1.250000e-01
1.250000e-01
1.250000e-01
1.250000e-01
1.250000e-01
1.250000e-01
1.250000e-01
1.250000e-01
1.250000e-01
1.250000e-01
1.250000e-01
1.250000e-01
1.250000e-01
1.250000e-01
1.250000e-01
1.250000e-01
1.250000e-01
1.250000e-01
1.250000e-01
1.250000e-01
1.250000e-01
1.250000e-01
1.250000e-01
1.250000e-01
1.250000e-01
1.250000e-01
1.250000e-01
