1.000000e+00
1.000000e+00
1.000000e+00
1.000000e+00
1.000000e+00
1.000000e+00
1.000000e+00
1.000000e+00
1.000000e+00
1.000000e+00
1.000000e+00
1.000000e+00
1.000000e+00
1.000000e+00
1.000000e+00
1.000000e+00
1.000000e+00
1.000000e+00
1.000000e+00
1.000000e+00
1.000000e+00
1.000000e+00
1.000000e+00
1.000000e+00
1.000000e+00
1.000000e+00
1.000000e+00
1.000000e+00
1.000000e+00
1.000000e+00
1.000000e+00
1.000000e+00
1.000000e+00
1.000000e+00
1.000000e+00
1.000000e+00
1.000000e+00
1.000000e+00
1.000000e+00
1.000000e+00
1.000000e+00
1.000000e+00
9.999999e-01
9.999991e-01
9.999948e-01
9.999716e-01
9.998579e-01
9.993576e-01
9.974585e-01
9.915398e-01
9.771499e-01
9.505883e-01
9.126381e-01
8.677496e-01
8.200353e-01
7.718866e-01
7.245861e-01
6.788614e-01
6.349562e-01
5.932794e-01
5.540465e-01
5.176663e-01
4.851919e-01
4.579065e-01
4.378669e-01
4.265307e-01
4.230182e-01
4.228947e-01
4.228361e-01
4.205499e-01
4.132374e-01
3.981142e-01
3.731143e-01
3.404764e-01
3.080231e-01
2.833187e-01
2.693200e-01
2.644134e-01
2.632858e-01
2.626528e-01
2.596498e-01
2.434383e-01
1.926662e-01
1.392779e-01
1.255903e-01
1.250036e-01
1.250000e-01
1.250000e-01
1.250000e-01
1.250000e-01
1.250000e-01
1.250000e-01
1.250000e-01
1.250000e-01
1.250000e-01
1.250000e-01
1.250000e-01
1.250000e-01
1.250000e-01
1.250000e-01
1.250000e-01
1.250000e-01
1.250000e-01
1.250000e-01
1.250000e-01
1.250000e-01
1.250000e-01
1.250000e-01
1.250000e-01
1.250000e-01
1.250000e-01
1.250000e-01
1.250000e-01
1.250000e-01
1.250000e-01
1.250000e-01
1.250000e-01
1.250000e-01
1.250000e-01
1.250000e-01
1.250000e-01
1.250000e-01
1.250000e-01
1.250000e-01
1.250000e-01
1.250000e-01
1.250000e-01
1.250000e-01
