1.000000e+00
1.000000e+00
1.000000e+00
1.000000e+00
1.000000e+00
1.000000e+00
1.000000e+00
1.000000e+00
1.000000e+00
1.000000e+00
1.000000e+00
1.000000e+00
1.000000e+00
1.000000e+00
1.000000e+00
1.000000e+00
1.000000e+00
1.000000e+00
1.000000e+00
1.000000e+00
1.000000e+00
1.000000e+00
1.000000e+00
1.000000e+00
1.000000e+00
1.000000e+00
1.000000e+00
1.000000e+00
1.000000e+00
1.000000e+00
1.000000e+00
1.000000e+00
1.000000e+00
1.000000e+00
1.000000e+00
1.000000e+00
1.000000e+00
1.000000e+00
1.000000e+00
1.000000e+00
1.000000e+00
1.000000e+00
9.999998e-01
9.999989e-01
9.999935e-01
9.999651e-01
9.998276e-01
9.992346e-01
9.970388e-01
9.904029e-01
9.748219e-01
9.470209e-01
9.083512e-01
8.633466e-01
8.158721e-01
7.681313e-01
7.213144e-01
6.760815e-01
6.326555e-01
5.914444e-01
5.526421e-01
5.166677e-01
4.845570e-01
4.575820e-01
4.377639e-01
4.265251e-01
4.230459e-01
4.229492e-01
4.229638e-01
4.209037e-01
4.140792e-01
3.997453e-01
3.756521e-01
3.435203e-01
3.107671e-01
2.852260e-01
2.701979e-01
2.646026e-01
2.633510e-01
2.628408e-01
2.606676e-01
2.481344e-01
2.034882e-01
1.454599e-01
1.261566e-01
1.250096e-01
1.250000e-01
1.250000e-01
1.250000e-01
1.250000e-01
1.250000e-01
1.250000e-01
1.250000e-01
1.250000e-01
1.250000e-01
1.250000e-01
1.250000e-01
1.250000e-01
1.250000e-01
1.250000e-01
1.250000e-01
1.250000e-01
1.250000e-01
1.250000e-01
1.250000e-01
1.250000e-01
1.250000e-01
1.250000e-01
1.250000e-01
1.250000e-01
1.250000e-01
1.250000e-01
1.250000e-01
1.250000e-01
1.250000e-01
1.250000e-01
1.250000e-01
1.250000e-01
1.250000e-01
1.250000e-01
1.250000e-01
1.250000e-01
1.250000e-01
1.250000e-01
1.250000e-01
1.250000e-01
1.250000e-01
1.250000e-01
