1.000000e+00
1.000000e+00
1.000000e+00
1.000000e+00
1.000000e+00
1.000000e+00
1.000000e+00
1.000000e+00
1.000000e+00
1.000000e+00
1.000000e+00
1.000000e+00
1.000000e+00
1.000000e+00
1.000000e+00
1.000000e+00
1.000000e+00
1.000000e+00
1.000000e+00
1.000000e+00
1.000000e+00
1.000000e+00
1.000000e+00
1.000000e+00
1.000000e+00
1.000000e+00
1.000000e+00
1.000000e+00
1.000000e+00
1.000000e+00
1.000000e+00
1.000000e+00
1.000000e+00
1.000000e+00
1.000000e+00
1.000000e+00
1.000000e+00
1.000000e+00
9.999998e-01
9.999991e-01
9.999951e-01
9.999760e-01
9.998897e-01
9.995386e-01
9.982847e-01
9.945093e-01
9.853273e-01
9.677599e-01
9.411159e-01
9.076437e-01
8.704676e-01
8.318209e-01
7.929865e-01
7.546449e-01
7.172327e-01
6.809508e-01
6.458795e-01
6.121690e-01
5.799331e-01
5.492522e-01
5.203413e-01
4.936238e-01
4.697495e-01
4.497602e-01
4.350866e-01
4.266826e-01
4.237578e-01
4.237247e-01
4.243355e-01
4.246250e-01
4.241853e-01
4.222634e-01
4.175885e-01
4.078511e-01
3.903548e-01
3.643635e-01
3.332905e-01
3.040445e-01
2.823547e-01
2.693483e-01
2.638964e-01
2.632581e-01
2.634782e-01
2.639944e-01
2.641229e-01
2.621315e-01
2.500878e-01
2.075105e-01
1.483012e-01
1.264972e-01
1.250143e-01
1.250000e-01
1.250000e-01
1.250000e-01
1.250000e-01
1.250000e-01
1.250000e-01
1.250000e-01
1.250000e-01
1.250000e-01
1.250000e-01
1.250000e-01
1.250000e-01
1.250000e-01
1.250000e-01
1.250000e-01
1.250000e-01
1.250000e-01
1.250000e-01
1.250000e-01
1.250000e-01
1.250000e-01
1.250000e-01
1.250000e-01
1.250000e-01
1.250000e-01
1.250000e-01
1.250000e-01
1.250000e-01
1.250000e-01
1.250000e-01
1.250000e-01
1.250000e-01
1.250000e-01
1.250000e-01
1.250000e-01
1.250000e-01
1.250000e-01
