1.000000e+00
1.000000e+00
1.000000e+00
1.000000e+00
1.000000e+00
1.000000e+00
1.000000e+00
1.000000e+00
1.000000e+00
1.000000e+00
1.000000e+00
1.000000e+00
1.000000e+00
1.000000e+00
1.000000e+00
1.000000e+00
1.000000e+00
1.000000e+00
1.000000e+00
1.000000e+00
1.000000e+00
1.000000e+00
1.000000e+00
1.000000e+00
1.000000e+00
1.000000e+00
1.000000e+00
1.000000e+00
1.000000e+00
1.000000e+00
1.000000e+00
1.000000e+00
1.000000e+00
1.000000e+00
9.999999e-01
9.999994e-01
9.999972e-01
9.999869e-01
9.999424e-01
9.997654e-01
9.991351e-01
9.971876e-01
9.921575e-01
9.816309e-01
9.639283e-01
9.394432e-01
9.102467e-01
8.785237e-01
8.457474e-01
8.127726e-01
7.800956e-01
7.479803e-01
7.166191e-01
6.861001e-01
6.564696e-01
6.277600e-01
6.000611e-01
5.734231e-01
5.478510e-01
5.235025e-01
5.005527e-01
4.793922e-01
4.604742e-01
4.446805e-01
4.331252e-01
4.266270e-01
4.245424e-01
4.242400e-01
4.246446e-01
4.250392e-01
4.250755e-01
4.248927e-01
4.243100e-01
4.229228e-01
4.196480e-01
4.126068e-01
3.994708e-01
3.786507e-01
3.512661e-01
3.218251e-01
2.962179e-01
2.780433e-01
2.679359e-01
2.641179e-01
2.635751e-01
2.636917e-01
2.641191e-01
2.646879e-01
2.649327e-01
2.645778e-01
2.614852e-01
2.469300e-01
2.005013e-01
1.438554e-01
1.260075e-01
1.250079e-01
1.250000e-01
1.250000e-01
1.250000e-01
1.250000e-01
1.250000e-01
1.250000e-01
1.250000e-01
1.250000e-01
1.250000e-01
1.250000e-01
1.250000e-01
1.250000e-01
1.250000e-01
1.250000e-01
1.250000e-01
1.250000e-01
1.250000e-01
1.250000e-01
1.250000e-01
1.250000e-01
1.250000e-01
1.250000e-01
1.250000e-01
1.250000e-01
1.250000e-01
1.250000e-01
1.250000e-01
1.250000e-01
1.250000e-01
1.250000e-01
1.250000e-01
1.250000e-01
