1.000000e+00
1.000000e+00
1.000000e+00
1.000000e+00
1.000000e+00
1.000000e+00
1.000000e+00
1.000000e+00
1.000000e+00
1.000000e+00
1.000000e+00
1.000000e+00
1.000000e+00
1.000000e+00
1.000000e+00
1.000000e+00
1.000000e+00
1.000000e+00
1.000000e+00
1.000000e+00
1.000000e+00
1.000000e+00
1.000000e+00
1.000000e+00
1.000000e+00
1.000000e+00
1.000000e+00
1.000000e+00
1.000000e+00
1.000000e+00
1.000000e+00
1.000000e+00
1.000000e+00
1.000000e+00
1.000000e+00
1.000000e+00
1.000000e+00
1.000000e+00
1.000000e+00
1.000000e+00
1.000000e+00
1.000000e+00
1.000000e+00
9.999998e-01
9.999990e-01
9.999939e-01
9.999659e-01
9.998264e-01
9.992065e-01
9.968501e-01
9.895876e-01
9.723688e-01
9.416989e-01
8.994699e-01
8.508848e-01
8.000816e-01
7.493273e-01
6.999219e-01
6.524239e-01
6.071900e-01
5.646943e-01
5.252342e-01
4.899845e-01
4.603344e-01
4.386374e-01
4.265943e-01
4.227671e-01
4.223705e-01
4.215737e-01
4.171712e-01
4.056513e-01
3.843423e-01
3.534292e-01
3.191294e-01
2.905198e-01
2.727732e-01
2.655809e-01
2.634423e-01
2.621420e-01
2.577744e-01
2.368527e-01
1.807764e-01
1.341604e-01
1.252664e-01
1.250012e-01
1.250000e-01
1.250000e-01
1.250000e-01
1.250000e-01
1.250000e-01
1.250000e-01
1.250000e-01
1.250000e-01
1.250000e-01
1.250000e-01
1.250000e-01
1.250000e-01
1.250000e-01
1.250000e-01
1.250000e-01
1.250000e-01
1.250000e-01
1.250000e-01
1.250000e-01
1.250000e-01
1.250000e-01
1.250000e-01
1.250000e-01
1.250000e-01
1.250000e-01
1.250000e-01
1.250000e-01
1.250000e-01
1.250000e-01
1.250000e-01
1.250000e-01
1.250000e-01
1.250000e-01
1.250000e-01
1.250000e-01
1.250000e-01
1.250000e-01
1.250000e-01
1.250000e-01
1.250000e-01
1.250000e-01
1.250000e-01
1.250000e-01
