1.000000e+00
1.000000e+00
1.000000e+00
1.000000e+00
1.000000e+00
1.000000e+00
1.000000e+00
1.000000e+00
1.000000e+00
1.000000e+00
1.000000e+00
1.000000e+00
1.000000e+00
1.000000e+00
1.000000e+00
1.000000e+00
1.000000e+00
1.000000e+00
1.000000e+00
1.000000e+00
1.000000e+00
1.000000e+00
1.000000e+00
1.000000e+00
1.000000e+00
1.000000e+00
1.000000e+00
1.000000e+00
1.000000e+00
1.000000e+00
1.000000e+00
1.000000e+00
1.000000e+00
1.000000e+00
1.000000e+00
1.000000e+00
1.000000e+00
9.999999e-01
9.999994e-01
9.999967e-01
9.999838e-01
9.999252e-01
9.996839e-01
9.988020e-01
9.960467e-01
9.889924e-01
9.746529e-01
9.515651e-01
9.211156e-01
8.862164e-01
8.493037e-01
8.118211e-01
7.745929e-01
7.380598e-01
7.025011e-01
6.680565e-01
6.347565e-01
6.027694e-01
5.721760e-01
5.430152e-01
5.155576e-01
4.902047e-01
4.675267e-01
4.485489e-01
4.346243e-01
4.267042e-01
4.239333e-01
4.238306e-01
4.244003e-01
4.247627e-01
4.245589e-01
4.233720e-01
4.202841e-01
4.134875e-01
4.003301e-01
3.788216e-01
3.500903e-01
3.193278e-01
2.933507e-01
2.757481e-01
2.663036e-01
2.634178e-01
2.633352e-01
2.636765e-01
2.642410e-01
2.643060e-01
2.622448e-01
2.503059e-01
2.082198e-01
1.488658e-01
1.265714e-01
1.250154e-01
1.250000e-01
1.250000e-01
1.250000e-01
1.250000e-01
1.250000e-01
1.250000e-01
1.250000e-01
1.250000e-01
1.250000e-01
1.250000e-01
1.250000e-01
1.250000e-01
1.250000e-01
1.250000e-01
1.250000e-01
1.250000e-01
1.250000e-01
1.250000e-01
1.250000e-01
1.250000e-01
1.250000e-01
1.250000e-01
1.250000e-01
1.250000e-01
1.250000e-01
1.250000e-01
1.250000e-01
1.250000e-01
1.250000e-01
1.250000e-01
1.250000e-01
1.250000e-01
1.250000e-01
1.250000e-01
1.250000e-01
1.250000e-01
