1.000000e+00
1.000000e+00
1.000000e+00
1.000000e+00
1.000000e+00
1.000000e+00
1.000000e+00
1.000000e+00
1.000000e+00
1.000000e+00
1.000000e+00
1.000000e+00
1.000000e+00
1.000000e+00
1.000000e+00
1.000000e+00
1.000000e+00
1.000000e+00
1.000000e+00
1.000000e+00
1.000000e+00
1.000000e+00
1.000000e+00
1.000000e+00
1.000000e+00
1.000000e+00
1.000000e+00
1.000000e+00
1.000000e+00
1.000000e+00
1.000000e+00
9.999999e-01
9.999993e-01
9.999967e-01
9.999852e-01
9.999384e-01
9.997622e-01
9.991663e-01
9.974064e-01
9.930213e-01
9.840502e-01
9.690810e-01
9.482785e-01
9.231845e-01
8.955973e-01
8.668237e-01
8.376429e-01
8.085240e-01
7.797401e-01
7.514408e-01
7.237465e-01
6.967099e-01
6.703745e-01
6.447307e-01
6.198452e-01
5.957414e-01
5.724563e-01
5.499801e-01
5.284113e-01
5.078394e-01
4.884878e-01
4.706245e-01
4.546992e-01
4.414723e-01
4.319291e-01
4.265466e-01
4.248500e-01
4.245674e-01
4.249322e-01
4.252844e-01
4.253264e-01
4.252432e-01
4.250742e-01
4.248104e-01
4.242755e-01
4.229526e-01
4.198413e-01
4.133378e-01
4.014185e-01
3.825418e-01
3.572774e-01
3.290497e-01
3.030939e-01
2.832721e-01
2.709592e-01
2.653392e-01
2.639535e-01
2.639224e-01
2.641064e-01
2.644969e-01
2.649427e-01
2.652128e-01
2.652478e-01
2.648559e-01
2.624446e-01
2.515796e-01
2.131875e-01
1.531425e-01
1.272006e-01
1.250262e-01
1.250001e-01
1.250000e-01
1.250000e-01
1.250000e-01
1.250000e-01
1.250000e-01
1.250000e-01
1.250000e-01
1.250000e-01
1.250000e-01
1.250000e-01
1.250000e-01
1.250000e-01
1.250000e-01
1.250000e-01
1.250000e-01
1.250000e-01
1.250000e-01
1.250000e-01
1.250000e-01
1.250000e-01
1.250000e-01
1.250000e-01
1.250000e-01
1.250000e-01
1.250000e-01
1.250000e-01
1.250000e-01
