1.000000e+00
1.000000e+00
1.000000e+00
1.000000e+00
1.000000e+00
1.000000e+00
1.000000e+00
1.000000e+00
1.000000e+00
1.000000e+00
1.000000e+00
1.000000e+00
1.000000e+00
1.000000e+00
1.000000e+00
1.000000e+00
1.000000e+00
1.000000e+00
1.000000e+00
1.000000e+00
1.000000e+00
1.000000e+00
1.000000e+00
1.000000e+00
1.000000e+00
1.000000e+00
1.000000e+00
1.000000e+00
1.000000e+00
1.000000e+00
9.999999e-01
9.999997e-01
9.999987e-01
9.999942e-01
9.999749e-01
9.998985e-01
9.996227e-01
9.987354e-01
9.962723e-01
9.905607e-01
9.797285e-01
9.628729e-01
9.407118e-01
9.149666e-01
8.872629e-01
8.586886e-01
8.298832e-01
8.012329e-01
7.729568e-01
7.451915e-01
7.180280e-01
6.915163e-01
6.656913e-01
6.405432e-01
6.161386e-01
5.924975e-01
5.696568e-01
5.475991e-01
5.264317e-01
5.062460e-01
4.872563e-01
4.697248e-01
4.541046e-01
4.411413e-01
4.318064e-01
4.265457e-01
4.248726e-01
4.245944e-01
4.249552e-01
4.253103e-01
4.253563e-01
4.252749e-01
4.251159e-01
4.248863e-01
4.244528e-01
4.233891e-01
4.208404e-01
4.153766e-01
4.050568e-01
3.881069e-01
3.644131e-01
3.366288e-01
3.096994e-01
2.880624e-01
2.737129e-01
2.664084e-01
2.641267e-01
2.639345e-01
2.640560e-01
2.643866e-01
2.648265e-01
2.651699e-01
2.652840e-01
2.651678e-01
2.641106e-01
2.589143e-01
2.375049e-01
1.822822e-01
1.349262e-01
1.253146e-01
1.250015e-01
1.250000e-01
1.250000e-01
1.250000e-01
1.250000e-01
1.250000e-01
1.250000e-01
1.250000e-01
1.250000e-01
1.250000e-01
1.250000e-01
1.250000e-01
1.250000e-01
1.250000e-01
1.250000e-01
1.250000e-01
1.250000e-01
1.250000e-01
1.250000e-01
1.250000e-01
1.250000e-01
1.250000e-01
1.250000e-01
1.250000e-01
1.250000e-01
1.250000e-01
1.250000e-01
1.250000e-01
