1.000000e+00
1.000000e+00
1.000000e+00
1.000000e+00
1.000000e+00
1.000000e+00
1.000000e+00
1.000000e+00
1.000000e+00
1.000000e+00
1.000000e+00
1.000000e+00
1.000000e+00
1.000000e+00
1.000000e+00
1.000000e+00
1.000000e+00
1.000000e+00
1.000000e+00
1.000000e+00
1.000000e+00
1.000000e+00
1.000000e+00
1.000000e+00
1.000000e+00
1.000000e+00
1.000000e+00
1.000000e+00
1.000000e+00
1.000000e+00
1.000000e+00
1.000000e+00
1.000000e+00
1.000000e+00
1.000000e+00
1.000000e+00
1.000000e+00
1.000000e+00
1.000000e+00
9.999998e-01
9.999989e-01
9.999941e-01
9.999707e-01
9.998644e-01
9.994302e-01
9.978852e-01
9.932963e-01
9.824037e-01
9.622206e-01
9.326221e-01
8.964603e-01
8.570231e-01
8.164551e-01
7.759724e-01
7.362157e-01
6.975821e-01
6.602504e-01
6.242992e-01
5.899463e-01
5.572943e-01
5.264943e-01
4.980226e-01
4.726023e-01
4.513020e-01
4.356579e-01
4.266346e-01
4.235679e-01
4.235986e-01
4.242286e-01
4.243733e-01
4.234110e-01
4.201380e-01
4.127723e-01
3.985467e-01
3.754507e-01
3.451841e-01
3.139461e-01
2.887932e-01
2.727376e-01
2.648292e-01
2.632378e-01
2.633719e-01
2.637701e-01
2.637887e-01
2.610169e-01
2.453847e-01
1.960982e-01
1.411089e-01
1.257421e-01
1.250050e-01
1.250000e-01
1.250000e-01
1.250000e-01
1.250000e-01
1.250000e-01
1.250000e-01
1.250000e-01
1.250000e-01
1.250000e-01
1.250000e-01
1.250000e-01
1.250000e-01
1.250000e-01
1.250000e-01
1.250000e-01
1.250000e-01
1.250000e-01
1.250000e-01
1.250000e-01
1.250000e-01
1.250000e-01
1.250000e-01
1.250000e-01
1.250000e-01
1.250000e-01
1.250000e-01
1.250000e-01
1.250000e-01
1.250000e-01
1.250000e-01
1.250000e-01
1.250000e-01
1.250000e-01
1.250000e-01
1.250000e-01
1.250000e-01
1.250000e-01
1.250000e-01
