1.000000e+00
1.000000e+00
1.000000e+00
1.000000e+00
1.000000e+00
1.000000e+00
1.000000e+00
1.000000e+00
1.000000e+00
1.000000e+00
1.000000e+00
1.000000e+00
1.000000e+00
1.000000e+00
1.000000e+00
1.000000e+00
1.000000e+00
1.000000e+00
1.000000e+00
1.000000e+00
1.000000e+00
1.000000e+00
1.000000e+00
1.000000e+00
1.000000e+00
1.000000e+00
1.000000e+00
1.000000e+00
1.000000e+00
1.000000e+00
1.000000e+00
9.999999e-01
9.999995e-01
9.999977e-01
9.999897e-01
9.999562e-01
9.998269e-01
9.993752e-01
9.979884e-01
9.943683e-01
9.865768e-01
9.729257e-01
9.531715e-01
9.286457e-01
9.012192e-01
8.723528e-01
8.429397e-01
8.135131e-01
7.843866e-01
7.557257e-01
7.276690e-01
7.002726e-01
6.735859e-01
6.476039e-01
6.223879e-01
5.979661e-01
5.743747e-01
5.516138e-01
5.297675e-01
5.089311e-01
4.893315e-01
4.712402e-01
4.551057e-01
4.416989e-01
4.320128e-01
4.265480e-01
4.248345e-01
4.245483e-01
4.249151e-01
4.252659e-01
4.253062e-01
4.252220e-01
4.250443e-01
4.247518e-01
4.241341e-01
4.226057e-01
4.190605e-01
4.117810e-01
3.987166e-01
3.785495e-01
3.523512e-01
3.240467e-01
2.989138e-01
2.803837e-01
2.694189e-01
2.648238e-01
2.638934e-01
2.639189e-01
2.641526e-01
2.645792e-01
2.650131e-01
2.652227e-01
2.651881e-01
2.644314e-01
2.603657e-01
2.430032e-01
1.924249e-01
1.394441e-01
1.256168e-01
1.250039e-01
1.250000e-01
1.250000e-01
1.250000e-01
1.250000e-01
1.250000e-01
1.250000e-01
1.250000e-01
1.250000e-01
1.250000e-01
1.250000e-01
1.250000e-01
1.250000e-01
1.250000e-01
1.250000e-01
1.250000e-01
1.250000e-01
1.250000e-01
1.250000e-01
1.250000e-01
1.250000e-01
1.250000e-01
1.250000e-01
1.250000e-01
1.250000e-01
1.250000e-01
1.250000e-01
1.250000e-01
1.250000e-01
