1.000000e+00
1.000000e+00
1.000000e+00
1.000000e+00
1.000000e+00
1.000000e+00
1.000000e+00
1.000000e+00
1.000000e+00
1.000000e+00
1.000000e+00
1.000000e+00
1.000000e+00
1.000000e+00
1.000000e+00
1.000000e+00
1.000000e+00
1.000000e+00
1.000000e+00
1.000000e+00
1.000000e+00
1.000000e+00
1.000000e+00
1.000000e+00
1.000000e+00
1.000000e+00
1.000000e+00
1.000000e+00
1.000000e+00
1.000000e+00
1.000000e+00
1.000000e+00
1.000000e+00
1.000000e+00
9.999999e-01
9.999997e-01
9.999985e-01
9.999926e-01
9.999664e-01
9.998578e-01
9.994517e-01
9.981167e-01
9.944026e-01
9.859651e-01
9.706002e-01
9.479014e-01
9.195673e-01
8.879693e-01
8.548937e-01
8.213890e-01
7.880736e-01
7.552675e-01
7.232059e-01
6.919897e-01
6.616893e-01
6.323204e-01
6.039919e-01
5.767476e-01
5.506152e-01
5.257233e-01
5.022572e-01
4.806275e-01
4.612839e-01
4.451270e-01
4.332960e-01
4.266435e-01
4.244799e-01
4.241885e-01
4.246072e-01
4.250117e-01
4.250409e-01
4.248128e-01
4.240926e-01
4.223653e-01
4.183525e-01
4.099746e-01
3.948895e-01
3.719950e-01
3.433412e-01
3.142379e-01
2.903258e-01
2.743970e-01
2.662652e-01
2.637204e-01
2.635492e-01
2.637575e-01
2.642966e-01
2.647865e-01
2.648385e-01
2.636592e-01
2.566724e-01
2.283594e-01
1.685467e-01
1.303939e-01
1.251101e-01
1.250004e-01
1.250000e-01
1.250000e-01
1.250000e-01
1.250000e-01
1.250000e-01
1.250000e-01
1.250000e-01
1.250000e-01
1.250000e-01
1.250000e-01
1.250000e-01
1.250000e-01
1.250000e-01
1.250000e-01
1.250000e-01
1.250000e-01
1.250000e-01
1.250000e-01
1.250000e-01
1.250000e-01
1.250000e-01
1.250000e-01
1.250000e-01
1.250000e-01
1.250000e-01
1.250000e-01
1.250000e-01
1.250000e-01
1.250000e-01
1.250000e-01
1.250000e-01
1.250000e-01
