1.000000e+00
1.000000e+00
1.000000e+00
1.000000e+00
1.000000e+00
1.000000e+00
1.000000e+00
1.000000e+00
1.000000e+00
1.000000e+00
1.000000e+00
1.000000e+00
1.000000e+00
1.000000e+00
1.000000e+00
1.000000e+00
1.000000e+00
1.000000e+00
1.000000e+00
1.000000e+00
1.000000e+00
1.000000e+00
1.000000e+00
1.000000e+00
1.000000e+00
1.000000e+00
1.000000e+00
1.000000e+00
1.000000e+00
1.000000e+00
1.000000e+00
1.000000e+00
1.000000e+00
9.999997e-01
9.999987e-01
9.999940e-01
9.999733e-01
9.998893e-01
9.995785e-01
9.985598e-01
9.956987e-01
9.890483e-01
9.765234e-01
9.573052e-01
9.324646e-01
9.040459e-01
8.738069e-01
8.428539e-01
8.118364e-01
7.811330e-01
7.509457e-01
7.214315e-01
6.926587e-01
6.646777e-01
6.374871e-01
6.111737e-01
5.857629e-01
5.613020e-01
5.377991e-01
5.154007e-01
4.943244e-01
4.748738e-01
4.575029e-01
4.430347e-01
4.325057e-01
4.265716e-01
4.247299e-01
4.244220e-01
4.247980e-01
4.251553e-01
4.251957e-01
4.250977e-01
4.248218e-01
4.242391e-01
4.228495e-01
4.195559e-01
4.125909e-01
3.997835e-01
3.796274e-01
3.530851e-01
3.242289e-01
2.986224e-01
2.798947e-01
2.690123e-01
2.645920e-01
2.637541e-01
2.638001e-01
2.640895e-01
2.645953e-01
2.650133e-01
2.651112e-01
2.646482e-01
2.615112e-01
2.473465e-01
2.018190e-01
1.447368e-01
1.261018e-01
1.250091e-01
1.250000e-01
1.250000e-01
1.250000e-01
1.250000e-01
1.250000e-01
1.250000e-01
1.250000e-01
1.250000e-01
1.250000e-01
1.250000e-01
1.250000e-01
1.250000e-01
1.250000e-01
1.250000e-01
1.250000e-01
1.250000e-01
1.250000e-01
1.250000e-01
1.250000e-01
1.250000e-01
1.250000e-01
1.250000e-01
1.250000e-01
1.250000e-01
1.250000e-01
1.250000e-01
1.250000e-01
1.250000e-01
1.250000e-01
1.250000e-01
