1.000000e+00
1.000000e+00
1.000000e+00
1.000000e+00
1.000000e+00
1.000000e+00
1.000000e+00
1.000000e+00
1.000000e+00
1.000000e+00
1.000000e+00
1.000000e+00
1.000000e+00
1.000000e+00
1.000000e+00
1.000000e+00
1.000000e+00
1.000000e+00
1.000000e+00
1.000000e+00
1.000000e+00
1.000000e+00
1.000000e+00
1.000000e+00
1.000000e+00
1.000000e+00
1.000000e+00
1.000000e+00
1.000000e+00
1.000000e+00
1.000000e+00
1.000000e+00
1.000000e+00
1.000000e+00
1.000000e+00
1.000000e+00
1.000000e+00
1.000000e+00
1.000000e+00
9.999998e-01
9.999986e-01
9.999928e-01
9.999644e-01
9.998373e-01
9.993276e-01
9.975540e-01
9.924283e-01
9.806319e-01
9.594306e-01
9.291125e-01
8.926839e-01
8.533045e-01
8.129636e-01
7.727874e-01
7.333756e-01
6.950908e-01
6.580986e-01
6.224819e-01
5.884461e-01
5.560908e-01
5.255737e-01
4.973645e-01
4.721762e-01
4.510727e-01
4.355743e-01
4.266426e-01
4.235938e-01
4.236168e-01
4.242471e-01
4.244181e-01
4.235523e-01
4.205122e-01
4.135948e-01
4.000794e-01
3.777923e-01
3.480302e-01
3.166256e-01
2.907672e-01
2.739062e-01
2.652700e-01
2.632516e-01
2.633450e-01
2.637428e-01
2.639053e-01
2.619715e-01
2.498277e-01
2.067730e-01
1.477341e-01
1.264249e-01
1.250132e-01
1.250000e-01
1.250000e-01
1.250000e-01
1.250000e-01
1.250000e-01
1.250000e-01
1.250000e-01
1.250000e-01
1.250000e-01
1.250000e-01
1.250000e-01
1.250000e-01
1.250000e-01
1.250000e-01
1.250000e-01
1.250000e-01
1.250000e-01
1.250000e-01
1.250000e-01
1.250000e-01
1.250000e-01
1.250000e-01
1.250000e-01
1.250000e-01
1.250000e-01
1.250000e-01
1.250000e-01
1.250000e-01
1.250000e-01
1.250000e-01
1.250000e-01
1.250000e-01
1.250000e-01
1.250000e-01
1.250000e-01
1.250000e-01
1.250000e-01
1.250000e-01
