1.000000e+00
1.000000e+00
1.000000e+00
1.000000e+00
1.000000e+00
1.000000e+00
1.000000e+00
1.000000e+00
1.000000e+00
1.000000e+00
1.000000e+00
1.000000e+00
1.000000e+00
1.000000e+00
1.000000e+00
1.000000e+00
1.000000e+00
1.000000e+00
1.000000e+00
1.000000e+00
1.000000e+00
1.000000e+00
1.000000e+00
1.000000e+00
1.000000e+00
1.000000e+00
1.000000e+00
1.000000e+00
1.000000e+00
1.000000e+00
1.000000e+00
1.000000e+00
1.000000e+00
1.000000e+00
1.000000e+00
1.000000e+00
1.000000e+00
1.000000e+00
1.000000e+00
1.000000e+00
9.999999e-01
9.999997e-01
9.999981e-01
9.999896e-01
9.999471e-01
9.997536e-01
9.989726e-01
9.962832e-01
9.887614e-01
9.723742e-01
9.448691e-01
9.080842e-01
8.660464e-01
8.219483e-01
7.776134e-01
7.340082e-01
6.917122e-01
6.509547e-01
6.119210e-01
5.748844e-01
5.399537e-01
5.076389e-01
4.787929e-01
4.545940e-01
4.368008e-01
4.265303e-01
4.232714e-01
4.233244e-01
4.237973e-01
4.232331e-01
4.200248e-01
4.120666e-01
3.966359e-01
3.717878e-01
3.399378e-01
3.084272e-01
2.842657e-01
2.698589e-01
2.642001e-01
2.633019e-01
2.633346e-01
2.630502e-01
2.591728e-01
2.388748e-01
1.834835e-01
1.351951e-01
1.253228e-01
1.250015e-01
1.250000e-01
1.250000e-01
1.250000e-01
1.250000e-01
1.250000e-01
1.250000e-01
1.250000e-01
1.250000e-01
1.250000e-01
1.250000e-01
1.250000e-01
1.250000e-01
1.250000e-01
1.250000e-01
1.250000e-01
1.250000e-01
1.250000e-01
1.250000e-01
1.250000e-01
1.250000e-01
1.250000e-01
1.250000e-01
1.250000e-01
1.250000e-01
1.250000e-01
1.250000e-01
1.250000e-01
1.250000e-01
1.250000e-01
1.250000e-01
1.250000e-01
1.250000e-01
1.250000e-01
1.250000e-01
1.250000e-01
1.250000e-01
1.250000e-01
1.250000e-01
1.250000e-01
1.250000e-01
