1.000000e+00
1.000000e+00
1.000000e+00
1.000000e+00
1.000000e+00
1.000000e+00
1.000000e+00
1.000000e+00
1.000000e+00
1.000000e+00
1.000000e+00
1.000000e+00
1.000000e+00
1.000000e+00
1.000000e+00
1.000000e+00
1.000000e+00
1.000000e+00
1.000000e+00
1.000000e+00
1.000000e+00
1.000000e+00
1.000000e+00
1.000000e+00
1.000000e+00
1.000000e+00
1.000000e+00
1.000000e+00
1.000000e+00
1.000000e+00
1.000000e+00
9.999999e-01
9.999996e-01
9.999981e-01
9.999914e-01
9.999632e-01
9.998527e-01
9.994609e-01
9.982348e-01
9.949608e-01
9.877335e-01
9.747513e-01
9.555615e-01
9.313635e-01
9.040464e-01
8.751476e-01
8.456252e-01
8.160468e-01
7.867480e-01
7.579050e-01
7.296643e-01
7.020850e-01
6.752193e-01
6.490660e-01
6.236814e-01
5.990976e-01
5.753504e-01
5.524447e-01
5.304570e-01
5.094862e-01
4.897603e-01
4.715529e-01
4.553122e-01
4.418140e-01
4.320553e-01
4.265490e-01
4.248265e-01
4.245383e-01
4.249061e-01
4.252564e-01
4.252960e-01
4.252113e-01
4.250285e-01
4.247196e-01
4.240554e-01
4.224131e-01
4.186318e-01
4.109385e-01
3.972795e-01
3.764716e-01
3.498471e-01
3.215713e-01
2.968982e-01
2.790335e-01
2.687346e-01
2.646170e-01
2.638730e-01
2.639203e-01
2.641793e-01
2.646226e-01
2.650444e-01
2.652221e-01
2.651386e-01
2.641123e-01
2.588650e-01
2.371603e-01
1.816347e-01
1.346659e-01
1.252999e-01
1.250014e-01
1.250000e-01
1.250000e-01
1.250000e-01
1.250000e-01
1.250000e-01
1.250000e-01
1.250000e-01
1.250000e-01
1.250000e-01
1.250000e-01
1.250000e-01
1.250000e-01
1.250000e-01
1.250000e-01
1.250000e-01
1.250000e-01
1.250000e-01
1.250000e-01
1.250000e-01
1.250000e-01
1.250000e-01
1.250000e-01
1.250000e-01
1.250000e-01
1.250000e-01
1.250000e-01
1.250000e-01
1.250000e-01
