1.000000e+00
1.000000e+00
1.000000e+00
1.000000e+00
1.000000e+00
1.000000e+00
1.000000e+00
1.000000e+00
1.000000e+00
1.000000e+00
1.000000e+00
1.000000e+00
1.000000e+00
1.000000e+00
1.000000e+00
1.000000e+00
1.000000e+00
1.000000e+00
1.000000e+00
1.000000e+00
1.000000e+00
1.000000e+00
1.000000e+00
1.000000e+00
1.000000e+00
1.000000e+00
1.000000e+00
1.000000e+00
1.000000e+00
1.000000e+00
9.999999e-01
9.999995e-01
9.999978e-01
9.999900e-01
9.999578e-01
9.998352e-01
9.994115e-01
9.981202e-01
9.947620e-01
9.875279e-01
9.747892e-01
9.562124e-01
9.329547e-01
9.067677e-01
8.790688e-01
8.507513e-01
8.223447e-01
7.941672e-01
7.663901e-01
7.391471e-01
7.124998e-01
6.864964e-01
6.611625e-01
6.364957e-01
6.125557e-01
5.893611e-01
5.669473e-01
5.452966e-01
5.245159e-01
5.047034e-01
4.860638e-01
4.688524e-01
4.535275e-01
4.408205e-01
4.316870e-01
4.265460e-01
4.248947e-01
4.246199e-01
4.249756e-01
4.253338e-01
4.253849e-01
4.253064e-01
4.251550e-01
4.249509e-01
4.245964e-01
4.237415e-01
4.216619e-01
4.170974e-01
4.082278e-01
3.931525e-01
3.711794e-01
3.442011e-01
3.166473e-01
2.933749e-01
2.770093e-01
2.678911e-01
2.644612e-01
2.639555e-01
2.640259e-01
2.642934e-01
2.647085e-01
2.650966e-01
2.652882e-01
2.652888e-01
2.648633e-01
2.624517e-01
2.517344e-01
2.137486e-01
1.536460e-01
1.272818e-01
1.250278e-01
1.250001e-01
1.250000e-01
1.250000e-01
1.250000e-01
1.250000e-01
1.250000e-01
1.250000e-01
1.250000e-01
1.250000e-01
1.250000e-01
1.250000e-01
1.250000e-01
1.250000e-01
1.250000e-01
1.250000e-01
1.250000e-01
1.250000e-01
1.250000e-01
1.250000e-01
1.250000e-01
1.250000e-01
1.250000e-01
1.250000e-01
1.250000e-01
1.250000e-01
1.250000e-01
1.250000e-01
