1.000000e+00
1.000000e+00
1.000000e+00
1.000000e+00
1.000000e+00
1.000000e+00
1.000000e+00
1.000000e+00
1.000000e+00
1.000000e+00
1.000000e+00
1.000000e+00
1.000000e+00
1.000000e+00
1.000000e+00
1.000000e+00
1.000000e+00
1.000000e+00
1.000000e+00
1.000000e+00
1.000000e+00
1.000000e+00
1.000000e+00
1.000000e+00
1.000000e+00
1.000000e+00
1.000000e+00
1.000000e+00
1.000000e+00
1.000000e+00
1.000000e+00
1.000000e+00
9.999998e-01
9.999990e-01
9.999951e-01
9.999783e-01
9.999102e-01
9.996578e-01
9.988240e-01
9.964457e-01
9.907865e-01
9.798134e-01
9.624609e-01
9.394316e-01
9.125723e-01
8.836474e-01
8.538299e-01
8.238064e-01
7.939884e-01
7.645946e-01
7.357903e-01
7.076503e-01
6.802345e-01
6.535576e-01
6.276527e-01
6.025716e-01
5.783460e-01
5.549951e-01
5.325722e-01
5.111894e-01
4.910758e-01
4.725114e-01
4.559448e-01
4.421668e-01
4.321854e-01
4.265533e-01
4.248012e-01
4.245067e-01
4.248769e-01
4.252269e-01
4.252654e-01
4.251789e-01
4.249772e-01
4.246092e-01
4.237811e-01
4.217482e-01
4.171759e-01
4.081348e-01
3.926131e-01
3.699275e-01
3.422133e-01
3.142960e-01
2.911715e-01
2.753659e-01
2.670067e-01
2.641655e-01
2.638336e-01
2.639396e-01
2.642755e-01
2.647575e-01
2.651147e-01
2.651951e-01
2.648424e-01
2.624399e-01
2.514272e-01
2.126164e-01
1.526331e-01
1.271199e-01
1.250247e-01
1.250001e-01
1.250000e-01
1.250000e-01
1.250000e-01
1.250000e-01
1.250000e-01
1.250000e-01
1.250000e-01
1.250000e-01
1.250000e-01
1.250000e-01
1.250000e-01
1.250000e-01
1.250000e-01
1.250000e-01
1.250000e-01
1.250000e-01
1.250000e-01
1.250000e-01
1.250000e-01
1.250000e-01
1.250000e-01
1.250000e-01
1.250000e-01
1.250000e-01
1.250000e-01
1.250000e-01
1.250000e-01
1.250000e-01
