1.000000e+00
1.000000e+00
1.000000e+00
1.000000e+00
1.000000e+00
1.000000e+00
1.000000e+00
1.000000e+00
1.000000e+00
1.000000e+00
1.000000e+00
1.000000e+00
1.000000e+00
1.000000e+00
1.000000e+00
1.000000e+00
1.000000e+00
1.000000e+00
1.000000e+00
1.000000e+00
1.000000e+00
1.000000e+00
1.000000e+00
1.000000e+00
1.000000e+00
1.000000e+00
1.000000e+00
1.000000e+00
1.000000e+00
1.000000e+00
1.000000e+00
1.000000e+00
1.000000e+00
1.000000e+00
1.000000e+00
9.999999e-01
9.999996e-01
9.999982e-01
9.999910e-01
9.999587e-01
9.998247e-01
9.993240e-01
9.976921e-01
9.932299e-01
9.833525e-01
9.659177e-01
9.409434e-01
9.105462e-01
8.772077e-01
8.426487e-01
8.078635e-01
7.734174e-01
7.396236e-01
7.066835e-01
6.747053e-01
6.437047e-01
6.137981e-01
5.850409e-01
5.575042e-01
5.312475e-01
5.065020e-01
4.836990e-01
4.632910e-01
4.462305e-01
4.337221e-01
4.266806e-01
4.243096e-01
4.240633e-01
4.245267e-01
4.249439e-01
4.249396e-01
4.245387e-01
4.233396e-01
4.204844e-01
4.141819e-01
4.019785e-01
3.819216e-01
3.546662e-01
3.245723e-01
2.979552e-01
2.789026e-01
2.681261e-01
2.639690e-01
2.634419e-01
2.635919e-01
2.641080e-01
2.646355e-01
2.646693e-01
2.630869e-01
2.539840e-01
2.192424e-01
1.583522e-01
1.280761e-01
1.250441e-01
1.250001e-01
1.250000e-01
1.250000e-01
1.250000e-01
1.250000e-01
1.250000e-01
1.250000e-01
1.250000e-01
1.250000e-01
1.250000e-01
1.250000e-01
1.250000e-01
1.250000e-01
1.250000e-01
1.250000e-01
1.250000e-01
1.250000e-01
1.250000e-01
1.250000e-01
1.250000e-01
1.250000e-01
1.250000e-01
1.250000e-01
1.250000e-01
1.250000e-01
1.250000e-01
1.250000e-01
1.250000e-01
1.250000e-01
1.250000e-01
1.250000e-01
1.250000e-01
1.250000e-01
1.250000e-01
