1.000000e+00
1.000000e+00
1.000000e+00
1.000000e+00
1.000000e+00
1.000000e+00
1.000000e+00
1.000000e+00
1.000000e+00
1.000000e+00
1.000000e+00
1.000000e+00
1.000000e+00
1.000000e+00
1.000000e+00
1.000000e+00
1.000000e+00
1.000000e+00
1.000000e+00
1.000000e+00
1.000000e+00
1.000000e+00
1.000000e+00
1.000000e+00
1.000000e+00
1.000000e+00
1.000000e+00
1.000000e+00
1.000000e+00
1.000000e+00
1.000000e+00
9.999999e-01
9.999994e-01
9.999973e-01
9.999877e-01
9.999480e-01
9.997969e-01
9.992775e-01
9.977131e-01
9.937226e-01
9.853491e-01
9.710348e-01
9.507426e-01
9.259185e-01
8.984024e-01
8.695780e-01
8.402789e-01
8.110056e-01
7.820508e-01
7.535711e-01
7.256965e-01
6.984810e-01
6.719711e-01
6.461589e-01
6.211092e-01
5.968474e-01
5.734102e-01
5.507922e-01
5.290857e-01
5.083822e-01
4.889073e-01
4.709307e-01
4.549014e-01
4.415850e-01
4.319708e-01
4.265472e-01
4.248423e-01
4.245580e-01
4.249238e-01
4.252752e-01
4.253163e-01
4.252326e-01
4.250595e-01
4.247820e-01
4.242074e-01
4.227853e-01
4.194632e-01
4.125802e-01
4.000960e-01
3.805733e-01
3.548292e-01
3.265407e-01
3.009798e-01
2.817968e-01
2.701600e-01
2.650636e-01
2.639196e-01
2.639198e-01
2.641282e-01
2.645373e-01
2.649790e-01
2.652196e-01
2.652232e-01
2.646734e-01
2.615356e-01
2.477600e-01
2.030814e-01
1.455985e-01
1.261978e-01
1.250103e-01
1.250000e-01
1.250000e-01
1.250000e-01
1.250000e-01
1.250000e-01
1.250000e-01
1.250000e-01
1.250000e-01
1.250000e-01
1.250000e-01
1.250000e-01
1.250000e-01
1.250000e-01
1.250000e-01
1.250000e-01
1.250000e-01
1.250000e-01
1.250000e-01
1.250000e-01
1.250000e-01
1.250000e-01
1.250000e-01
1.250000e-01
1.250000e-01
1.250000e-01
1.250000e-01
1.250000e-01
1.250000e-01
