1.000000e+00
1.000000e+00
1.000000e+00
1.000000e+00
1.000000e+00
1.000000e+00
1.000000e+00
1.000000e+00
1.000000e+00
1.000000e+00
1.000000e+00
1.000000e+00
1.000000e+00
1.000000e+00
1.000000e+00
1.000000e+00
1.000000e+00
1.000000e+00
1.000000e+00
1.000000e+00
1.000000e+00
1.000000e+00
1.000000e+00
1.000000e+00
1.000000e+00
1.000000e+00
1.000000e+00
1.000000e+00
1.000000e+00
1.000000e+00
1.000000e+00
1.000000e+00
1.000000e+00
1.000000e+00
1.000000e+00
1.000000e+00
9.999999e-01
9.999994e-01
9.999967e-01
9.999838e-01
9.999270e-01
9.996972e-01
9.988703e-01
9.963178e-01
9.898245e-01
9.766236e-01
9.552405e-01
9.267746e-01
8.938584e-01
8.588172e-01
8.230656e-01
7.874290e-01
7.523333e-01
7.180766e-01
6.847909e-01
6.525416e-01
6.214007e-01
5.914724e-01
5.628349e-01
5.355204e-01
5.097901e-01
4.860691e-01
4.648355e-01
4.470773e-01
4.340517e-01
4.266997e-01
4.241704e-01
4.239729e-01
4.244761e-01
4.248868e-01
4.248358e-01
4.242259e-01
4.224936e-01
4.184585e-01
4.099487e-01
3.944291e-01
3.707432e-01
3.411982e-01
3.116522e-01
2.880300e-01
2.728149e-01
2.653350e-01
2.634246e-01
2.634296e-01
2.637949e-01
2.643989e-01
2.646016e-01
2.635628e-01
2.565147e-01
2.274013e-01
1.671669e-01
1.300162e-01
1.250972e-01
1.250003e-01
1.250000e-01
1.250000e-01
1.250000e-01
1.250000e-01
1.250000e-01
1.250000e-01
1.250000e-01
1.250000e-01
1.250000e-01
1.250000e-01
1.250000e-01
1.250000e-01
1.250000e-01
1.250000e-01
1.250000e-01
1.250000e-01
1.250000e-01
1.250000e-01
1.250000e-01
1.250000e-01
1.250000e-01
1.250000e-01
1.250000e-01
1.250000e-01
1.250000e-01
1.250000e-01
1.250000e-01
1.250000e-01
1.250000e-01
1.250000e-01
1.250000e-01
1.250000e-01
1.250000e-01
1.250000e-01
