1.000000e+00
1.000000e+00
1.000000e+00
1.000000e+00
1.000000e+00
1.000000e+00
1.000000e+00
1.000000e+00
1.000000e+00
1.000000e+00
1.000000e+00
1.000000e+00
1.000000e+00
1.000000e+00
1.000000e+00
1.000000e+00
1.000000e+00
1.000000e+00
1.000000e+00
1.000000e+00
1.000000e+00
1.000000e+00
1.000000e+00
1.000000e+00
1.000000e+00
1.000000e+00
1.000000e+00
1.000000e+00
1.000000e+00
1.000000e+00
1.000000e+00
9.999998e-01
9.999991e-01
9.999960e-01
9.999823e-01
9.999271e-01
9.997221e-01
9.990400e-01
9.970658e-01
9.922619e-01
9.826801e-01
9.670674e-01
9.457830e-01
9.204464e-01
8.928050e-01
8.640905e-01
8.350316e-01
8.060682e-01
7.774545e-01
7.493343e-01
7.218187e-01
6.949589e-01
6.687958e-01
6.433189e-01
6.185955e-01
5.946479e-01
5.715129e-01
5.491774e-01
5.277442e-01
5.073025e-01
4.880728e-01
4.703215e-01
4.544990e-01
4.413608e-01
4.318878e-01
4.265461e-01
4.248576e-01
4.245766e-01
4.249402e-01
4.252932e-01
4.253365e-01
4.252538e-01
4.250885e-01
4.248371e-01
4.243388e-01
4.231086e-01
4.201960e-01
4.140553e-01
4.026854e-01
3.844540e-01
3.596928e-01
3.315698e-01
3.052536e-01
2.848086e-01
2.718173e-01
2.656534e-01
2.639977e-01
2.639260e-01
2.640871e-01
2.644583e-01
2.649048e-01
2.652022e-01
2.652649e-01
2.649923e-01
2.631485e-01
2.546187e-01
2.224178e-01
1.619513e-01
1.288338e-01
1.250634e-01
1.250002e-01
1.250000e-01
1.250000e-01
1.250000e-01
1.250000e-01
1.250000e-01
1.250000e-01
1.250000e-01
1.250000e-01
1.250000e-01
1.250000e-01
1.250000e-01
1.250000e-01
1.250000e-01
1.250000e-01
1.250000e-01
1.250000e-01
1.250000e-01
1.250000e-01
1.250000e-01
1.250000e-01
1.250000e-01
1.250000e-01
1.250000e-01
1.250000e-01
1.250000e-01
1.250000e-01
1.250000e-01
