1.000000e+00
1.000000e+00
1.000000e+00
1.000000e+00
1.000000e+00
1.000000e+00
1.000000e+00
1.000000e+00
1.000000e+00
1.000000e+00
1.000000e+00
1.000000e+00
1.000000e+00
1.000000e+00
1.000000e+00
1.000000e+00
1.000000e+00
1.000000e+00
1.000000e+00
1.000000e+00
1.000000e+00
1.000000e+00
1.000000e+00
1.000000e+00
1.000000e+00
1.000000e+00
1.000000e+00
1.000000e+00
1.000000e+00
1.000000e+00
1.000000e+00
1.000000e+00
1.000000e+00
1.000000e+00
1.000000e+00
1.000000e+00
9.999999e-01
9.999992e-01
9.999959e-01
9.999804e-01
9.999127e-01
9.996428e-01
9.986900e-01
9.958165e-01
9.887041e-01
9.746551e-01
9.524833e-01
9.235460e-01
8.904901e-01
8.555201e-01
8.199520e-01
7.845536e-01
7.497212e-01
7.157340e-01
6.827172e-01
6.507240e-01
6.198374e-01
5.901498e-01
5.617394e-01
5.346422e-01
5.091141e-01
4.855826e-01
4.645186e-01
4.469038e-01
4.339840e-01
4.266967e-01
4.241991e-01
4.239909e-01
4.244858e-01
4.248991e-01
4.248596e-01
4.242990e-01
4.226892e-01
4.189197e-01
4.108931e-01
3.960718e-01
3.730985e-01
3.439354e-01
3.141690e-01
2.898822e-01
2.739001e-01
2.657887e-01
2.634800e-01
2.634291e-01
2.637397e-01
2.643520e-01
2.646365e-01
2.639517e-01
2.585870e-01
2.349617e-01
1.774784e-01
1.330777e-01
1.252173e-01
1.250009e-01
1.250000e-01
1.250000e-01
1.250000e-01
1.250000e-01
1.250000e-01
1.250000e-01
1.250000e-01
1.250000e-01
1.250000e-01
1.250000e-01
1.250000e-01
1.250000e-01
1.250000e-01
1.250000e-01
1.250000e-01
1.250000e-01
1.250000e-01
1.250000e-01
1.250000e-01
1.250000e-01
1.250000e-01
1.250000e-01
1.250000e-01
1.250000e-01
1.250000e-01
1.250000e-01
1.250000e-01
1.250000e-01
1.250000e-01
1.250000e-01
1.250000e-01
1.250000e-01
1.250000e-01
1.250000e-01
