1.000000e+00
1.000000e+00
1.000000e+00
1.000000e+00
1.000000e+00
1.000000e+00
1.000000e+00
1.000000e+00
1.000000e+00
1.000000e+00
1.000000e+00
1.000000e+00
1.000000e+00
1.000000e+00
1.000000e+00
1.000000e+00
1.000000e+00
1.000000e+00
1.000000e+00
1.000000e+00
1.000000e+00
1.000000e+00
1.000000e+00
1.000000e+00
1.000000e+00
1.000000e+00
1.000000e+00
1.000000e+00
1.000000e+00
1.000000e+00
1.000000e+00
1.000000e+00
9.999998e-01
9.999991e-01
9.999959e-01
9.999819e-01
9.999241e-01
9.997071e-01
9.989776e-01
9.968525e-01
9.916695e-01
9.813566e-01
9.646581e-01
9.420815e-01
9.154232e-01
8.865168e-01
8.566135e-01
8.264464e-01
7.964549e-01
7.668766e-01
7.378799e-01
7.095492e-01
6.819461e-01
6.550904e-01
6.290077e-01
6.037569e-01
5.793681e-01
5.558649e-01
5.332933e-01
5.117702e-01
4.915242e-01
4.728378e-01
4.561602e-01
4.422869e-01
4.322296e-01
4.265552e-01
4.247922e-01
4.244956e-01
4.248665e-01
4.252168e-01
4.252553e-01
4.251680e-01
4.249585e-01
4.245670e-01
4.236754e-01
4.214944e-01
4.166290e-01
4.071029e-01
3.909380e-01
3.676475e-01
3.396411e-01
3.119336e-01
2.893755e-01
2.742712e-01
2.665325e-01
2.640620e-01
2.638251e-01
2.639513e-01
2.643133e-01
2.648022e-01
2.651291e-01
2.651741e-01
2.646650e-01
2.615223e-01
2.475534e-01
2.024564e-01
1.451698e-01
1.261496e-01
1.250097e-01
1.250000e-01
1.250000e-01
1.250000e-01
1.250000e-01
1.250000e-01
1.250000e-01
1.250000e-01
1.250000e-01
1.250000e-01
1.250000e-01
1.250000e-01
1.250000e-01
1.250000e-01
1.250000e-01
1.250000e-01
1.250000e-01
1.250000e-01
1.250000e-01
1.250000e-01
1.250000e-01
1.250000e-01
1.250000e-01
1.250000e-01
1.250000e-01
1.250000e-01
1.250000e-01
1.250000e-01
1.250000e-01
1.250000e-01
