1.000000e+00
1.000000e+00
1.000000e+00
1.000000e+00
1.000000e+00
1.000000e+00
1.000000e+00
1.000000e+00
1.000000e+00
1.000000e+00
1.000000e+00
1.000000e+00
1.000000e+00
1.000000e+00
1.000000e+00
1.000000e+00
1.000000e+00
1.000000e+00
1.000000e+00
1.000000e+00
1.000000e+00
1.000000e+00
1.000000e+00
1.000000e+00
1.000000e+00
1.000000e+00
1.000000e+00
1.000000e+00
1.000000e+00
1.000000e+00
1.000000e+00
1.000000e+00
1.000000e+00
1.000000e+00
1.000000e+00
1.000000e+00
1.000000e+00
1.000000e+00
1.000000e+00
1.000000e+00
1.000000e+00
1.000000e+00
1.000000e+00
1.000000e+00
1.000000e+00
1.000000e+00
1.000000e+00
9.999999e-01
9.999990e-01
9.999933e-01
9.999573e-01
9.997519e-01
9.987275e-01
9.944856e-01
9.809135e-01
9.495802e-01
8.983288e-01
8.346465e-01
7.667794e-01
6.994820e-01
6.351602e-01
5.753841e-01
5.212356e-01
4.757223e-01
4.432011e-01
4.259959e-01
4.177883e-01
4.113548e-01
3.959995e-01
3.665490e-01
3.285603e-01
2.952529e-01
2.752571e-01
2.648577e-01
2.554051e-01
2.315403e-01
1.753957e-01
1.325030e-01
1.251911e-01
1.250008e-01
1.250000e-01
1.250000e-01
1.250000e-01
1.250000e-01
1.250000e-01
1.250000e-01
1.250000e-01
1.250000e-01
1.250000e-01
1.250000e-01
1.250000e-01
1.250000e-01
1.250000e-01
1.250000e-01
1.250000e-01
1.250000e-01
1.250000e-01
1.250000e-01
1.250000e-01
1.250000e-01
1.250000e-01
1.250000e-01
1.250000e-01
1.250000e-01
1.250000e-01
1.250000e-01
1.250000e-01
1.250000e-01
1.250000e-01
1.250000e-01
1.250000e-01
1.250000e-01
1.250000e-01
1.250000e-01
1.250000e-01
1.250000e-01
1.250000e-01
1.250000e-01
1.250000e-01
1.250000e-01
1.250000e-01
1.250000e-01
1.250000e-01
1.250000e-01
1.250000e-01
1.250000e-01
1.250000e-01
1.250000e-01
