1.000000e+00
1.000000e+00
1.000000e+00
1.000000e+00
1.000000e+00
1.000000e+00
1.000000e+00
1.000000e+00
1.000000e+00
1.000000e+00
1.000000e+00
1.000000e+00
1.000000e+00
1.000000e+00
1.000000e+00
1.000000e+00
1.000000e+00
1.000000e+00
1.000000e+00
1.000000e+00
1.000000e+00
1.000000e+00
1.000000e+00
1.000000e+00
1.000000e+00
1.000000e+00
1.000000e+00
1.000000e+00
1.000000e+00
1.000000e+00
1.000000e+00
9.999999e-01
9.999997e-01
9.999987e-01
9.999941e-01
9.999741e-01
9.998939e-01
9.996010e-01
9.986504e-01
9.959967e-01
9.898372e-01
9.781971e-01
9.602100e-01
9.367597e-01
9.097246e-01
8.807955e-01
8.510705e-01
8.211933e-01
7.915486e-01
7.623390e-01
7.337247e-01
7.057735e-01
6.785432e-01
6.520426e-01
6.263136e-01
6.014001e-01
5.773359e-01
5.541352e-01
5.318591e-01
5.106152e-01
4.906324e-01
4.721885e-01
4.557317e-01
4.420480e-01
4.321416e-01
4.265516e-01
4.248099e-01
4.245176e-01
4.248870e-01
4.252369e-01
4.252756e-01
4.251898e-01
4.249950e-01
4.246485e-01
4.238793e-01
4.219853e-01
4.176910e-01
4.091170e-01
3.942282e-01
3.721592e-01
3.447743e-01
3.166922e-01
2.930253e-01
2.765242e-01
2.675304e-01
2.642907e-01
2.638440e-01
2.639306e-01
2.642406e-01
2.647122e-01
2.650956e-01
2.652091e-01
2.649735e-01
2.631486e-01
2.545097e-01
2.219163e-01
1.613749e-01
1.287066e-01
1.250599e-01
1.250002e-01
1.250000e-01
1.250000e-01
1.250000e-01
1.250000e-01
1.250000e-01
1.250000e-01
1.250000e-01
1.250000e-01
1.250000e-01
1.250000e-01
1.250000e-01
1.250000e-01
1.250000e-01
1.250000e-01
1.250000e-01
1.250000e-01
1.250000e-01
1.250000e-01
1.250000e-01
1.250000e-01
1.250000e-01
1.250000e-01
1.250000e-01
1.250000e-01
1.250000e-01
1.250000e-01
1.250000e-01
1.250000e-01
