1.000000e+00
1.000000e+00
1.000000e+00
1.000000e+00
1.000000e+00
1.000000e+00
1.000000e+00
1.000000e+00
1.000000e+00
1.000000e+00
1.000000e+00
1.000000e+00
1.000000e+00
1.000000e+00
1.000000e+00
1.000000e+00
1.000000e+00
1.000000e+00
1.000000e+00
1.000000e+00
1.000000e+00
1.000000e+00
1.000000e+00
1.000000e+00
1.000000e+00
1.000000e+00
1.000000e+00
1.000000e+00
1.000000e+00
1.000000e+00
1.000000e+00
1.000000e+00
1.000000e+00
1.000000e+00
1.000000e+00
9.999998e-01
9.999992e-01
9.999959e-01
9.999807e-01
9.999154e-01
9.996593e-01
9.987678e-01
9.961061e-01
9.895490e-01
9.765787e-01
9.559757e-01
9.288378e-01
8.975751e-01
8.642971e-01
8.303013e-01
7.963486e-01
7.628434e-01
7.300566e-01
6.981177e-01
6.671187e-01
6.370669e-01
6.080816e-01
5.802061e-01
5.534901e-01
5.280296e-01
5.040284e-01
4.819103e-01
4.621233e-01
4.455890e-01
4.334738e-01
4.266601e-01
4.244109e-01
4.241355e-01
4.245713e-01
4.249837e-01
4.250018e-01
4.247132e-01
4.238187e-01
4.216718e-01
4.167823e-01
4.068870e-01
3.897253e-01
3.648494e-01
3.352844e-01
3.069751e-01
2.850148e-01
2.713455e-01
2.650247e-01
2.635273e-01
2.635421e-01
2.638759e-01
2.644762e-01
2.648098e-01
2.645169e-01
2.614639e-01
2.467154e-01
1.998184e-01
1.434069e-01
1.259612e-01
1.250074e-01
1.250000e-01
1.250000e-01
1.250000e-01
1.250000e-01
1.250000e-01
1.250000e-01
1.250000e-01
1.250000e-01
1.250000e-01
1.250000e-01
1.250000e-01
1.250000e-01
1.250000e-01
1.250000e-01
1.250000e-01
1.250000e-01
1.250000e-01
1.250000e-01
1.250000e-01
1.250000e-01
1.250000e-01
1.250000e-01
1.250000e-01
1.250000e-01
1.250000e-01
1.250000e-01
1.250000e-01
1.250000e-01
1.250000e-01
1.250000e-01
1.250000e-01
1.250000e-01
1.250000e-01
