1.000000e+00
1.000000e+00
1.000000e+00
1.000000e+00
1.000000e+00
1.000000e+00
1.000000e+00
1.000000e+00
1.000000e+00
1.000000e+00
1.000000e+00
1.000000e+00
1.000000e+00
1.000000e+00
1.000000e+00
1.000000e+00
1.000000e+00
1.000000e+00
1.000000e+00
1.000000e+00
1.000000e+00
1.000000e+00
1.000000e+00
1.000000e+00
1.000000e+00
1.000000e+00
1.000000e+00
1.000000e+00
1.000000e+00
1.000000e+00
1.000000e+00
1.000000e+00
1.000000e+00
1.000000e+00
1.000000e+00
1.000000e+00
9.999998e-01
9.999988e-01
9.999939e-01
9.999715e-01
9.998758e-01
9.995064e-01
9.982520e-01
9.946467e-01
9.862051e-01
9.704529e-01
9.468047e-01
9.170554e-01
8.838074e-01
8.490200e-01
8.138349e-01
7.789133e-01
7.446036e-01
7.111459e-01
6.786560e-01
6.471646e-01
6.167760e-01
5.875597e-01
5.595931e-01
5.329218e-01
5.077900e-01
4.846286e-01
4.638970e-01
4.465631e-01
4.338513e-01
4.266893e-01
4.242553e-01
4.240270e-01
4.245059e-01
4.249224e-01
4.249023e-01
4.244285e-01
4.230390e-01
4.197550e-01
4.126313e-01
3.991556e-01
3.776332e-01
3.493531e-01
3.193132e-01
2.937898e-01
2.762659e-01
2.668518e-01
2.636640e-01
2.634316e-01
2.636518e-01
2.642365e-01
2.646594e-01
2.644335e-01
2.614298e-01
2.464928e-01
1.991172e-01
1.429534e-01
1.259155e-01
1.250069e-01
1.250000e-01
1.250000e-01
1.250000e-01
1.250000e-01
1.250000e-01
1.250000e-01
1.250000e-01
1.250000e-01
1.250000e-01
1.250000e-01
1.250000e-01
1.250000e-01
1.250000e-01
1.250000e-01
1.250000e-01
1.250000e-01
1.250000e-01
1.250000e-01
1.250000e-01
1.250000e-01
1.250000e-01
1.250000e-01
1.250000e-01
1.250000e-01
1.250000e-01
1.250000e-01
1.250000e-01
1.250000e-01
1.250000e-01
1.250000e-01
1.250000e-01
1.250000e-01
1.250000e-01
1.250000e-01
