1.000000e+00
1.000000e+00
1.000000e+00
1.000000e+00
1.000000e+00
1.000000e+00
1.000000e+00
1.000000e+00
1.000000e+00
1.000000e+00
1.000000e+00
1.000000e+00
1.000000e+00
1.000000e+00
1.000000e+00
1.000000e+00
1.000000e+00
1.000000e+00
1.000000e+00
1.000000e+00
1.000000e+00
1.000000e+00
1.000000e+00
1.000000e+00
1.000000e+00
1.000000e+00
1.000000e+00
1.000000e+00
1.000000e+00
1.000000e+00
1.000000e+00
1.000000e+00
1.000000e+00
1.000000e+00
1.000000e+00
1.000000e+00
1.000000e+00
1.000000e+00
9.999999e-01
9.999995e-01
9.999974e-01
9.999867e-01
9.999367e-01
9.997231e-01
9.989129e-01
9.962839e-01
9.893032e-01
9.746642e-01
9.505716e-01
9.184320e-01
8.814662e-01
8.423809e-01
8.027697e-01
7.635120e-01
7.251175e-01
6.878529e-01
6.518449e-01
6.172028e-01
5.840881e-01
5.525921e-01
5.228971e-01
4.954509e-01
4.709359e-01
4.504033e-01
4.353274e-01
4.266645e-01
4.236740e-01
4.236711e-01
4.242955e-01
4.245331e-01
4.239101e-01
4.214849e-01
4.157804e-01
4.042595e-01
3.843971e-01
3.563843e-01
3.248654e-01
2.971111e-01
2.778189e-01
2.670060e-01
2.634165e-01
2.632873e-01
2.636157e-01
2.640383e-01
2.635645e-01
2.582669e-01
2.336527e-01
1.751913e-01
1.322768e-01
1.251806e-01
1.250007e-01
1.250000e-01
1.250000e-01
1.250000e-01
1.250000e-01
1.250000e-01
1.250000e-01
1.250000e-01
1.250000e-01
1.250000e-01
1.250000e-01
1.250000e-01
1.250000e-01
1.250000e-01
1.250000e-01
1.250000e-01
1.250000e-01
1.250000e-01
1.250000e-01
1.250000e-01
1.250000e-01
1.250000e-01
1.250000e-01
1.250000e-01
1.250000e-01
1.250000e-01
1.250000e-01
1.250000e-01
1.250000e-01
1.250000e-01
1.250000e-01
1.250000e-01
1.250000e-01
1.250000e-01
1.250000e-01
1.250000e-01
1.250000e-01
1.250000e-01
