1.000000e+00
1.000000e+00
1.000000e+00
1.000000e+00
1.000000e+00
1.000000e+00
1.000000e+00
1.000000e+00
1.000000e+00
1.000000e+00
1.000000e+00
1.000000e+00
1.000000e+00
1.000000e+00
1.000000e+00
1.000000e+00
1.000000e+00
1.000000e+00
1.000000e+00
1.000000e+00
1.000000e+00
1.000000e+00
1.000000e+00
1.000000e+00
1.000000e+00
1.000000e+00
1.000000e+00
1.000000e+00
1.000000e+00
1.000000e+00
1.000000e+00
1.000000e+00
1.000000e+00
1.000000e+00
1.000000e+00
1.000000e+00
1.000000e+00
9.999997e-01
9.999985e-01
9.999926e-01
9.999651e-01
9.998470e-01
9.993908e-01
9.978525e-01
9.935009e-01
9.835655e-01
9.655986e-01
9.394712e-01
9.074591e-01
8.723027e-01
8.358903e-01
7.993101e-01
7.631524e-01
7.277841e-01
6.933885e-01
6.600752e-01
6.278831e-01
5.969564e-01
5.673725e-01
5.391595e-01
5.125915e-01
4.880807e-01
4.661454e-01
4.477937e-01
4.343312e-01
4.267066e-01
4.240528e-01
4.239013e-01
4.244383e-01
4.248310e-01
4.247198e-01
4.238671e-01
4.215481e-01
4.162825e-01
4.056229e-01
3.871738e-01
3.607789e-01
3.301856e-01
3.020476e-01
2.813261e-01
2.690877e-01
2.640216e-01
2.633338e-01
2.634967e-01
2.640471e-01
2.644803e-01
2.641309e-01
2.601331e-01
2.409870e-01
1.875237e-01
1.369799e-01
1.254344e-01
1.250023e-01
1.250000e-01
1.250000e-01
1.250000e-01
1.250000e-01
1.250000e-01
1.250000e-01
1.250000e-01
1.250000e-01
1.250000e-01
1.250000e-01
1.250000e-01
1.250000e-01
1.250000e-01
1.250000e-01
1.250000e-01
1.250000e-01
1.250000e-01
1.250000e-01
1.250000e-01
1.250000e-01
1.250000e-01
1.250000e-01
1.250000e-01
1.250000e-01
1.250000e-01
1.250000e-01
1.250000e-01
1.250000e-01
1.250000e-01
1.250000e-01
1.250000e-01
1.250000e-01
1.250000e-01
1.250000e-01
1.250000e-01
