3.906250e-03
1.171875e-02
1.953125e-02
2.734375e-02
3.515625e-02
4.296875e-02
5.078125e-02
5.859375e-02
6.640625e-02
7.421875e-02
8.203125e-02
8.984375e-02
9.765625e-02
1.054688e-01
1.132812e-01
1.210938e-01
1.289062e-01
1.367188e-01
1.445312e-01
1.523438e-01
1.601562e-01
1.679688e-01
1.757812e-01
1.835938e-01
1.914062e-01
1.992188e-01
2.070312e-01
2.148438e-01
2.226562e-01
2.304688e-01
2.382812e-01
2.460938e-01
2.539062e-01
2.617188e-01
2.695312e-01
2.773438e-01
2.851562e-01
2.929688e-01
3.007812e-01
3.085938e-01
3.164062e-01
3.242188e-01
3.320312e-01
3.398438e-01
3.476562e-01
3.554688e-01
3.632812e-01
3.710938e-01
3.789062e-01
3.867188e-01
3.945312e-01
4.023438e-01
4.101562e-01
4.179688e-01
4.257812e-01
4.335938e-01
4.414062e-01
4.492188e-01
4.570312e-01
4.648438e-01
4.726562e-01
4.804688e-01
4.882812e-01
4.960938e-01
5.039062e-01
5.117188e-01
5.195312e-01
5.273438e-01
5.351562e-01
5.429688e-01
5.507812e-01
5.585938e-01
5.664062e-01
5.742188e-01
5.820312e-01
5.898438e-01
5.976562e-01
6.054688e-01
6.132812e-01
6.210938e-01
6.289062e-01
6.367188e-01
6.445312e-01
6.523438e-01
6.601562e-01
6.679688e-01
6.757812e-01
6.835938e-01
6.914062e-01
6.992188e-01
7.070312e-01
7.148438e-01
7.226562e-01
7.304688e-01
7.382812e-01
7.460938e-01
7.539062e-01
7.617188e-01
7.695312e-01
7.773438e-01
7.851562e-01
7.929688e-01
8.007812e-01
8.085938e-01
8.164062e-01
8.242188e-01
8.320312e-01
8.398438e-01
8.476562e-01
8.554688e-01
8.632812e-01
8.710938e-01
8.789062e-01
8.867188e-01
8.945312e-01
9.023438e-01
9.101562e-01
9.179688e-01
9.257812e-01
9.335938e-01
9.414062e-01
9.492188e-01
9.570312e-01
9.648438e-01
9.726562e-01
9.804688e-01
9.882812e-01
9.960938e-01
