4.261917e-01
4.267477e-01
4.280194e-01
4.302482e-01
4.333995e-01
4.373174e-01
4.417900e-01
4.466427e-01
4.517522e-01
4.570415e-01
4.624643e-01
4.679934e-01
4.736117e-01
4.793053e-01
4.850755e-01
4.909159e-01
4.968249e-01
5.028001e-01
5.088418e-01
5.149498e-01
5.211206e-01
5.273544e-01
5.336508e-01
5.400093e-01
5.464301e-01
5.529135e-01
5.594585e-01
5.660645e-01
5.727315e-01
5.794614e-01
5.862541e-01
5.931096e-01
6.000281e-01
6.070100e-01
6.140551e-01
6.211633e-01
6.283356e-01
6.355721e-01
6.428730e-01
6.502379e-01
6.576666e-01
6.651607e-01
6.727171e-01
6.803380e-01
6.880234e-01
6.957732e-01
7.035874e-01
7.114661e-01
7.194091e-01
7.274163e-01
7.354874e-01
7.436223e-01
7.518205e-01
7.600817e-01
7.684051e-01
7.767901e-01
7.852373e-01
7.937433e-01
8.023084e-01
8.109307e-01
8.196084e-01
8.283396e-01
8.371217e-01
8.459517e-01
8.548259e-01
8.637398e-01
8.726881e-01
8.816639e-01
8.906590e-01
8.996628e-01
9.086623e-01
9.176422e-01
9.265795e-01
9.354468e-01
9.442070e-01
9.528106e-01
9.611907e-01
9.692592e-01
9.768996e-01
9.839534e-01
9.901921e-01
9.952377e-01
9.985132e-01
9.997954e-01
9.999926e-01
1.000000e+00
1.000000e+00
1.000000e+00
1.000000e+00
1.000000e+00
1.000000e+00
1.000000e+00
1.000000e+00
1.000000e+00
1.000000e+00
1.000000e+00
1.000000e+00
1.000000e+00
1.000000e+00
1.000000e+00
1.000000e+00
1.000000e+00
1.000000e+00
1.000000e+00
1.000000e+00
1.000000e+00
1.000000e+00
1.000000e+00
1.000000e+00
1.000000e+00
1.000000e+00
1.000000e+00
1.000000e+00
1.000000e+00
1.000000e+00
1.000000e+00
1.000000e+00
1.000000e+00
1.000000e+00
1.000000e+00
1.000000e+00
1.000000e+00
1.000000e+00
1.000000e+00
1.000000e+00
1.000000e+00
1.000000e+00
1.000000e+00
1.000000e+00
1.000000e+00
1.000000e+00
1.000000e+00
1.000000e+00
1.000000e+00
1.000000e+00
1.000000e+00
1.000000e+00
1.000000e+00
1.000000e+00
1.000000e+00
1.000000e+00
1.000000e+00
1.000000e+00
1.000000e+00
1.000000e+00
1.000000e+00
1.000000e+00
1.000000e+00
1.000000e+00
1.000000e+00
1.000000e+00
1.000000e+00
1.000000e+00
1.000000e+00
1.000000e+00
1.000000e+00
1.000000e+00
1.000000e+00
1.000000e+00
1.000000e+00
1.000000e+00
1.000000e+00
1.000000e+00
1.000000e+00
1.000000e+00
1.000000e+00
1.000000e+00
1.000000e+00
9.999999e-01
9.999994e-01
9.999970e-01
9.999843e-01
9.999221e-01
9.996467e-01
9.986439e-01
9.959318e-01
9.907379e-01
9.833493e-01
9.746747e-01
9.654369e-01
9.560072e-01
9.465325e-01
9.370571e-01
9.276014e-01
9.181792e-01
9.087981e-01
8.994670e-01
8.901887e-01
8.809664e-01
8.718029e-01
8.627004e-01
8.536605e-01
8.446845e-01
8.357735e-01
8.269282e-01
8.181493e-01
8.094370e-01
8.007918e-01
7.922139e-01
7.837038e-01
7.752600e-01
7.668852e-01
7.585780e-01
7.503381e-01
7.421655e-01
7.340602e-01
7.260219e-01
7.180504e-01
7.101457e-01
7.023074e-01
6.945354e-01
6.868294e-01
6.791892e-01
6.716146e-01
6.641052e-01
6.566590e-01
6.492786e-01
6.419625e-01
6.347108e-01
6.275239e-01
6.204013e-01
6.133428e-01
6.063477e-01
5.994158e-01
5.925470e-01
5.857413e-01
5.789985e-01
5.723183e-01
5.657009e-01
5.591445e-01
5.526491e-01
5.462152e-01
5.398441e-01
5.335354e-01
5.272894e-01
5.211065e-01
5.149874e-01
5.089325e-01
5.029456e-01
4.970275e-01
4.911788e-01
4.854027e-01
4.797027e-01
4.740855e-01
4.685525e-01
4.631193e-01
4.578029e-01
4.526301e-01
4.476425e-01
4.429053e-01
4.385168e-01
4.346138e-01
4.313606e-01
4.289058e-01
4.273089e-01
4.264654e-01
4.261476e-01
4.260776e-01
4.260954e-01
4.261485e-01
4.261956e-01
4.262172e-01
4.262197e-01
4.262168e-01
4.262094e-01
4.262026e-01
4.261993e-01
4.261977e-01
4.262017e-01
4.262077e-01
4.262136e-01
4.262182e-01
4.262218e-01
4.262247e-01
4.262270e-01
4.262290e-01
4.262306e-01
4.262320e-01
4.262333e-01
4.262344e-01
4.262352e-01
4.262356e-01
4.262354e-01
4.262344e-01
4.262328e-01
4.262306e-01
4.262278e-01
4.262247e-01
4.262213e-01
4.262175e-01
4.262130e-01
4.262078e-01
4.262016e-01
4.261944e-01
4.261862e-01
4.261769e-01
4.261666e-01
4.261550e-01
4.261418e-01
4.261266e-01
4.261087e-01
4.260875e-01
4.260618e-01
4.260297e-01
4.259866e-01
4.259232e-01
4.258206e-01
4.256416e-01
4.253156e-01
4.247138e-01
4.236140e-01
4.216539e-01
4.182857e-01
4.127547e-01
4.041427e-01
3.915503e-01
3.744794e-01
3.531859e-01
3.291916e-01
3.056646e-01
2.859331e-01
2.725644e-01
2.663400e-01
2.648880e-01
2.648026e-01
2.648244e-01
2.649159e-01
2.650937e-01
2.653138e-01
2.654925e-01
2.655759e-01
2.655887e-01
2.655883e-01
2.655851e-01
2.655793e-01
2.655753e-01
2.655749e-01
2.655758e-01
2.655787e-01
2.655827e-01
2.655853e-01
2.655857e-01
2.655851e-01
2.655832e-01
2.655794e-01
2.655744e-01
2.655696e-01
2.655665e-01
2.655651e-01
2.655646e-01
2.655647e-01
2.655654e-01
2.655665e-01
2.655679e-01
2.655691e-01
2.655700e-01
2.655704e-01
2.655705e-01
2.655704e-01
2.655700e-01
2.655690e-01
2.655676e-01
2.655661e-01
2.655652e-01
2.655642e-01
2.655641e-01
2.655607e-01
2.655563e-01
2.655222e-01
2.653678e-01
2.645854e-01
2.606746e-01
2.406643e-01
1.786048e-01
1.306505e-01
1.250491e-01
1.250000e-01
1.250000e-01
1.250000e-01
1.250000e-01
1.250000e-01
1.250000e-01
1.250000e-01
1.250000e-01
1.250000e-01
1.250000e-01
1.250000e-01
1.250000e-01
1.250001e-01
1.250007e-01
1.250074e-01
1.250835e-01
1.259185e-01
1.339094e-01
1.767408e-01
2.402627e-01
2.603425e-01
2.646661e-01
2.654429e-01
2.655454e-01
2.655583e-01
2.655615e-01
2.655635e-01
2.655654e-01
2.655680e-01
2.655700e-01
2.655714e-01
2.655722e-01
2.655724e-01
2.655723e-01
2.655720e-01
2.655717e-01
2.655716e-01
2.655717e-01
2.655717e-01
2.655711e-01
2.655698e-01
2.655683e-01
2.655672e-01
2.655667e-01
2.655667e-01
2.655681e-01
2.655732e-01
2.655807e-01
2.655879e-01
2.655932e-01
2.655961e-01
2.655970e-01
2.655964e-01
2.655914e-01
2.655826e-01
2.655752e-01
2.655701e-01
2.655670e-01
2.655645e-01
2.655604e-01
2.655482e-01
2.655142e-01
2.654573e-01
2.654044e-01
2.653792e-01
2.653755e-01
2.654112e-01
2.657106e-01
2.669453e-01
2.703845e-01
2.776689e-01
2.900754e-01
3.075969e-01
3.289096e-01
3.514675e-01
3.723258e-01
3.897036e-01
4.028893e-01
4.120094e-01
4.178609e-01
4.213866e-01
4.234038e-01
4.245150e-01
4.251146e-01
4.254390e-01
4.256204e-01
4.257288e-01
4.258000e-01
4.258518e-01
4.258930e-01
4.259273e-01
4.259568e-01
4.259822e-01
4.260045e-01
4.260240e-01
4.260414e-01
4.260570e-01
4.260709e-01
4.260835e-01
4.260949e-01
4.261050e-01
4.261137e-01
4.261211e-01
4.261274e-01
4.261329e-01
4.261379e-01
4.261425e-01
4.261464e-01
4.261496e-01
4.261518e-01
4.261531e-01
4.261535e-01
4.261532e-01
4.261527e-01
4.261522e-01
4.261521e-01
4.261521e-01
4.261522e-01
4.261522e-01
4.261519e-01
4.261511e-01
4.261494e-01
4.261481e-01
4.261502e-01
4.261543e-01
4.261622e-01
4.261745e-01
4.261895e-01
4.262026e-01
4.262104e-01
4.262122e-01
4.262099e-01
4.261817e-01
4.261195e-01
4.260666e-01
4.260699e-01
