4.270115e-01
4.296223e-01
4.340165e-01
4.399844e-01
4.470518e-01
4.548366e-01
4.630829e-01
4.716443e-01
4.804432e-01
4.894476e-01
4.986346e-01
5.079976e-01
5.175300e-01
5.272204e-01
5.370674e-01
5.470696e-01
5.572220e-01
5.675261e-01
5.779770e-01
5.885811e-01
5.993364e-01
6.102434e-01
6.213027e-01
6.325134e-01
6.438779e-01
6.553924e-01
6.670610e-01
6.788744e-01
6.908388e-01
7.029519e-01
7.152130e-01
7.276207e-01
7.401727e-01
7.528666e-01
7.656994e-01
7.786678e-01
7.917661e-01
8.049861e-01
8.183207e-01
8.317586e-01
8.452860e-01
8.588851e-01
8.725325e-01
8.861975e-01
8.998392e-01
9.134054e-01
9.268193e-01
9.399746e-01
9.527207e-01
9.648474e-01
9.760648e-01
9.859306e-01
9.936897e-01
9.983191e-01
9.998258e-01
9.999959e-01
1.000000e+00
1.000000e+00
1.000000e+00
1.000000e+00
1.000000e+00
1.000000e+00
1.000000e+00
1.000000e+00
1.000000e+00
1.000000e+00
1.000000e+00
1.000000e+00
1.000000e+00
1.000000e+00
1.000000e+00
1.000000e+00
1.000000e+00
1.000000e+00
1.000000e+00
1.000000e+00
1.000000e+00
1.000000e+00
1.000000e+00
1.000000e+00
1.000000e+00
1.000000e+00
1.000000e+00
1.000000e+00
1.000000e+00
1.000000e+00
1.000000e+00
1.000000e+00
1.000000e+00
1.000000e+00
1.000000e+00
1.000000e+00
1.000000e+00
1.000000e+00
1.000000e+00
1.000000e+00
1.000000e+00
1.000000e+00
1.000000e+00
1.000000e+00
1.000000e+00
1.000000e+00
1.000000e+00
1.000000e+00
1.000000e+00
1.000000e+00
1.000000e+00
1.000000e+00
1.000000e+00
1.000000e+00
1.000000e+00
1.000000e+00
1.000000e+00
1.000000e+00
1.000000e+00
1.000000e+00
1.000000e+00
1.000000e+00
1.000000e+00
1.000000e+00
1.000000e+00
1.000000e+00
1.000000e+00
1.000000e+00
1.000000e+00
1.000000e+00
1.000000e+00
1.000000e+00
1.000000e+00
1.000000e+00
1.000000e+00
1.000000e+00
1.000000e+00
1.000000e+00
1.000000e+00
1.000000e+00
1.000000e+00
1.000000e+00
1.000000e+00
1.000000e+00
1.000000e+00
1.000000e+00
1.000000e+00
1.000000e+00
1.000000e+00
1.000000e+00
1.000000e+00
1.000000e+00
1.000000e+00
1.000000e+00
1.000000e+00
1.000000e+00
1.000000e+00
1.000000e+00
1.000000e+00
1.000000e+00
1.000000e+00
1.000000e+00
1.000000e+00
1.000000e+00
1.000000e+00
1.000000e+00
1.000000e+00
1.000000e+00
1.000000e+00
1.000000e+00
1.000000e+00
1.000000e+00
1.000000e+00
1.000000e+00
1.000000e+00
1.000000e+00
1.000000e+00
1.000000e+00
1.000000e+00
1.000000e+00
1.000000e+00
1.000000e+00
1.000000e+00
1.000000e+00
1.000000e+00
1.000000e+00
1.000000e+00
1.000000e+00
1.000000e+00
1.000000e+00
1.000000e+00
1.000000e+00
1.000000e+00
1.000000e+00
1.000000e+00
1.000000e+00
1.000000e+00
1.000000e+00
1.000000e+00
1.000000e+00
1.000000e+00
9.999998e-01
9.999989e-01
9.999938e-01
9.999667e-01
9.998323e-01
9.992442e-01
9.971974e-01
9.920692e-01
9.830452e-01
9.710225e-01
9.574321e-01
9.432280e-01
9.288577e-01
9.144753e-01
9.001422e-01
8.859004e-01
8.717688e-01
8.577615e-01
8.438887e-01
8.301573e-01
8.165724e-01
8.031374e-01
7.898552e-01
7.767260e-01
7.637531e-01
7.509375e-01
7.382786e-01
7.257764e-01
7.134307e-01
7.012413e-01
6.892081e-01
6.773306e-01
6.656088e-01
6.540362e-01
6.426205e-01
6.313580e-01
6.202512e-01
6.092975e-01
5.984970e-01
5.878492e-01
5.773537e-01
5.670115e-01
5.568170e-01
5.467744e-01
5.368837e-01
5.271495e-01
5.175743e-01
5.081618e-01
4.989254e-01
4.898743e-01
4.810202e-01
4.723921e-01
4.640231e-01
4.559904e-01
4.484234e-01
4.415260e-01
4.355988e-01
4.309947e-01
4.279719e-01
4.264319e-01
4.259421e-01
4.258738e-01
4.259855e-01
4.261116e-01
4.261735e-01
4.261852e-01
4.261835e-01
4.261776e-01
4.261638e-01
4.261484e-01
4.261368e-01
4.261284e-01
4.261296e-01
4.261313e-01
4.261315e-01
4.261294e-01
4.261254e-01
4.261201e-01
4.261133e-01
4.261042e-01
4.260918e-01
4.260755e-01
4.260556e-01
4.260325e-01
4.260057e-01
4.259723e-01
4.259262e-01
4.258560e-01
4.257383e-01
4.255241e-01
4.251101e-01
4.242867e-01
4.226565e-01
4.195312e-01
4.138494e-01
4.042076e-01
3.891734e-01
3.680183e-01
3.415768e-01
3.134362e-01
2.889978e-01
2.726275e-01
2.656583e-01
2.643876e-01
2.643644e-01
2.644525e-01
2.647091e-01
2.650910e-01
2.654342e-01
2.655975e-01
2.656164e-01
2.656127e-01
2.655987e-01
2.655743e-01
2.655552e-01
2.655518e-01
2.655536e-01
2.655605e-01
2.655717e-01
2.655813e-01
2.655847e-01
2.655842e-01
2.655800e-01
2.655705e-01
2.655581e-01
2.655467e-01
2.655383e-01
2.655326e-01
2.655174e-01
2.654635e-01
2.651759e-01
2.637364e-01
2.563973e-01
2.214871e-01
1.534012e-01
1.262613e-01
1.250035e-01
1.250000e-01
1.250000e-01
1.250000e-01
1.250000e-01
1.250000e-01
1.250000e-01
1.250000e-01
1.250000e-01
1.250000e-01
1.250000e-01
1.250000e-01
1.250000e-01
1.250000e-01
1.250000e-01
1.250000e-01
1.250000e-01
1.250000e-01
1.250000e-01
1.250000e-01
1.250000e-01
1.250000e-01
1.250000e-01
1.250000e-01
1.250000e-01
1.250000e-01
1.250000e-01
1.250000e-01
1.250000e-01
1.250000e-01
1.250000e-01
1.250000e-01
1.250000e-01
1.250000e-01
1.250000e-01
1.250000e-01
1.250000e-01
1.250000e-01
1.250000e-01
1.250000e-01
1.250000e-01
1.250000e-01
1.250000e-01
1.250000e-01
1.250000e-01
1.250000e-01
1.250000e-01
1.250000e-01
1.250000e-01
1.250000e-01
1.250000e-01
1.250000e-01
1.250000e-01
1.250000e-01
1.250000e-01
1.250000e-01
1.250000e-01
1.250000e-01
1.250000e-01
1.250000e-01
1.250000e-01
1.250000e-01
1.250000e-01
1.250000e-01
1.250000e-01
1.250000e-01
1.250000e-01
1.250000e-01
1.250000e-01
1.250000e-01
1.250000e-01
1.250000e-01
1.250000e-01
1.250000e-01
1.250000e-01
1.250000e-01
1.250000e-01
1.250000e-01
1.250000e-01
1.250000e-01
1.250000e-01
1.250000e-01
1.250000e-01
1.250000e-01
1.250000e-01
1.250000e-01
1.250000e-01
1.250000e-01
1.250000e-01
1.250000e-01
1.250000e-01
1.250000e-01
1.250000e-01
1.250000e-01
1.250000e-01
1.250000e-01
1.250000e-01
1.250000e-01
1.250003e-01
1.250029e-01
1.250329e-01
1.253670e-01
1.288293e-01
1.540370e-01
2.196744e-01
2.563332e-01
2.636666e-01
2.652746e-01
2.654963e-01
2.655225e-01
2.655294e-01
2.655363e-01
2.655495e-01
2.655669e-01
2.655826e-01
2.655930e-01
2.655968e-01
2.655966e-01
2.655899e-01
2.655744e-01
2.655563e-01
2.655441e-01
2.655408e-01
2.655438e-01
2.655576e-01
2.655734e-01
2.655786e-01
2.655760e-01
2.655298e-01
2.653869e-01
2.652108e-01
2.651099e-01
2.650894e-01
2.651640e-01
2.659067e-01
2.690181e-01
2.771654e-01
2.925295e-01
3.147990e-01
3.410498e-01
3.666057e-01
3.878059e-01
4.033341e-01
4.133845e-01
4.192687e-01
4.224509e-01
4.240756e-01
4.248826e-01
4.252882e-01
4.255041e-01
4.256309e-01
4.257139e-01
4.257733e-01
4.258183e-01
4.258544e-01
4.258847e-01
4.259110e-01
4.259340e-01
4.259537e-01
4.259703e-01
4.259846e-01
4.259972e-01
4.260083e-01
4.260171e-01
4.260239e-01
4.260317e-01
4.260459e-01
4.260660e-01
4.260909e-01
4.261127e-01
4.261254e-01
4.261340e-01
4.261416e-01
4.261456e-01
4.261379e-01
4.260566e-01
4.258965e-01
4.257926e-01
4.259998e-01
