4.280114e-01
4.323405e-01
4.389548e-01
4.473041e-01
4.567618e-01
4.669155e-01
4.775402e-01
4.885060e-01
4.997798e-01
5.113255e-01
5.231314e-01
5.351770e-01
5.474606e-01
5.599767e-01
5.727136e-01
5.856793e-01
5.988735e-01
6.122943e-01
6.259421e-01
6.398182e-01
6.539179e-01
6.682455e-01
6.827855e-01
6.975469e-01
7.125243e-01
7.277144e-01
7.431125e-01
7.587123e-01
7.745053e-01
7.904843e-01
8.066279e-01
8.229221e-01
8.393409e-01
8.558517e-01
8.724104e-01
8.889570e-01
9.054096e-01
9.216565e-01
9.375233e-01
9.527657e-01
9.670347e-01
9.798175e-01
9.902490e-01
9.970135e-01
9.996071e-01
9.999870e-01
9.999999e-01
1.000000e+00
1.000000e+00
1.000000e+00
1.000000e+00
1.000000e+00
1.000000e+00
1.000000e+00
1.000000e+00
1.000000e+00
1.000000e+00
1.000000e+00
1.000000e+00
1.000000e+00
1.000000e+00
1.000000e+00
1.000000e+00
1.000000e+00
1.000000e+00
1.000000e+00
1.000000e+00
1.000000e+00
1.000000e+00
1.000000e+00
1.000000e+00
1.000000e+00
1.000000e+00
1.000000e+00
1.000000e+00
1.000000e+00
1.000000e+00
1.000000e+00
1.000000e+00
1.000000e+00
1.000000e+00
1.000000e+00
1.000000e+00
1.000000e+00
1.000000e+00
1.000000e+00
1.000000e+00
1.000000e+00
1.000000e+00
1.000000e+00
1.000000e+00
1.000000e+00
1.000000e+00
1.000000e+00
1.000000e+00
1.000000e+00
1.000000e+00
1.000000e+00
1.000000e+00
1.000000e+00
1.000000e+00
1.000000e+00
1.000000e+00
1.000000e+00
1.000000e+00
1.000000e+00
1.000000e+00
1.000000e+00
1.000000e+00
1.000000e+00
1.000000e+00
1.000000e+00
1.000000e+00
1.000000e+00
1.000000e+00
1.000000e+00
1.000000e+00
1.000000e+00
1.000000e+00
1.000000e+00
1.000000e+00
1.000000e+00
1.000000e+00
1.000000e+00
1.000000e+00
1.000000e+00
1.000000e+00
1.000000e+00
1.000000e+00
1.000000e+00
1.000000e+00
1.000000e+00
1.000000e+00
1.000000e+00
1.000000e+00
1.000000e+00
1.000000e+00
1.000000e+00
1.000000e+00
1.000000e+00
1.000000e+00
1.000000e+00
1.000000e+00
1.000000e+00
1.000000e+00
1.000000e+00
1.000000e+00
1.000000e+00
1.000000e+00
1.000000e+00
1.000000e+00
1.000000e+00
1.000000e+00
1.000000e+00
1.000000e+00
1.000000e+00
1.000000e+00
1.000000e+00
1.000000e+00
1.000000e+00
1.000000e+00
1.000000e+00
1.000000e+00
1.000000e+00
1.000000e+00
1.000000e+00
1.000000e+00
1.000000e+00
1.000000e+00
1.000000e+00
1.000000e+00
1.000000e+00
1.000000e+00
1.000000e+00
1.000000e+00
1.000000e+00
1.000000e+00
1.000000e+00
1.000000e+00
1.000000e+00
1.000000e+00
1.000000e+00
1.000000e+00
1.000000e+00
1.000000e+00
1.000000e+00
1.000000e+00
1.000000e+00
1.000000e+00
1.000000e+00
1.000000e+00
1.000000e+00
1.000000e+00
1.000000e+00
1.000000e+00
1.000000e+00
1.000000e+00
1.000000e+00
1.000000e+00
1.000000e+00
1.000000e+00
1.000000e+00
1.000000e+00
1.000000e+00
1.000000e+00
1.000000e+00
9.999999e-01
9.999996e-01
9.999976e-01
9.999867e-01
9.999284e-01
9.996437e-01
9.984630e-01
9.947484e-01
9.865879e-01
9.738558e-01
9.581988e-01
9.412316e-01
9.238534e-01
9.064146e-01
8.890403e-01
8.717947e-01
8.547140e-01
8.378211e-01
8.211311e-01
8.046539e-01
7.883973e-01
7.723614e-01
7.565568e-01
7.409820e-01
7.256378e-01
7.105248e-01
6.956431e-01
6.809925e-01
6.665739e-01
6.523772e-01
6.384148e-01
6.246822e-01
6.111816e-01
5.979115e-01
5.848704e-01
5.720600e-01
5.594796e-01
5.471226e-01
5.350002e-01
5.231191e-01
5.114849e-01
5.001201e-01
4.890446e-01
4.782965e-01
4.679258e-01
4.580521e-01
4.488739e-01
4.407249e-01
4.340697e-01
4.293892e-01
4.268030e-01
4.258806e-01
4.257205e-01
4.258782e-01
4.260569e-01
4.261377e-01
4.261496e-01
4.261464e-01
4.261373e-01
4.261216e-01
4.261001e-01
4.260794e-01
4.260625e-01
4.260523e-01
4.260424e-01
4.260282e-01
4.260096e-01
4.259882e-01
4.259630e-01
4.259299e-01
4.258814e-01
4.258061e-01
4.256832e-01
4.254657e-01
4.250437e-01
4.241739e-01
4.223646e-01
4.187309e-01
4.118891e-01
4.000524e-01
3.816134e-01
3.562513e-01
3.263340e-01
2.978321e-01
2.768210e-01
2.665458e-01
2.641917e-01
2.640949e-01
2.641890e-01
2.645008e-01
2.649853e-01
2.654142e-01
2.656151e-01
2.656423e-01
2.656380e-01
2.656174e-01
2.655808e-01
2.655460e-01
2.655276e-01
2.655240e-01
2.655283e-01
2.655409e-01
2.655583e-01
2.655732e-01
2.655748e-01
2.655648e-01
2.654914e-01
2.651286e-01
2.633387e-01
2.542539e-01
2.133314e-01
1.466387e-01
1.256978e-01
1.250013e-01
1.250000e-01
1.250000e-01
1.250000e-01
1.250000e-01
1.250000e-01
1.250000e-01
1.250000e-01
1.250000e-01
1.250000e-01
1.250000e-01
1.250000e-01
1.250000e-01
1.250000e-01
1.250000e-01
1.250000e-01
1.250000e-01
1.250000e-01
1.250000e-01
1.250000e-01
1.250000e-01
1.250000e-01
1.250000e-01
1.250000e-01
1.250000e-01
1.250000e-01
1.250000e-01
1.250000e-01
1.250000e-01
1.250000e-01
1.250000e-01
1.250000e-01
1.250000e-01
1.250000e-01
1.250000e-01
1.250000e-01
1.250000e-01
1.250000e-01
1.250000e-01
1.250000e-01
1.250000e-01
1.250000e-01
1.250000e-01
1.250000e-01
1.250000e-01
1.250000e-01
1.250000e-01
1.250000e-01
1.250000e-01
1.250000e-01
1.250000e-01
1.250000e-01
1.250000e-01
1.250000e-01
1.250000e-01
1.250000e-01
1.250000e-01
1.250000e-01
1.250000e-01
1.250000e-01
1.250000e-01
1.250000e-01
1.250000e-01
1.250000e-01
1.250000e-01
1.250000e-01
1.250000e-01
1.250000e-01
1.250000e-01
1.250000e-01
1.250000e-01
1.250000e-01
1.250000e-01
1.250000e-01
1.250000e-01
1.250000e-01
1.250000e-01
1.250000e-01
1.250000e-01
1.250000e-01
1.250000e-01
1.250000e-01
1.250000e-01
1.250000e-01
1.250000e-01
1.250000e-01
1.250000e-01
1.250000e-01
1.250000e-01
1.250000e-01
1.250000e-01
1.250000e-01
1.250000e-01
1.250000e-01
1.250000e-01
1.250000e-01
1.250000e-01
1.250000e-01
1.250000e-01
1.250000e-01
1.250000e-01
1.250000e-01
1.250000e-01
1.250000e-01
1.250000e-01
1.250000e-01
1.250000e-01
1.250000e-01
1.250000e-01
1.250000e-01
1.250000e-01
1.250000e-01
1.250000e-01
1.250000e-01
1.250000e-01
1.250000e-01
1.250000e-01
1.250000e-01
1.250000e-01
1.250000e-01
1.250000e-01
1.250000e-01
1.250000e-01
1.250000e-01
1.250000e-01
1.250000e-01
1.250002e-01
1.250021e-01
1.250241e-01
1.252691e-01
1.278522e-01
1.481727e-01
2.110882e-01
2.542945e-01
2.631924e-01
2.652399e-01
2.655436e-01
2.655857e-01
2.655890e-01
2.655809e-01
2.655639e-01
2.655437e-01
2.655262e-01
2.655192e-01
2.655230e-01
2.655371e-01
2.655660e-01
2.655942e-01
2.656049e-01
2.656010e-01
2.655423e-01
2.653538e-01
2.650869e-01
2.649158e-01
2.648760e-01
2.649664e-01
2.659456e-01
2.701403e-01
2.810339e-01
3.005534e-01
3.269799e-01
3.554748e-01
3.804422e-01
3.991997e-01
4.114318e-01
4.184721e-01
4.221518e-01
4.239451e-01
4.247936e-01
4.252066e-01
4.254277e-01
4.255625e-01
4.256541e-01
4.257200e-01
4.257697e-01
4.258101e-01
4.258445e-01
4.258732e-01
4.258965e-01
4.259189e-01
4.259480e-01
4.259828e-01
4.260192e-01
4.260446e-01
4.260585e-01
4.260681e-01
4.260843e-01
4.260959e-01
4.260904e-01
4.259664e-01
4.257288e-01
4.256041e-01
4.260762e-01
