4.291263e-01
4.351001e-01
4.437078e-01
4.541445e-01
4.657044e-01
4.779856e-01
4.907578e-01
5.039674e-01
5.175515e-01
5.314792e-01
5.457358e-01
5.603115e-01
5.751873e-01
5.903738e-01
6.058663e-01
6.216660e-01
6.377706e-01
6.541755e-01
6.708824e-01
6.878710e-01
7.051507e-01
7.227111e-01
7.405443e-01
7.586397e-01
7.769838e-01
7.955549e-01
8.143233e-01
8.332549e-01
8.522992e-01
8.713876e-01
8.904246e-01
9.092784e-01
9.277507e-01
9.455411e-01
9.622166e-01
9.771359e-01
9.892155e-01
9.968547e-01
9.996216e-01
9.999891e-01
1.000000e+00
1.000000e+00
1.000000e+00
1.000000e+00
1.000000e+00
1.000000e+00
1.000000e+00
1.000000e+00
1.000000e+00
1.000000e+00
1.000000e+00
1.000000e+00
1.000000e+00
1.000000e+00
1.000000e+00
1.000000e+00
1.000000e+00
1.000000e+00
1.000000e+00
1.000000e+00
1.000000e+00
1.000000e+00
1.000000e+00
1.000000e+00
1.000000e+00
1.000000e+00
1.000000e+00
1.000000e+00
1.000000e+00
1.000000e+00
1.000000e+00
1.000000e+00
1.000000e+00
1.000000e+00
1.000000e+00
1.000000e+00
1.000000e+00
1.000000e+00
1.000000e+00
1.000000e+00
1.000000e+00
1.000000e+00
1.000000e+00
1.000000e+00
1.000000e+00
1.000000e+00
1.000000e+00
1.000000e+00
1.000000e+00
1.000000e+00
1.000000e+00
1.000000e+00
1.000000e+00
1.000000e+00
1.000000e+00
1.000000e+00
1.000000e+00
1.000000e+00
1.000000e+00
1.000000e+00
1.000000e+00
1.000000e+00
1.000000e+00
1.000000e+00
1.000000e+00
1.000000e+00
1.000000e+00
1.000000e+00
1.000000e+00
1.000000e+00
1.000000e+00
1.000000e+00
1.000000e+00
1.000000e+00
1.000000e+00
1.000000e+00
1.000000e+00
1.000000e+00
1.000000e+00
1.000000e+00
1.000000e+00
1.000000e+00
1.000000e+00
1.000000e+00
1.000000e+00
1.000000e+00
1.000000e+00
1.000000e+00
1.000000e+00
1.000000e+00
1.000000e+00
1.000000e+00
1.000000e+00
1.000000e+00
1.000000e+00
1.000000e+00
1.000000e+00
1.000000e+00
1.000000e+00
1.000000e+00
1.000000e+00
1.000000e+00
1.000000e+00
1.000000e+00
1.000000e+00
1.000000e+00
1.000000e+00
1.000000e+00
1.000000e+00
1.000000e+00
1.000000e+00
1.000000e+00
1.000000e+00
1.000000e+00
1.000000e+00
1.000000e+00
1.000000e+00
1.000000e+00
1.000000e+00
1.000000e+00
1.000000e+00
1.000000e+00
1.000000e+00
1.000000e+00
1.000000e+00
1.000000e+00
1.000000e+00
1.000000e+00
1.000000e+00
1.000000e+00
1.000000e+00
1.000000e+00
1.000000e+00
1.000000e+00
1.000000e+00
1.000000e+00
1.000000e+00
1.000000e+00
1.000000e+00
1.000000e+00
1.000000e+00
1.000000e+00
1.000000e+00
1.000000e+00
1.000000e+00
1.000000e+00
1.000000e+00
1.000000e+00
1.000000e+00
1.000000e+00
1.000000e+00
1.000000e+00
1.000000e+00
1.000000e+00
1.000000e+00
1.000000e+00
1.000000e+00
1.000000e+00
1.000000e+00
1.000000e+00
1.000000e+00
1.000000e+00
1.000000e+00
1.000000e+00
1.000000e+00
1.000000e+00
1.000000e+00
1.000000e+00
1.000000e+00
1.000000e+00
1.000000e+00
1.000000e+00
9.999999e-01
9.999995e-01
9.999974e-01
9.999849e-01
9.999173e-01
9.995815e-01
9.981725e-01
9.937225e-01
9.839973e-01
9.689779e-01
9.506836e-01
9.309977e-01
9.109297e-01
8.908484e-01
8.708936e-01
8.511351e-01
8.316159e-01
8.123618e-01
7.933896e-01
7.747072e-01
7.563246e-01
7.382482e-01
7.204783e-01
7.030162e-01
6.858624e-01
6.690196e-01
6.524747e-01
6.362439e-01
6.203235e-01
6.047147e-01
5.894183e-01
5.744333e-01
5.597616e-01
5.453941e-01
5.313503e-01
5.176425e-01
5.042902e-01
4.913343e-01
4.788392e-01
4.668813e-01
4.556688e-01
4.455442e-01
4.370474e-01
4.308251e-01
4.272008e-01
4.258385e-01
4.255788e-01
4.257840e-01
4.260093e-01
4.260972e-01
4.261061e-01
4.261028e-01
4.260928e-01
4.260722e-01
4.260380e-01
4.259967e-01
4.259608e-01
4.259362e-01
4.259140e-01
4.258802e-01
4.258224e-01
4.257290e-01
4.255794e-01
4.253160e-01
4.247890e-01
4.236534e-01
4.212044e-01
4.161941e-01
4.067712e-01
3.908341e-01
3.671431e-01
3.369283e-01
3.057585e-01
2.810348e-01
2.676655e-01
2.640910e-01
2.638769e-01
2.639744e-01
2.643243e-01
2.648831e-01
2.653847e-01
2.656087e-01
2.656274e-01
2.656212e-01
2.656002e-01
2.655681e-01
2.655420e-01
2.655405e-01
2.655469e-01
2.655576e-01
2.655587e-01
2.655274e-01
2.652925e-01
2.640973e-01
2.580892e-01
2.285781e-01
1.608710e-01
1.271482e-01
1.250087e-01
1.250000e-01
1.250000e-01
1.250000e-01
1.250000e-01
1.250000e-01
1.250000e-01
1.250000e-01
1.250000e-01
1.250000e-01
1.250000e-01
1.250000e-01
1.250000e-01
1.250000e-01
1.250000e-01
1.250000e-01
1.250000e-01
1.250000e-01
1.250000e-01
1.250000e-01
1.250000e-01
1.250000e-01
1.250000e-01
1.250000e-01
1.250000e-01
1.250000e-01
1.250000e-01
1.250000e-01
1.250000e-01
1.250000e-01
1.250000e-01
1.250000e-01
1.250000e-01
1.250000e-01
1.250000e-01
1.250000e-01
1.250000e-01
1.250000e-01
1.250000e-01
1.250000e-01
1.250000e-01
1.250000e-01
1.250000e-01
1.250000e-01
1.250000e-01
1.250000e-01
1.250000e-01
1.250000e-01
1.250000e-01
1.250000e-01
1.250000e-01
1.250000e-01
1.250000e-01
1.250000e-01
1.250000e-01
1.250000e-01
1.250000e-01
1.250000e-01
1.250000e-01
1.250000e-01
1.250000e-01
1.250000e-01
1.250000e-01
1.250000e-01
1.250000e-01
1.250000e-01
1.250000e-01
1.250000e-01
1.250000e-01
1.250000e-01
1.250000e-01
1.250000e-01
1.250000e-01
1.250000e-01
1.250000e-01
1.250000e-01
1.250000e-01
1.250000e-01
1.250000e-01
1.250000e-01
1.250000e-01
1.250000e-01
1.250000e-01
1.250000e-01
1.250000e-01
1.250000e-01
1.250000e-01
1.250000e-01
1.250000e-01
1.250000e-01
1.250000e-01
1.250000e-01
1.250000e-01
1.250000e-01
1.250000e-01
1.250000e-01
1.250000e-01
1.250000e-01
1.250000e-01
1.250000e-01
1.250000e-01
1.250000e-01
1.250000e-01
1.250000e-01
1.250000e-01
1.250000e-01
1.250000e-01
1.250000e-01
1.250000e-01
1.250000e-01
1.250000e-01
1.250000e-01
1.250000e-01
1.250000e-01
1.250000e-01
1.250000e-01
1.250000e-01
1.250000e-01
1.250000e-01
1.250000e-01
1.250000e-01
1.250000e-01
1.250000e-01
1.250000e-01
1.250000e-01
1.250000e-01
1.250000e-01
1.250000e-01
1.250000e-01
1.250000e-01
1.250000e-01
1.250000e-01
1.250000e-01
1.250000e-01
1.250000e-01
1.250000e-01
1.250000e-01
1.250000e-01
1.250000e-01
1.250000e-01
1.250000e-01
1.250000e-01
1.250000e-01
1.250000e-01
1.250003e-01
1.250039e-01
1.250446e-01
1.254951e-01
1.300673e-01
1.605842e-01
2.272404e-01
2.579220e-01
2.641231e-01
2.654212e-01
2.655833e-01
2.655856e-01
2.655620e-01
2.655279e-01
2.655060e-01
2.655026e-01
2.655257e-01
2.655702e-01
2.655952e-01
2.656035e-01
2.655730e-01
2.653477e-01
2.649883e-01
2.647504e-01
2.646870e-01
2.647734e-01
2.659861e-01
2.713986e-01
2.849221e-01
3.079130e-01
3.372105e-01
3.663710e-01
3.899422e-01
4.062315e-01
4.159001e-01
4.209809e-01
4.234178e-01
4.245309e-01
4.250487e-01
4.253160e-01
4.254785e-01
4.255904e-01
4.256689e-01
4.257238e-01
4.257695e-01
4.258204e-01
4.258769e-01
4.259301e-01
4.259645e-01
4.259826e-01
4.259941e-01
4.260236e-01
4.260496e-01
4.260472e-01
4.258806e-01
4.255671e-01
4.254297e-01
4.262067e-01
