4.272676e-01
4.303535e-01
4.353852e-01
4.420462e-01
4.498096e-01
4.582799e-01
4.672075e-01
4.764609e-01
4.859572e-01
4.956794e-01
5.056065e-01
5.157297e-01
5.260362e-01
5.365214e-01
5.471839e-01
5.580186e-01
5.690233e-01
5.801968e-01
5.915437e-01
6.030631e-01
6.147537e-01
6.266166e-01
6.386528e-01
6.508605e-01
6.632413e-01
6.757876e-01
6.885028e-01
7.013860e-01
7.144358e-01
7.276503e-01
7.410269e-01
7.545616e-01
7.682507e-01
7.820913e-01
7.960714e-01
8.101842e-01
8.244174e-01
8.387558e-01
8.531797e-01
8.676630e-01
8.821712e-01
8.966584e-01
9.110640e-01
9.253022e-01
9.392481e-01
9.527267e-01
9.654918e-01
9.771980e-01
9.872998e-01
9.948674e-01
9.988787e-01
9.999168e-01
9.999988e-01
1.000000e+00
1.000000e+00
1.000000e+00
1.000000e+00
1.000000e+00
1.000000e+00
1.000000e+00
1.000000e+00
1.000000e+00
1.000000e+00
1.000000e+00
1.000000e+00
1.000000e+00
1.000000e+00
1.000000e+00
1.000000e+00
1.000000e+00
1.000000e+00
1.000000e+00
1.000000e+00
1.000000e+00
1.000000e+00
1.000000e+00
1.000000e+00
1.000000e+00
1.000000e+00
1.000000e+00
1.000000e+00
1.000000e+00
1.000000e+00
1.000000e+00
1.000000e+00
1.000000e+00
1.000000e+00
1.000000e+00
1.000000e+00
1.000000e+00
1.000000e+00
1.000000e+00
1.000000e+00
1.000000e+00
1.000000e+00
1.000000e+00
1.000000e+00
1.000000e+00
1.000000e+00
1.000000e+00
1.000000e+00
1.000000e+00
1.000000e+00
1.000000e+00
1.000000e+00
1.000000e+00
1.000000e+00
1.000000e+00
1.000000e+00
1.000000e+00
1.000000e+00
1.000000e+00
1.000000e+00
1.000000e+00
1.000000e+00
1.000000e+00
1.000000e+00
1.000000e+00
1.000000e+00
1.000000e+00
1.000000e+00
1.000000e+00
1.000000e+00
1.000000e+00
1.000000e+00
1.000000e+00
1.000000e+00
1.000000e+00
1.000000e+00
1.000000e+00
1.000000e+00
1.000000e+00
1.000000e+00
1.000000e+00
1.000000e+00
1.000000e+00
1.000000e+00
1.000000e+00
1.000000e+00
1.000000e+00
1.000000e+00
1.000000e+00
1.000000e+00
1.000000e+00
1.000000e+00
1.000000e+00
1.000000e+00
1.000000e+00
1.000000e+00
1.000000e+00
1.000000e+00
1.000000e+00
1.000000e+00
1.000000e+00
1.000000e+00
1.000000e+00
1.000000e+00
1.000000e+00
1.000000e+00
1.000000e+00
1.000000e+00
1.000000e+00
1.000000e+00
1.000000e+00
1.000000e+00
1.000000e+00
1.000000e+00
1.000000e+00
1.000000e+00
1.000000e+00
1.000000e+00
1.000000e+00
1.000000e+00
1.000000e+00
1.000000e+00
1.000000e+00
1.000000e+00
1.000000e+00
1.000000e+00
1.000000e+00
1.000000e+00
1.000000e+00
1.000000e+00
1.000000e+00
1.000000e+00
1.000000e+00
1.000000e+00
1.000000e+00
1.000000e+00
1.000000e+00
1.000000e+00
1.000000e+00
1.000000e+00
1.000000e+00
1.000000e+00
1.000000e+00
1.000000e+00
1.000000e+00
1.000000e+00
1.000000e+00
9.999999e-01
9.999992e-01
9.999954e-01
9.999752e-01
9.998725e-01
9.994051e-01
9.976760e-01
9.930042e-01
9.841938e-01
9.718980e-01
9.576661e-01
9.426427e-01
9.273937e-01
9.121211e-01
8.969016e-01
8.817837e-01
8.667904e-01
8.519384e-01
8.372391e-01
8.227005e-01
8.083280e-01
7.941257e-01
7.800961e-01
7.662394e-01
7.525613e-01
7.390599e-01
7.257351e-01
7.125870e-01
6.996157e-01
6.868209e-01
6.742021e-01
6.617578e-01
6.494846e-01
6.373876e-01
6.254657e-01
6.137191e-01
6.021469e-01
5.907473e-01
5.795211e-01
5.684692e-01
5.575871e-01
5.468758e-01
5.363382e-01
5.259798e-01
5.158037e-01
5.058168e-01
4.960342e-01
4.864708e-01
4.771490e-01
4.680986e-01
4.593972e-01
4.511654e-01
4.436076e-01
4.370366e-01
4.318432e-01
4.283539e-01
4.265308e-01
4.259225e-01
4.258294e-01
4.259535e-01
4.260952e-01
4.261640e-01
4.261764e-01
4.261741e-01
4.261677e-01
4.261536e-01
4.261369e-01
4.261227e-01
4.261115e-01
4.261092e-01
4.261086e-01
4.261073e-01
4.261039e-01
4.260978e-01
4.260883e-01
4.260745e-01
4.260565e-01
4.260349e-01
4.260104e-01
4.259817e-01
4.259447e-01
4.258919e-01
4.258085e-01
4.256651e-01
4.253981e-01
4.248708e-01
4.238056e-01
4.216830e-01
4.176265e-01
4.103443e-01
3.982588e-01
3.800604e-01
3.556103e-01
3.270636e-01
2.996444e-01
2.787245e-01
2.675778e-01
2.645047e-01
2.642795e-01
2.643287e-01
2.645356e-01
2.649147e-01
2.653187e-01
2.655618e-01
2.656181e-01
2.656178e-01
2.656086e-01
2.655873e-01
2.655634e-01
2.655545e-01
2.655549e-01
2.655589e-01
2.655672e-01
2.655747e-01
2.655761e-01
2.655720e-01
2.655638e-01
2.655562e-01
2.655498e-01
2.655438e-01
2.655322e-01
2.654942e-01
2.653160e-01
2.644136e-01
2.598562e-01
2.366988e-01
1.718784e-01
1.290584e-01
1.250268e-01
1.250000e-01
1.250000e-01
1.250000e-01
1.250000e-01
1.250000e-01
1.250000e-01
1.250000e-01
1.250000e-01
1.250000e-01
1.250000e-01
1.250000e-01
1.250000e-01
1.250000e-01
1.250000e-01
1.250000e-01
1.250000e-01
1.250000e-01
1.250000e-01
1.250000e-01
1.250000e-01
1.250000e-01
1.250000e-01
1.250000e-01
1.250000e-01
1.250000e-01
1.250000e-01
1.250000e-01
1.250000e-01
1.250000e-01
1.250000e-01
1.250000e-01
1.250000e-01
1.250000e-01
1.250000e-01
1.250000e-01
1.250000e-01
1.250000e-01
1.250000e-01
1.250000e-01
1.250000e-01
1.250000e-01
1.250000e-01
1.250000e-01
1.250000e-01
1.250000e-01
1.250000e-01
1.250000e-01
1.250000e-01
1.250000e-01
1.250000e-01
1.250000e-01
1.250000e-01
1.250000e-01
1.250000e-01
1.250000e-01
1.250000e-01
1.250000e-01
1.250000e-01
1.250000e-01
1.250000e-01
1.250000e-01
1.250000e-01
1.250000e-01
1.250000e-01
1.250000e-01
1.250000e-01
1.250000e-01
1.250000e-01
1.250000e-01
1.250000e-01
1.250000e-01
1.250000e-01
1.250000e-01
1.250000e-01
1.250000e-01
1.250000e-01
1.250000e-01
1.250000e-01
1.250000e-01
1.250000e-01
1.250000e-01
1.250000e-01
1.250000e-01
1.250000e-01
1.250000e-01
1.250000e-01
1.250000e-01
1.250000e-01
1.250000e-01
1.250000e-01
1.250000e-01
1.250000e-01
1.250000e-01
1.250000e-01
1.250000e-01
1.250000e-01
1.250000e-01
1.250000e-01
1.250000e-01
1.250000e-01
1.250000e-01
1.250000e-01
1.250000e-01
1.250000e-01
1.250000e-01
1.250000e-01
1.250000e-01
1.250005e-01
1.250059e-01
1.250664e-01
1.257337e-01
1.322774e-01
1.705142e-01
2.360059e-01
2.595591e-01
2.644657e-01
2.653882e-01
2.655104e-01
2.655302e-01
2.655407e-01
2.655511e-01
2.655662e-01
2.655835e-01
2.655946e-01
2.655969e-01
2.655927e-01
2.655759e-01
2.655538e-01
2.655394e-01
2.655348e-01
2.655370e-01
2.655548e-01
2.655742e-01
2.655807e-01
2.655767e-01
2.655046e-01
2.653115e-01
2.651261e-01
2.650422e-01
2.650352e-01
2.652278e-01
2.666362e-01
2.716054e-01
2.830004e-01
3.022022e-01
3.274854e-01
3.546058e-01
3.786730e-01
3.972171e-01
4.097645e-01
4.173170e-01
4.214683e-01
4.235959e-01
4.246427e-01
4.251572e-01
4.254228e-01
4.255733e-01
4.256686e-01
4.257350e-01
4.257854e-01
4.258262e-01
4.258607e-01
4.258902e-01
4.259151e-01
4.259361e-01
4.259539e-01
4.259693e-01
4.259820e-01
4.259923e-01
4.260035e-01
4.260212e-01
4.260448e-01
4.260724e-01
4.260952e-01
4.261076e-01
4.261170e-01
4.261267e-01
4.261319e-01
4.261242e-01
4.260305e-01
4.258493e-01
4.257389e-01
4.260150e-01
