4.286385e-01
4.339034e-01
4.416704e-01
4.512287e-01
4.619055e-01
4.732843e-01
4.851421e-01
4.973949e-01
5.099885e-01
5.229041e-01
5.361098e-01
5.496002e-01
5.633739e-01
5.774080e-01
5.917199e-01
6.063023e-01
6.211576e-01
6.362828e-01
6.516763e-01
6.673405e-01
6.832565e-01
6.994335e-01
7.158646e-01
7.325446e-01
7.494647e-01
7.666154e-01
7.839885e-01
8.015563e-01
8.193004e-01
8.371876e-01
8.551748e-01
8.732030e-01
8.911910e-01
9.090275e-01
9.265486e-01
9.435065e-01
9.595457e-01
9.741532e-01
9.864952e-01
9.951937e-01
9.991737e-01
9.999586e-01
9.999997e-01
1.000000e+00
1.000000e+00
1.000000e+00
1.000000e+00
1.000000e+00
1.000000e+00
1.000000e+00
1.000000e+00
1.000000e+00
1.000000e+00
1.000000e+00
1.000000e+00
1.000000e+00
1.000000e+00
1.000000e+00
1.000000e+00
1.000000e+00
1.000000e+00
1.000000e+00
1.000000e+00
1.000000e+00
1.000000e+00
1.000000e+00
1.000000e+00
1.000000e+00
1.000000e+00
1.000000e+00
1.000000e+00
1.000000e+00
1.000000e+00
1.000000e+00
1.000000e+00
1.000000e+00
1.000000e+00
1.000000e+00
1.000000e+00
1.000000e+00
1.000000e+00
1.000000e+00
1.000000e+00
1.000000e+00
1.000000e+00
1.000000e+00
1.000000e+00
1.000000e+00
1.000000e+00
1.000000e+00
1.000000e+00
1.000000e+00
1.000000e+00
1.000000e+00
1.000000e+00
1.000000e+00
1.000000e+00
1.000000e+00
1.000000e+00
1.000000e+00
1.000000e+00
1.000000e+00
1.000000e+00
1.000000e+00
1.000000e+00
1.000000e+00
1.000000e+00
1.000000e+00
1.000000e+00
1.000000e+00
1.000000e+00
1.000000e+00
1.000000e+00
1.000000e+00
1.000000e+00
1.000000e+00
1.000000e+00
1.000000e+00
1.000000e+00
1.000000e+00
1.000000e+00
1.000000e+00
1.000000e+00
1.000000e+00
1.000000e+00
1.000000e+00
1.000000e+00
1.000000e+00
1.000000e+00
1.000000e+00
1.000000e+00
1.000000e+00
1.000000e+00
1.000000e+00
1.000000e+00
1.000000e+00
1.000000e+00
1.000000e+00
1.000000e+00
1.000000e+00
1.000000e+00
1.000000e+00
1.000000e+00
1.000000e+00
1.000000e+00
1.000000e+00
1.000000e+00
1.000000e+00
1.000000e+00
1.000000e+00
1.000000e+00
1.000000e+00
1.000000e+00
1.000000e+00
1.000000e+00
1.000000e+00
1.000000e+00
1.000000e+00
1.000000e+00
1.000000e+00
1.000000e+00
1.000000e+00
1.000000e+00
1.000000e+00
1.000000e+00
1.000000e+00
1.000000e+00
1.000000e+00
1.000000e+00
1.000000e+00
1.000000e+00
1.000000e+00
1.000000e+00
1.000000e+00
1.000000e+00
1.000000e+00
1.000000e+00
1.000000e+00
1.000000e+00
1.000000e+00
1.000000e+00
1.000000e+00
1.000000e+00
1.000000e+00
1.000000e+00
1.000000e+00
1.000000e+00
1.000000e+00
1.000000e+00
1.000000e+00
1.000000e+00
1.000000e+00
1.000000e+00
1.000000e+00
1.000000e+00
1.000000e+00
1.000000e+00
1.000000e+00
1.000000e+00
1.000000e+00
1.000000e+00
1.000000e+00
1.000000e+00
1.000000e+00
1.000000e+00
1.000000e+00
1.000000e+00
1.000000e+00
1.000000e+00
1.000000e+00
9.999999e-01
9.999992e-01
9.999956e-01
9.999756e-01
9.998698e-01
9.993689e-01
9.974283e-01
9.919356e-01
9.812081e-01
9.659591e-01
9.482039e-01
9.294692e-01
9.104971e-01
8.915417e-01
8.727112e-01
8.540613e-01
8.356266e-01
8.174287e-01
7.994815e-01
7.817947e-01
7.643697e-01
7.472201e-01
7.303431e-01
7.137395e-01
6.974106e-01
6.813566e-01
6.655786e-01
6.500651e-01
6.348310e-01
6.198733e-01
6.051909e-01
5.907850e-01
5.766544e-01
5.628029e-01
5.492157e-01
5.359142e-01
5.229022e-01
5.101903e-01
4.978120e-01
4.857971e-01
4.742083e-01
4.631318e-01
4.527765e-01
4.434873e-01
4.357702e-01
4.302078e-01
4.270286e-01
4.258501e-01
4.256385e-01
4.258250e-01
4.260329e-01
4.261155e-01
4.261239e-01
4.261196e-01
4.261113e-01
4.260967e-01
4.260717e-01
4.260401e-01
4.260089e-01
4.259857e-01
4.259683e-01
4.259495e-01
4.259225e-01
4.258798e-01
4.258124e-01
4.257059e-01
4.255276e-01
4.251953e-01
4.245135e-01
4.230581e-01
4.200155e-01
4.140313e-01
4.032319e-01
3.857220e-01
3.607630e-01
3.303169e-01
3.004562e-01
2.779609e-01
2.666998e-01
2.640734e-01
2.639698e-01
2.640795e-01
2.644338e-01
2.649707e-01
2.654376e-01
2.656256e-01
2.656380e-01
2.656268e-01
2.655974e-01
2.655560e-01
2.655268e-01
2.655216e-01
2.655276e-01
2.655479e-01
2.655681e-01
2.655774e-01
2.655603e-01
2.654330e-01
2.647615e-01
2.614354e-01
2.444452e-01
1.861361e-01
1.328892e-01
1.250921e-01
1.250000e-01
1.250000e-01
1.250000e-01
1.250000e-01
1.250000e-01
1.250000e-01
1.250000e-01
1.250000e-01
1.250000e-01
1.250000e-01
1.250000e-01
1.250000e-01
1.250000e-01
1.250000e-01
1.250000e-01
1.250000e-01
1.250000e-01
1.250000e-01
1.250000e-01
1.250000e-01
1.250000e-01
1.250000e-01
1.250000e-01
1.250000e-01
1.250000e-01
1.250000e-01
1.250000e-01
1.250000e-01
1.250000e-01
1.250000e-01
1.250000e-01
1.250000e-01
1.250000e-01
1.250000e-01
1.250000e-01
1.250000e-01
1.250000e-01
1.250000e-01
1.250000e-01
1.250000e-01
1.250000e-01
1.250000e-01
1.250000e-01
1.250000e-01
1.250000e-01
1.250000e-01
1.250000e-01
1.250000e-01
1.250000e-01
1.250000e-01
1.250000e-01
1.250000e-01
1.250000e-01
1.250000e-01
1.250000e-01
1.250000e-01
1.250000e-01
1.250000e-01
1.250000e-01
1.250000e-01
1.250000e-01
1.250000e-01
1.250000e-01
1.250000e-01
1.250000e-01
1.250000e-01
1.250000e-01
1.250000e-01
1.250000e-01
1.250000e-01
1.250000e-01
1.250000e-01
1.250000e-01
1.250000e-01
1.250000e-01
1.250000e-01
1.250000e-01
1.250000e-01
1.250000e-01
1.250000e-01
1.250000e-01
1.250000e-01
1.250000e-01
1.250000e-01
1.250000e-01
1.250000e-01
1.250000e-01
1.250000e-01
1.250000e-01
1.250000e-01
1.250000e-01
1.250000e-01
1.250000e-01
1.250000e-01
1.250000e-01
1.250000e-01
1.250000e-01
1.250000e-01
1.250000e-01
1.250000e-01
1.250000e-01
1.250000e-01
1.250000e-01
1.250000e-01
1.250000e-01
1.250000e-01
1.250000e-01
1.250000e-01
1.250000e-01
1.250000e-01
1.250000e-01
1.250000e-01
1.250000e-01
1.250000e-01
1.250000e-01
1.250000e-01
1.250000e-01
1.250000e-01
1.250000e-01
1.250000e-01
1.250000e-01
1.250000e-01
1.250000e-01
1.250000e-01
1.250000e-01
1.250000e-01
1.250000e-01
1.250000e-01
1.250000e-01
1.250000e-01
1.250000e-01
1.250000e-01
1.250000e-01
1.250000e-01
1.250000e-01
1.250000e-01
1.250001e-01
1.250008e-01
1.250095e-01
1.251072e-01
1.261725e-01
1.360535e-01
1.838643e-01
2.442817e-01
2.611105e-01
2.648799e-01
2.655284e-01
2.656025e-01
2.656024e-01
2.655789e-01
2.655336e-01
2.655015e-01
2.654932e-01
2.654968e-01
2.655297e-01
2.655825e-01
2.656128e-01
2.656183e-01
2.655819e-01
2.653809e-01
2.650514e-01
2.648233e-01
2.647607e-01
2.648223e-01
2.657902e-01
2.703065e-01
2.820343e-01
3.029703e-01
3.308547e-01
3.600257e-01
3.847000e-01
4.025503e-01
4.136704e-01
4.197821e-01
4.228340e-01
4.242667e-01
4.249336e-01
4.252645e-01
4.254510e-01
4.255718e-01
4.256576e-01
4.257208e-01
4.257672e-01
4.258033e-01
4.258379e-01
4.258803e-01
4.259276e-01
4.259722e-01
4.260005e-01
4.260158e-01
4.260265e-01
4.260510e-01
4.260708e-01
4.260666e-01
4.259167e-01
4.256350e-01
4.255025e-01
4.261455e-01
