4.302777e-01
4.378049e-01
4.482410e-01
4.605818e-01
4.740719e-01
4.883050e-01
5.031367e-01
5.184659e-01
5.342436e-01
5.504354e-01
5.670405e-01
5.840199e-01
6.013964e-01
6.191610e-01
6.373103e-01
6.558388e-01
6.747404e-01
6.939951e-01
7.136064e-01
7.335590e-01
7.538376e-01
7.744205e-01
7.952788e-01
8.163637e-01
8.376227e-01
8.589743e-01
8.803054e-01
9.014544e-01
9.221884e-01
9.421299e-01
9.607345e-01
9.771752e-01
9.900454e-01
9.975076e-01
9.997701e-01
9.999956e-01
1.000000e+00
1.000000e+00
1.000000e+00
1.000000e+00
1.000000e+00
1.000000e+00
1.000000e+00
1.000000e+00
1.000000e+00
1.000000e+00
1.000000e+00
1.000000e+00
1.000000e+00
1.000000e+00
1.000000e+00
1.000000e+00
1.000000e+00
1.000000e+00
1.000000e+00
1.000000e+00
1.000000e+00
1.000000e+00
1.000000e+00
1.000000e+00
1.000000e+00
1.000000e+00
1.000000e+00
1.000000e+00
1.000000e+00
1.000000e+00
1.000000e+00
1.000000e+00
1.000000e+00
1.000000e+00
1.000000e+00
1.000000e+00
1.000000e+00
1.000000e+00
1.000000e+00
1.000000e+00
1.000000e+00
1.000000e+00
1.000000e+00
1.000000e+00
1.000000e+00
1.000000e+00
1.000000e+00
1.000000e+00
1.000000e+00
1.000000e+00
1.000000e+00
1.000000e+00
1.000000e+00
1.000000e+00
1.000000e+00
1.000000e+00
1.000000e+00
1.000000e+00
1.000000e+00
1.000000e+00
1.000000e+00
1.000000e+00
1.000000e+00
1.000000e+00
1.000000e+00
1.000000e+00
1.000000e+00
1.000000e+00
1.000000e+00
1.000000e+00
1.000000e+00
1.000000e+00
1.000000e+00
1.000000e+00
1.000000e+00
1.000000e+00
1.000000e+00
1.000000e+00
1.000000e+00
1.000000e+00
1.000000e+00
1.000000e+00
1.000000e+00
1.000000e+00
1.000000e+00
1.000000e+00
1.000000e+00
1.000000e+00
1.000000e+00
1.000000e+00
1.000000e+00
1.000000e+00
1.000000e+00
1.000000e+00
1.000000e+00
1.000000e+00
1.000000e+00
1.000000e+00
1.000000e+00
1.000000e+00
1.000000e+00
1.000000e+00
1.000000e+00
1.000000e+00
1.000000e+00
1.000000e+00
1.000000e+00
1.000000e+00
1.000000e+00
1.000000e+00
1.000000e+00
1.000000e+00
1.000000e+00
1.000000e+00
1.000000e+00
1.000000e+00
1.000000e+00
1.000000e+00
1.000000e+00
1.000000e+00
1.000000e+00
1.000000e+00
1.000000e+00
1.000000e+00
1.000000e+00
1.000000e+00
1.000000e+00
1.000000e+00
1.000000e+00
1.000000e+00
1.000000e+00
1.000000e+00
1.000000e+00
1.000000e+00
1.000000e+00
1.000000e+00
1.000000e+00
1.000000e+00
1.000000e+00
1.000000e+00
1.000000e+00
1.000000e+00
1.000000e+00
1.000000e+00
1.000000e+00
1.000000e+00
1.000000e+00
1.000000e+00
1.000000e+00
1.000000e+00
1.000000e+00
1.000000e+00
1.000000e+00
1.000000e+00
1.000000e+00
1.000000e+00
1.000000e+00
1.000000e+00
1.000000e+00
1.000000e+00
1.000000e+00
1.000000e+00
1.000000e+00
1.000000e+00
1.000000e+00
1.000000e+00
1.000000e+00
1.000000e+00
1.000000e+00
1.000000e+00
1.000000e+00
1.000000e+00
1.000000e+00
1.000000e+00
1.000000e+00
1.000000e+00
1.000000e+00
1.000000e+00
1.000000e+00
1.000000e+00
9.999999e-01
9.999996e-01
9.999979e-01
9.999876e-01
9.999304e-01
9.996360e-01
9.983404e-01
9.939917e-01
9.838952e-01
9.676083e-01
9.473233e-01
9.253208e-01
9.028595e-01
8.804080e-01
8.581282e-01
8.361091e-01
8.144019e-01
7.930372e-01
7.720286e-01
7.513948e-01
7.311425e-01
7.112745e-01
6.917932e-01
6.727020e-01
6.539891e-01
6.356691e-01
6.177433e-01
6.002126e-01
5.830793e-01
5.663486e-01
5.500001e-01
5.340695e-01
5.185643e-01
5.035227e-01
4.890068e-01
4.751274e-01
4.620295e-01
4.500852e-01
4.398880e-01
4.322269e-01
4.276204e-01
4.257924e-01
4.254359e-01
4.256921e-01
4.259796e-01
4.260677e-01
4.260633e-01
4.260414e-01
4.260174e-01
4.259923e-01
4.259582e-01
4.259110e-01
4.258527e-01
4.257808e-01
4.256819e-01
4.255342e-01
4.252829e-01
4.247774e-01
4.236483e-01
4.211081e-01
4.157304e-01
4.053950e-01
3.877774e-01
3.617728e-01
3.295271e-01
2.981723e-01
2.755777e-01
2.655472e-01
2.637028e-01
2.636895e-01
2.639036e-01
2.644330e-01
2.650744e-01
2.654959e-01
2.656387e-01
2.656597e-01
2.656556e-01
2.656311e-01
2.655910e-01
2.655537e-01
2.655181e-01
2.654579e-01
2.651965e-01
2.639098e-01
2.573698e-01
2.256133e-01
1.575683e-01
1.267202e-01
1.250059e-01
1.250000e-01
1.250000e-01
1.250000e-01
1.250000e-01
1.250000e-01
1.250000e-01
1.250000e-01
1.250000e-01
1.250000e-01
1.250000e-01
1.250000e-01
1.250000e-01
1.250000e-01
1.250000e-01
1.250000e-01
1.250000e-01
1.250000e-01
1.250000e-01
1.250000e-01
1.250000e-01
1.250000e-01
1.250000e-01
1.250000e-01
1.250000e-01
1.250000e-01
1.250000e-01
1.250000e-01
1.250000e-01
1.250000e-01
1.250000e-01
1.250000e-01
1.250000e-01
1.250000e-01
1.250000e-01
1.250000e-01
1.250000e-01
1.250000e-01
1.250000e-01
1.250000e-01
1.250000e-01
1.250000e-01
1.250000e-01
1.250000e-01
1.250000e-01
1.250000e-01
1.250000e-01
1.250000e-01
1.250000e-01
1.250000e-01
1.250000e-01
1.250000e-01
1.250000e-01
1.250000e-01
1.250000e-01
1.250000e-01
1.250000e-01
1.250000e-01
1.250000e-01
1.250000e-01
1.250000e-01
1.250000e-01
1.250000e-01
1.250000e-01
1.250000e-01
1.250000e-01
1.250000e-01
1.250000e-01
1.250000e-01
1.250000e-01
1.250000e-01
1.250000e-01
1.250000e-01
1.250000e-01
1.250000e-01
1.250000e-01
1.250000e-01
1.250000e-01
1.250000e-01
1.250000e-01
1.250000e-01
1.250000e-01
1.250000e-01
1.250000e-01
1.250000e-01
1.250000e-01
1.250000e-01
1.250000e-01
1.250000e-01
1.250000e-01
1.250000e-01
1.250000e-01
1.250000e-01
1.250000e-01
1.250000e-01
1.250000e-01
1.250000e-01
1.250000e-01
1.250000e-01
1.250000e-01
1.250000e-01
1.250000e-01
1.250000e-01
1.250000e-01
1.250000e-01
1.250000e-01
1.250000e-01
1.250000e-01
1.250000e-01
1.250000e-01
1.250000e-01
1.250000e-01
1.250000e-01
1.250000e-01
1.250000e-01
1.250000e-01
1.250000e-01
1.250000e-01
1.250000e-01
1.250000e-01
1.250000e-01
1.250000e-01
1.250000e-01
1.250000e-01
1.250000e-01
1.250000e-01
1.250000e-01
1.250000e-01
1.250000e-01
1.250000e-01
1.250000e-01
1.250000e-01
1.250000e-01
1.250000e-01
1.250000e-01
1.250000e-01
1.250000e-01
1.250000e-01
1.250000e-01
1.250000e-01
1.250000e-01
1.250000e-01
1.250000e-01
1.250000e-01
1.250000e-01
1.250000e-01
1.250000e-01
1.250000e-01
1.250000e-01
1.250000e-01
1.250000e-01
1.250000e-01
1.250000e-01
1.250000e-01
1.250000e-01
1.250000e-01
1.250003e-01
1.250035e-01
1.250393e-01
1.254368e-01
1.295069e-01
1.577156e-01
2.241014e-01
2.572363e-01
2.638819e-01
2.652970e-01
2.654871e-01
2.655151e-01
2.655349e-01
2.655711e-01
2.656105e-01
2.656296e-01
2.656247e-01
2.655823e-01
2.654205e-01
2.650668e-01
2.646824e-01
2.645133e-01
2.645126e-01
2.650950e-01
2.685604e-01
2.795143e-01
3.009203e-01
3.303762e-01
3.613496e-01
3.870212e-01
4.049019e-01
4.154532e-01
4.208804e-01
4.233988e-01
4.245079e-01
4.250134e-01
4.252762e-01
4.254401e-01
4.255618e-01
4.256636e-01
4.257510e-01
4.258201e-01
4.258645e-01
4.258909e-01
4.259122e-01
4.259616e-01
4.260047e-01
4.260050e-01
4.257962e-01
4.254094e-01
4.252651e-01
4.263791e-01
