4.264673e-01
4.278979e-01
4.306152e-01
4.346725e-01
4.397937e-01
4.456666e-01
4.520329e-01
4.587274e-01
4.656525e-01
4.727500e-01
4.799862e-01
4.873535e-01
4.948397e-01
5.024401e-01
5.101515e-01
5.179728e-01
5.258980e-01
5.339264e-01
5.420573e-01
5.502909e-01
5.586250e-01
5.670593e-01
5.755927e-01
5.842286e-01
5.929664e-01
6.018063e-01
6.107487e-01
6.197932e-01
6.289404e-01
6.381918e-01
6.475461e-01
6.570027e-01
6.665642e-01
6.762247e-01
6.859886e-01
6.958549e-01
7.058235e-01
7.158940e-01
7.260658e-01
7.363384e-01
7.467104e-01
7.571810e-01
7.677485e-01
7.784116e-01
7.891684e-01
8.000139e-01
8.109460e-01
8.219599e-01
8.330501e-01
8.442096e-01
8.554299e-01
8.667001e-01
8.780066e-01
8.893315e-01
9.006522e-01
9.119398e-01
9.231556e-01
9.342448e-01
9.451354e-01
9.557257e-01
9.658780e-01
9.754066e-01
9.840479e-01
9.913817e-01
9.967038e-01
9.993475e-01
9.999586e-01
9.999995e-01
1.000000e+00
1.000000e+00
1.000000e+00
1.000000e+00
1.000000e+00
1.000000e+00
1.000000e+00
1.000000e+00
1.000000e+00
1.000000e+00
1.000000e+00
1.000000e+00
1.000000e+00
1.000000e+00
1.000000e+00
1.000000e+00
1.000000e+00
1.000000e+00
1.000000e+00
1.000000e+00
1.000000e+00
1.000000e+00
1.000000e+00
1.000000e+00
1.000000e+00
1.000000e+00
1.000000e+00
1.000000e+00
1.000000e+00
1.000000e+00
1.000000e+00
1.000000e+00
1.000000e+00
1.000000e+00
1.000000e+00
1.000000e+00
1.000000e+00
1.000000e+00
1.000000e+00
1.000000e+00
1.000000e+00
1.000000e+00
1.000000e+00
1.000000e+00
1.000000e+00
1.000000e+00
1.000000e+00
1.000000e+00
1.000000e+00
1.000000e+00
1.000000e+00
1.000000e+00
1.000000e+00
1.000000e+00
1.000000e+00
1.000000e+00
1.000000e+00
1.000000e+00
1.000000e+00
1.000000e+00
1.000000e+00
1.000000e+00
1.000000e+00
1.000000e+00
1.000000e+00
1.000000e+00
1.000000e+00
1.000000e+00
1.000000e+00
1.000000e+00
1.000000e+00
1.000000e+00
1.000000e+00
1.000000e+00
1.000000e+00
1.000000e+00
1.000000e+00
1.000000e+00
1.000000e+00
1.000000e+00
1.000000e+00
1.000000e+00
1.000000e+00
1.000000e+00
1.000000e+00
1.000000e+00
1.000000e+00
1.000000e+00
1.000000e+00
1.000000e+00
1.000000e+00
1.000000e+00
1.000000e+00
1.000000e+00
1.000000e+00
1.000000e+00
1.000000e+00
1.000000e+00
1.000000e+00
1.000000e+00
1.000000e+00
1.000000e+00
1.000000e+00
1.000000e+00
1.000000e+00
1.000000e+00
1.000000e+00
1.000000e+00
1.000000e+00
1.000000e+00
1.000000e+00
1.000000e+00
1.000000e+00
1.000000e+00
1.000000e+00
1.000000e+00
1.000000e+00
9.999999e-01
9.999996e-01
9.999979e-01
9.999889e-01
9.999428e-01
9.997273e-01
9.988719e-01
9.962826e-01
9.907338e-01
9.821538e-01
9.715940e-01
9.601021e-01
9.482714e-01
9.363552e-01
9.244361e-01
9.125509e-01
9.007237e-01
8.889707e-01
8.772995e-01
8.657168e-01
8.542281e-01
8.428370e-01
8.315465e-01
8.203586e-01
8.092749e-01
7.982965e-01
7.874245e-01
7.766579e-01
7.659997e-01
7.554492e-01
7.450059e-01
7.346699e-01
7.244408e-01
7.143186e-01
7.043030e-01
6.943937e-01
6.845904e-01
6.748926e-01
6.653003e-01
6.558092e-01
6.464243e-01
6.371430e-01
6.279659e-01
6.188934e-01
6.099244e-01
6.010579e-01
5.922940e-01
5.836325e-01
5.750731e-01
5.666162e-01
5.582587e-01
5.500013e-01
5.418449e-01
5.337917e-01
5.258419e-01
5.179968e-01
5.102581e-01
5.026325e-01
4.951227e-01
4.877337e-01
4.804733e-01
4.733565e-01
4.663930e-01
4.596198e-01
4.530911e-01
4.468915e-01
4.411552e-01
4.360810e-01
4.319193e-01
4.288927e-01
4.270702e-01
4.262348e-01
4.260059e-01
4.259875e-01
4.260679e-01
4.261559e-01
4.261992e-01
4.262067e-01
4.262050e-01
4.261968e-01
4.261853e-01
4.261759e-01
4.261708e-01
4.261684e-01
4.261728e-01
4.261783e-01
4.261822e-01
4.261845e-01
4.261854e-01
4.261854e-01
4.261847e-01
4.261834e-01
4.261817e-01
4.261793e-01
4.261762e-01
4.261720e-01
4.261666e-01
4.261600e-01
4.261521e-01
4.261426e-01
4.261307e-01
4.261158e-01
4.260973e-01
4.260751e-01
4.260488e-01
4.260169e-01
4.259757e-01
4.259166e-01
4.258221e-01
4.256561e-01
4.253465e-01
4.247524e-01
4.236143e-01
4.214858e-01
4.176622e-01
4.111499e-01
4.007476e-01
3.853851e-01
3.646980e-01
3.396428e-01
3.133801e-01
2.903576e-01
2.742137e-01
2.664952e-01
2.646771e-01
2.645784e-01
2.646164e-01
2.647644e-01
2.650332e-01
2.653323e-01
2.655360e-01
2.655975e-01
2.655997e-01
2.655960e-01
2.655848e-01
2.655709e-01
2.655655e-01
2.655658e-01
2.655684e-01
2.655744e-01
2.655815e-01
2.655847e-01
2.655846e-01
2.655828e-01
2.655784e-01
2.655722e-01
2.655657e-01
2.655599e-01
2.655572e-01
2.655570e-01
2.655578e-01
2.655595e-01
2.655610e-01
2.655623e-01
2.655616e-01
2.655616e-01
2.655551e-01
2.655388e-01
2.654559e-01
2.650644e-01
2.631234e-01
2.532403e-01
2.098799e-01
1.442474e-01
1.255451e-01
1.250009e-01
1.250000e-01
1.250000e-01
1.250000e-01
1.250000e-01
1.250000e-01
1.250000e-01
1.250000e-01
1.250000e-01
1.250000e-01
1.250000e-01
1.250000e-01
1.250000e-01
1.250000e-01
1.250000e-01
1.250000e-01
1.250000e-01
1.250000e-01
1.250000e-01
1.250000e-01
1.250000e-01
1.250000e-01
1.250000e-01
1.250000e-01
1.250000e-01
1.250000e-01
1.250000e-01
1.250000e-01
1.250000e-01
1.250000e-01
1.250000e-01
1.250000e-01
1.250000e-01
1.250000e-01
1.250000e-01
1.250000e-01
1.250000e-01
1.250000e-01
1.250000e-01
1.250000e-01
1.250000e-01
1.250000e-01
1.250000e-01
1.250000e-01
1.250000e-01
1.250000e-01
1.250000e-01
1.250000e-01
1.250000e-01
1.250000e-01
1.250000e-01
1.250000e-01
1.250000e-01
1.250000e-01
1.250000e-01
1.250000e-01
1.250000e-01
1.250000e-01
1.250000e-01
1.250000e-01
1.250000e-01
1.250000e-01
1.250000e-01
1.250000e-01
1.250002e-01
1.250019e-01
1.250213e-01
1.252378e-01
1.275344e-01
1.461012e-01
2.075019e-01
2.533018e-01
2.629469e-01
2.651816e-01
2.655141e-01
2.655591e-01
2.655644e-01
2.655656e-01
2.655649e-01
2.655631e-01
2.655586e-01
2.655542e-01
2.655518e-01
2.655514e-01
2.655528e-01
2.655585e-01
2.655681e-01
2.655793e-01
2.655890e-01
2.655951e-01
2.655972e-01
2.655971e-01
2.655925e-01
2.655815e-01
2.655693e-01
2.655616e-01
2.655595e-01
2.655603e-01
2.655634e-01
2.655646e-01
2.655631e-01
2.655430e-01
2.654700e-01
2.653577e-01
2.652733e-01
2.652462e-01
2.652547e-01
2.654674e-01
2.666420e-01
2.704226e-01
2.789871e-01
2.938714e-01
3.146219e-01
3.389282e-01
3.630144e-01
3.836780e-01
3.995487e-01
4.104605e-01
4.172873e-01
4.212486e-01
4.234123e-01
4.245467e-01
4.251319e-01
4.254390e-01
4.256098e-01
4.257139e-01
4.257842e-01
4.258360e-01
4.258771e-01
4.259112e-01
4.259403e-01
4.259653e-01
4.259866e-01
4.260045e-01
4.260194e-01
4.260318e-01
4.260420e-01
4.260502e-01
4.260571e-01
4.260633e-01
4.260693e-01
4.260749e-01
4.260801e-01
4.260846e-01
4.260885e-01
4.260917e-01
4.260940e-01
4.260954e-01
4.260971e-01
4.261043e-01
4.261150e-01
4.261310e-01
4.261495e-01
4.261648e-01
4.261750e-01
4.261803e-01
4.261823e-01
4.261753e-01
4.261216e-01
4.260151e-01
4.259356e-01
4.260079e-01
