4.262665e-01
4.271224e-01
4.289200e-01
4.318451e-01
4.357686e-01
4.404613e-01
4.456833e-01
4.512593e-01
4.570756e-01
4.630649e-01
4.691866e-01
4.754191e-01
4.817461e-01
4.881667e-01
4.946733e-01
5.012630e-01
5.079355e-01
5.146903e-01
5.215230e-01
5.284334e-01
5.354204e-01
5.424844e-01
5.496250e-01
5.568408e-01
5.641341e-01
5.714995e-01
5.789427e-01
5.864625e-01
5.940594e-01
6.017335e-01
6.094847e-01
6.173132e-01
6.252198e-01
6.332042e-01
6.412675e-01
6.494089e-01
6.576279e-01
6.659268e-01
6.743011e-01
6.827542e-01
6.912855e-01
6.998951e-01
7.085829e-01
7.173487e-01
7.261922e-01
7.351132e-01
7.441111e-01
7.531853e-01
7.623351e-01
7.715595e-01
7.808585e-01
7.902295e-01
7.996708e-01
8.091807e-01
8.187566e-01
8.283954e-01
8.380935e-01
8.478464e-01
8.576485e-01
8.674929e-01
8.773712e-01
8.872725e-01
8.971834e-01
9.070865e-01
9.169615e-01
9.267775e-01
9.364969e-01
9.460677e-01
9.554196e-01
9.644574e-01
9.730549e-01
9.810411e-01
9.881694e-01
9.940367e-01
9.980016e-01
9.996885e-01
9.999864e-01
9.999999e-01
1.000000e+00
1.000000e+00
1.000000e+00
1.000000e+00
1.000000e+00
1.000000e+00
1.000000e+00
1.000000e+00
1.000000e+00
1.000000e+00
1.000000e+00
1.000000e+00
1.000000e+00
1.000000e+00
1.000000e+00
1.000000e+00
1.000000e+00
1.000000e+00
1.000000e+00
1.000000e+00
1.000000e+00
1.000000e+00
1.000000e+00
1.000000e+00
1.000000e+00
1.000000e+00
1.000000e+00
1.000000e+00
1.000000e+00
1.000000e+00
1.000000e+00
1.000000e+00
1.000000e+00
1.000000e+00
1.000000e+00
1.000000e+00
1.000000e+00
1.000000e+00
1.000000e+00
1.000000e+00
1.000000e+00
1.000000e+00
1.000000e+00
1.000000e+00
1.000000e+00
1.000000e+00
1.000000e+00
1.000000e+00
1.000000e+00
1.000000e+00
1.000000e+00
1.000000e+00
1.000000e+00
1.000000e+00
1.000000e+00
1.000000e+00
1.000000e+00
1.000000e+00
1.000000e+00
1.000000e+00
1.000000e+00
1.000000e+00
1.000000e+00
1.000000e+00
1.000000e+00
1.000000e+00
1.000000e+00
1.000000e+00
1.000000e+00
1.000000e+00
1.000000e+00
1.000000e+00
1.000000e+00
1.000000e+00
1.000000e+00
1.000000e+00
1.000000e+00
1.000000e+00
1.000000e+00
1.000000e+00
1.000000e+00
1.000000e+00
1.000000e+00
1.000000e+00
1.000000e+00
1.000000e+00
1.000000e+00
1.000000e+00
1.000000e+00
1.000000e+00
1.000000e+00
1.000000e+00
1.000000e+00
1.000000e+00
1.000000e+00
1.000000e+00
1.000000e+00
1.000000e+00
9.999998e-01
9.999991e-01
9.999950e-01
9.999742e-01
9.998733e-01
9.994425e-01
9.979709e-01
9.943188e-01
9.878916e-01
9.792874e-01
9.695148e-01
9.592620e-01
9.488593e-01
9.384268e-01
9.280040e-01
9.176134e-01
9.072685e-01
8.969815e-01
8.867570e-01
8.765996e-01
8.665132e-01
8.565006e-01
8.465639e-01
8.367050e-01
8.269250e-01
8.172250e-01
8.076055e-01
7.980672e-01
7.886105e-01
7.792352e-01
7.699418e-01
7.607313e-01
7.516028e-01
7.425561e-01
7.335910e-01
7.247074e-01
7.159052e-01
7.071842e-01
6.985440e-01
6.899845e-01
6.815052e-01
6.731060e-01
6.647867e-01
6.565441e-01
6.483820e-01
6.402985e-01
6.322935e-01
6.243679e-01
6.165206e-01
6.087513e-01
6.010596e-01
5.934451e-01
5.859077e-01
5.784474e-01
5.710639e-01
5.637579e-01
5.565242e-01
5.493678e-01
5.422870e-01
5.352830e-01
5.283563e-01
5.215073e-01
5.147370e-01
5.080465e-01
5.014406e-01
4.949210e-01
4.884890e-01
4.821498e-01
4.759110e-01
4.697788e-01
4.637687e-01
4.579044e-01
4.522241e-01
4.467875e-01
4.416876e-01
4.370633e-01
4.330977e-01
4.299872e-01
4.278543e-01
4.266630e-01
4.261651e-01
4.260513e-01
4.260558e-01
4.261168e-01
4.261805e-01
4.262115e-01
4.262158e-01
4.262137e-01
4.262049e-01
4.261956e-01
4.261899e-01
4.261868e-01
4.261895e-01
4.261949e-01
4.262009e-01
4.262055e-01
4.262088e-01
4.262109e-01
4.262125e-01
4.262137e-01
4.262145e-01
4.262151e-01
4.262154e-01
4.262154e-01
4.262150e-01
4.262140e-01
4.262123e-01
4.262098e-01
4.262065e-01
4.262022e-01
4.261969e-01
4.261907e-01
4.261836e-01
4.261755e-01
4.261663e-01
4.261557e-01
4.261432e-01
4.261282e-01
4.261103e-01
4.260889e-01
4.260631e-01
4.260317e-01
4.259912e-01
4.259338e-01
4.258433e-01
4.256870e-01
4.254008e-01
4.248642e-01
4.238612e-01
4.220278e-01
4.187962e-01
4.133606e-01
4.047146e-01
3.918463e-01
3.741729e-01
3.519771e-01
3.270264e-01
3.029164e-01
2.832787e-01
2.707781e-01
2.656639e-01
2.647413e-01
2.647179e-01
2.647613e-01
2.649006e-01
2.651319e-01
2.653772e-01
2.655384e-01
2.655887e-01
2.655922e-01
2.655902e-01
2.655837e-01
2.655757e-01
2.655724e-01
2.655726e-01
2.655745e-01
2.655786e-01
2.655833e-01
2.655846e-01
2.655842e-01
2.655830e-01
2.655802e-01
2.655759e-01
2.655710e-01
2.655670e-01
2.655648e-01
2.655640e-01
2.655640e-01
2.655641e-01
2.655644e-01
2.655644e-01
2.655642e-01
2.655638e-01
2.655638e-01
2.655642e-01
2.655648e-01
2.655657e-01
2.655656e-01
2.655659e-01
2.655630e-01
2.655507e-01
2.654865e-01
2.651680e-01
2.635915e-01
2.555833e-01
2.182659e-01
1.505293e-01
1.259968e-01
1.250023e-01
1.250000e-01
1.250000e-01
1.250000e-01
1.250000e-01
1.250000e-01
1.250000e-01
1.250000e-01
1.250000e-01
1.250000e-01
1.250000e-01
1.250000e-01
1.250000e-01
1.250000e-01
1.250000e-01
1.250000e-01
1.250000e-01
1.250000e-01
1.250000e-01
1.250000e-01
1.250000e-01
1.250000e-01
1.250000e-01
1.250000e-01
1.250000e-01
1.250000e-01
1.250000e-01
1.250000e-01
1.250000e-01
1.250000e-01
1.250000e-01
1.250000e-01
1.250000e-01
1.250000e-01
1.250000e-01
1.250000e-01
1.250002e-01
1.250026e-01
1.250290e-01
1.253235e-01
1.283986e-01
1.515371e-01
2.162601e-01
2.555691e-01
2.634948e-01
2.652744e-01
2.655287e-01
2.655609e-01
2.655638e-01
2.655647e-01
2.655642e-01
2.655643e-01
2.655646e-01
2.655664e-01
2.655689e-01
2.655704e-01
2.655706e-01
2.655698e-01
2.655678e-01
2.655651e-01
2.655629e-01
2.655619e-01
2.655619e-01
2.655633e-01
2.655694e-01
2.655788e-01
2.655880e-01
2.655946e-01
2.655977e-01
2.655981e-01
2.655968e-01
2.655902e-01
2.655800e-01
2.655714e-01
2.655664e-01
2.655643e-01
2.655635e-01
2.655629e-01
2.655587e-01
2.655364e-01
2.654784e-01
2.654004e-01
2.653454e-01
2.653286e-01
2.653360e-01
2.654943e-01
2.663575e-01
2.691588e-01
2.756969e-01
2.876021e-01
3.051468e-01
3.270077e-01
3.504528e-01
3.721679e-01
3.901324e-01
4.035816e-01
4.127078e-01
4.184285e-01
4.217866e-01
4.236568e-01
4.246616e-01
4.251937e-01
4.254793e-01
4.256401e-01
4.257385e-01
4.258053e-01
4.258555e-01
4.258960e-01
4.259300e-01
4.259592e-01
4.259845e-01
4.260064e-01
4.260253e-01
4.260414e-01
4.260550e-01
4.260669e-01
4.260774e-01
4.260870e-01
4.260954e-01
4.261027e-01
4.261088e-01
4.261135e-01
4.261170e-01
4.261194e-01
4.261210e-01
4.261224e-01
4.261238e-01
4.261253e-01
4.261268e-01
4.261283e-01
4.261295e-01
4.261304e-01
4.261307e-01
4.261300e-01
4.261293e-01
4.261334e-01
4.261395e-01
4.261505e-01
4.261659e-01
4.261817e-01
4.261937e-01
4.262000e-01
4.262016e-01
4.261969e-01
4.261590e-01
4.260802e-01
4.260170e-01
4.260403e-01
