4.270439e-01
4.297185e-01
4.341983e-01
4.402600e-01
4.474215e-01
4.552993e-01
4.636382e-01
4.722925e-01
4.811844e-01
4.902858e-01
4.995720e-01
5.090363e-01
5.186729e-01
5.284697e-01
5.384254e-01
5.485390e-01
5.588067e-01
5.692254e-01
5.797964e-01
5.905227e-01
6.014032e-01
6.124374e-01
6.236270e-01
6.349711e-01
6.464712e-01
6.581240e-01
6.699322e-01
6.818883e-01
6.939979e-01
7.062585e-01
7.186691e-01
7.312281e-01
7.439333e-01
7.567813e-01
7.697691e-01
7.828948e-01
7.961476e-01
8.095226e-01
8.230097e-01
8.365970e-01
8.502685e-01
8.640041e-01
8.777772e-01
8.915525e-01
9.052831e-01
9.189088e-01
9.323368e-01
9.454429e-01
9.580480e-01
9.699069e-01
9.806687e-01
9.897636e-01
9.962450e-01
9.993140e-01
9.999619e-01
9.999996e-01
1.000000e+00
1.000000e+00
1.000000e+00
1.000000e+00
1.000000e+00
1.000000e+00
1.000000e+00
1.000000e+00
1.000000e+00
1.000000e+00
1.000000e+00
1.000000e+00
1.000000e+00
1.000000e+00
1.000000e+00
1.000000e+00
1.000000e+00
1.000000e+00
1.000000e+00
1.000000e+00
1.000000e+00
1.000000e+00
1.000000e+00
1.000000e+00
1.000000e+00
1.000000e+00
1.000000e+00
1.000000e+00
1.000000e+00
1.000000e+00
1.000000e+00
1.000000e+00
1.000000e+00
1.000000e+00
1.000000e+00
1.000000e+00
1.000000e+00
1.000000e+00
1.000000e+00
1.000000e+00
1.000000e+00
1.000000e+00
1.000000e+00
1.000000e+00
1.000000e+00
1.000000e+00
1.000000e+00
1.000000e+00
1.000000e+00
1.000000e+00
1.000000e+00
1.000000e+00
1.000000e+00
1.000000e+00
1.000000e+00
1.000000e+00
1.000000e+00
1.000000e+00
1.000000e+00
1.000000e+00
1.000000e+00
1.000000e+00
1.000000e+00
1.000000e+00
1.000000e+00
1.000000e+00
1.000000e+00
1.000000e+00
1.000000e+00
1.000000e+00
1.000000e+00
1.000000e+00
1.000000e+00
1.000000e+00
1.000000e+00
1.000000e+00
1.000000e+00
1.000000e+00
1.000000e+00
1.000000e+00
1.000000e+00
1.000000e+00
1.000000e+00
1.000000e+00
1.000000e+00
1.000000e+00
1.000000e+00
1.000000e+00
1.000000e+00
1.000000e+00
1.000000e+00
1.000000e+00
1.000000e+00
1.000000e+00
1.000000e+00
1.000000e+00
1.000000e+00
1.000000e+00
1.000000e+00
1.000000e+00
1.000000e+00
1.000000e+00
1.000000e+00
1.000000e+00
1.000000e+00
1.000000e+00
1.000000e+00
1.000000e+00
1.000000e+00
1.000000e+00
1.000000e+00
1.000000e+00
1.000000e+00
1.000000e+00
1.000000e+00
1.000000e+00
1.000000e+00
1.000000e+00
1.000000e+00
1.000000e+00
1.000000e+00
1.000000e+00
1.000000e+00
1.000000e+00
1.000000e+00
1.000000e+00
1.000000e+00
1.000000e+00
1.000000e+00
1.000000e+00
1.000000e+00
1.000000e+00
1.000000e+00
1.000000e+00
1.000000e+00
1.000000e+00
1.000000e+00
1.000000e+00
1.000000e+00
1.000000e+00
1.000000e+00
9.999999e-01
9.999995e-01
9.999971e-01
9.999844e-01
9.999186e-01
9.996104e-01
9.984015e-01
9.948467e-01
9.875217e-01
9.765906e-01
9.634479e-01
9.493226e-01
9.348757e-01
9.203686e-01
9.058871e-01
8.914840e-01
8.771852e-01
8.630075e-01
8.489628e-01
8.350592e-01
8.213027e-01
8.076974e-01
7.942464e-01
7.809518e-01
7.678129e-01
7.548356e-01
7.420174e-01
7.293584e-01
7.168585e-01
7.045179e-01
6.923362e-01
6.803129e-01
6.684485e-01
6.567364e-01
6.451834e-01
6.337861e-01
6.225471e-01
6.114643e-01
6.005379e-01
5.897666e-01
5.791503e-01
5.686897e-01
5.583821e-01
5.482261e-01
5.382255e-01
5.283841e-01
5.187040e-01
5.091888e-01
4.998523e-01
4.907030e-01
4.817531e-01
4.730325e-01
4.645716e-01
4.564483e-01
4.487916e-01
4.418051e-01
4.357909e-01
4.311073e-01
4.280217e-01
4.264441e-01
4.259400e-01
4.258681e-01
4.259813e-01
4.261092e-01
4.261720e-01
4.261839e-01
4.261823e-01
4.261764e-01
4.261626e-01
4.261469e-01
4.261350e-01
4.261263e-01
4.261270e-01
4.261284e-01
4.261283e-01
4.261260e-01
4.261218e-01
4.261163e-01
4.261089e-01
4.260988e-01
4.260851e-01
4.260674e-01
4.260463e-01
4.260221e-01
4.259936e-01
4.259569e-01
4.259045e-01
4.258218e-01
4.256791e-01
4.254134e-01
4.248922e-01
4.238519e-01
4.218046e-01
4.179342e-01
4.110385e-01
3.996330e-01
3.824235e-01
3.591206e-01
3.314063e-01
3.039211e-01
2.819307e-01
2.690705e-01
2.648141e-01
2.643461e-01
2.643702e-01
2.645202e-01
2.648402e-01
2.652327e-01
2.655212e-01
2.656129e-01
2.656157e-01
2.656090e-01
2.655902e-01
2.655652e-01
2.655526e-01
2.655523e-01
2.655560e-01
2.655651e-01
2.655763e-01
2.655831e-01
2.655842e-01
2.655821e-01
2.655749e-01
2.655629e-01
2.655506e-01
2.655418e-01
2.655344e-01
2.655260e-01
2.654902e-01
2.653249e-01
2.644737e-01
2.601821e-01
2.382966e-01
1.744701e-01
1.296303e-01
1.250341e-01
1.250000e-01
1.250000e-01
1.250000e-01
1.250000e-01
1.250000e-01
1.250000e-01
1.250000e-01
1.250000e-01
1.250000e-01
1.250000e-01
1.250000e-01
1.250000e-01
1.250000e-01
1.250000e-01
1.250000e-01
1.250000e-01
1.250000e-01
1.250000e-01
1.250000e-01
1.250000e-01
1.250000e-01
1.250000e-01
1.250000e-01
1.250000e-01
1.250000e-01
1.250000e-01
1.250000e-01
1.250000e-01
1.250000e-01
1.250000e-01
1.250000e-01
1.250000e-01
1.250000e-01
1.250000e-01
1.250000e-01
1.250000e-01
1.250000e-01
1.250000e-01
1.250000e-01
1.250000e-01
1.250000e-01
1.250000e-01
1.250000e-01
1.250000e-01
1.250000e-01
1.250000e-01
1.250000e-01
1.250000e-01
1.250000e-01
1.250000e-01
1.250000e-01
1.250000e-01
1.250000e-01
1.250000e-01
1.250000e-01
1.250000e-01
1.250000e-01
1.250000e-01
1.250000e-01
1.250000e-01
1.250000e-01
1.250000e-01
1.250000e-01
1.250000e-01
1.250000e-01
1.250000e-01
1.250000e-01
1.250000e-01
1.250000e-01
1.250000e-01
1.250000e-01
1.250000e-01
1.250000e-01
1.250000e-01
1.250000e-01
1.250000e-01
1.250000e-01
1.250000e-01
1.250000e-01
1.250000e-01
1.250000e-01
1.250000e-01
1.250000e-01
1.250000e-01
1.250000e-01
1.250000e-01
1.250000e-01
1.250000e-01
1.250000e-01
1.250000e-01
1.250000e-01
1.250000e-01
1.250000e-01
1.250000e-01
1.250000e-01
1.250000e-01
1.250000e-01
1.250000e-01
1.250001e-01
1.250006e-01
1.250064e-01
1.250727e-01
1.258009e-01
1.328784e-01
1.728977e-01
2.377223e-01
2.598669e-01
2.645378e-01
2.653993e-01
2.655101e-01
2.655254e-01
2.655311e-01
2.655404e-01
2.655564e-01
2.655748e-01
2.655893e-01
2.655965e-01
2.655978e-01
2.655951e-01
2.655822e-01
2.655630e-01
2.655468e-01
2.655398e-01
2.655399e-01
2.655491e-01
2.655677e-01
2.655783e-01
2.655796e-01
2.655596e-01
2.654527e-01
2.652706e-01
2.651297e-01
2.650841e-01
2.650989e-01
2.654607e-01
2.674182e-01
2.734039e-01
2.860410e-01
3.060992e-01
3.314753e-01
3.579151e-01
3.809673e-01
3.985870e-01
4.104605e-01
4.176247e-01
4.215904e-01
4.236451e-01
4.246691e-01
4.251782e-01
4.254425e-01
4.255922e-01
4.256868e-01
4.257527e-01
4.258018e-01
4.258405e-01
4.258728e-01
4.259007e-01
4.259250e-01
4.259459e-01
4.259635e-01
4.259785e-01
4.259918e-01
4.260034e-01
4.260126e-01
4.260199e-01
4.260280e-01
4.260426e-01
4.260632e-01
4.260885e-01
4.261105e-01
4.261231e-01
4.261319e-01
4.261395e-01
4.261436e-01
4.261359e-01
4.260531e-01
4.258904e-01
4.257856e-01
4.260014e-01
