4.265268e-01
4.281024e-01
4.310372e-01
4.353530e-01
4.407409e-01
4.468760e-01
4.534977e-01
4.604430e-01
4.676173e-01
4.749691e-01
4.824618e-01
4.900918e-01
4.978447e-01
5.057195e-01
5.137123e-01
5.218179e-01
5.300339e-01
5.383594e-01
5.467934e-01
5.553342e-01
5.639846e-01
5.727365e-01
5.815980e-01
5.905673e-01
5.996450e-01
6.088311e-01
6.181252e-01
6.275285e-01
6.370416e-01
6.466639e-01
6.563946e-01
6.662362e-01
6.761827e-01
6.862384e-01
6.964024e-01
7.066745e-01
7.170542e-01
7.275409e-01
7.381337e-01
7.488314e-01
7.596323e-01
7.705350e-01
7.815388e-01
7.926383e-01
8.038310e-01
8.151126e-01
8.264776e-01
8.379192e-01
8.494291e-01
8.609965e-01
8.726081e-01
8.842465e-01
8.958893e-01
9.075073e-01
9.190646e-01
9.305061e-01
9.417619e-01
9.527324e-01
9.632808e-01
9.732235e-01
9.823022e-01
9.901122e-01
9.959672e-01
9.991003e-01
9.999306e-01
9.999989e-01
1.000000e+00
1.000000e+00
1.000000e+00
1.000000e+00
1.000000e+00
1.000000e+00
1.000000e+00
1.000000e+00
1.000000e+00
1.000000e+00
1.000000e+00
1.000000e+00
1.000000e+00
1.000000e+00
1.000000e+00
1.000000e+00
1.000000e+00
1.000000e+00
1.000000e+00
1.000000e+00
1.000000e+00
1.000000e+00
1.000000e+00
1.000000e+00
1.000000e+00
1.000000e+00
1.000000e+00
1.000000e+00
1.000000e+00
1.000000e+00
1.000000e+00
1.000000e+00
1.000000e+00
1.000000e+00
1.000000e+00
1.000000e+00
1.000000e+00
1.000000e+00
1.000000e+00
1.000000e+00
1.000000e+00
1.000000e+00
1.000000e+00
1.000000e+00
1.000000e+00
1.000000e+00
1.000000e+00
1.000000e+00
1.000000e+00
1.000000e+00
1.000000e+00
1.000000e+00
1.000000e+00
1.000000e+00
1.000000e+00
1.000000e+00
1.000000e+00
1.000000e+00
1.000000e+00
1.000000e+00
1.000000e+00
1.000000e+00
1.000000e+00
1.000000e+00
1.000000e+00
1.000000e+00
1.000000e+00
1.000000e+00
1.000000e+00
1.000000e+00
1.000000e+00
1.000000e+00
1.000000e+00
1.000000e+00
1.000000e+00
1.000000e+00
1.000000e+00
1.000000e+00
1.000000e+00
1.000000e+00
1.000000e+00
1.000000e+00
1.000000e+00
1.000000e+00
1.000000e+00
1.000000e+00
1.000000e+00
1.000000e+00
1.000000e+00
1.000000e+00
1.000000e+00
1.000000e+00
1.000000e+00
1.000000e+00
1.000000e+00
1.000000e+00
1.000000e+00
1.000000e+00
1.000000e+00
1.000000e+00
1.000000e+00
1.000000e+00
1.000000e+00
1.000000e+00
1.000000e+00
1.000000e+00
1.000000e+00
1.000000e+00
1.000000e+00
1.000000e+00
1.000000e+00
1.000000e+00
1.000000e+00
1.000000e+00
1.000000e+00
1.000000e+00
1.000000e+00
1.000000e+00
1.000000e+00
1.000000e+00
1.000000e+00
9.999999e-01
9.999995e-01
9.999972e-01
9.999848e-01
9.999226e-01
9.996372e-01
9.985464e-01
9.954236e-01
9.891265e-01
9.798481e-01
9.687509e-01
9.568378e-01
9.446452e-01
9.323895e-01
9.201414e-01
9.079352e-01
8.957972e-01
8.837394e-01
8.717705e-01
8.598974e-01
8.481250e-01
8.364572e-01
8.248966e-01
8.134452e-01
8.021045e-01
7.908758e-01
7.797593e-01
7.687553e-01
7.578661e-01
7.470905e-01
7.364281e-01
7.258789e-01
7.154429e-01
7.051197e-01
6.949090e-01
6.848105e-01
6.748238e-01
6.649488e-01
6.551809e-01
6.455255e-01
6.359799e-01
6.265449e-01
6.172203e-01
6.080055e-01
5.988993e-01
5.899017e-01
5.810127e-01
5.722320e-01
5.635606e-01
5.549912e-01
5.465313e-01
5.381790e-01
5.299359e-01
5.218037e-01
5.137838e-01
5.058799e-01
4.980985e-01
4.904450e-01
4.829247e-01
4.755518e-01
4.683373e-01
4.613177e-01
4.545422e-01
4.480950e-01
4.421097e-01
4.367873e-01
4.323875e-01
4.291529e-01
4.271783e-01
4.262542e-01
4.259960e-01
4.259729e-01
4.260575e-01
4.261504e-01
4.261958e-01
4.262036e-01
4.262021e-01
4.261948e-01
4.261832e-01
4.261729e-01
4.261669e-01
4.261632e-01
4.261673e-01
4.261724e-01
4.261762e-01
4.261782e-01
4.261789e-01
4.261785e-01
4.261773e-01
4.261754e-01
4.261726e-01
4.261689e-01
4.261643e-01
4.261589e-01
4.261524e-01
4.261447e-01
4.261351e-01
4.261226e-01
4.261067e-01
4.260868e-01
4.260630e-01
4.260347e-01
4.260002e-01
4.259542e-01
4.258858e-01
4.257722e-01
4.255670e-01
4.251773e-01
4.244240e-01
4.229817e-01
4.203025e-01
4.155502e-01
4.075996e-01
3.952039e-01
3.774783e-01
3.545125e-01
3.281430e-01
3.025299e-01
2.820102e-01
2.696328e-01
2.651658e-01
2.645532e-01
2.645575e-01
2.646463e-01
2.648673e-01
2.651795e-01
2.654520e-01
2.655820e-01
2.656020e-01
2.656006e-01
2.655926e-01
2.655781e-01
2.655667e-01
2.655649e-01
2.655660e-01
2.655700e-01
2.655771e-01
2.655822e-01
2.655828e-01
2.655813e-01
2.655782e-01
2.655736e-01
2.655681e-01
2.655630e-01
2.655595e-01
2.655585e-01
2.655588e-01
2.655592e-01
2.655594e-01
2.655597e-01
2.655573e-01
2.655555e-01
2.655409e-01
2.654925e-01
2.652503e-01
2.640708e-01
2.581185e-01
2.287634e-01
1.610817e-01
1.271767e-01
1.250089e-01
1.250000e-01
1.250000e-01
1.250000e-01
1.250000e-01
1.250000e-01
1.250000e-01
1.250000e-01
1.250000e-01
1.250000e-01
1.250000e-01
1.250000e-01
1.250000e-01
1.250000e-01
1.250000e-01
1.250000e-01
1.250000e-01
1.250000e-01
1.250000e-01
1.250000e-01
1.250000e-01
1.250000e-01
1.250000e-01
1.250000e-01
1.250000e-01
1.250000e-01
1.250000e-01
1.250000e-01
1.250000e-01
1.250000e-01
1.250000e-01
1.250000e-01
1.250000e-01
1.250000e-01
1.250000e-01
1.250000e-01
1.250000e-01
1.250000e-01
1.250000e-01
1.250000e-01
1.250000e-01
1.250000e-01
1.250000e-01
1.250000e-01
1.250000e-01
1.250000e-01
1.250000e-01
1.250000e-01
1.250000e-01
1.250000e-01
1.250000e-01
1.250000e-01
1.250000e-01
1.250000e-01
1.250000e-01
1.250000e-01
1.250000e-01
1.250000e-01
1.250000e-01
1.250000e-01
1.250000e-01
1.250000e-01
1.250000e-01
1.250000e-01
1.250000e-01
1.250000e-01
1.250000e-01
1.250000e-01
1.250000e-01
1.250000e-01
1.250003e-01
1.250040e-01
1.250449e-01
1.254986e-01
1.301020e-01
1.607646e-01
2.274391e-01
2.579394e-01
2.640740e-01
2.653529e-01
2.655350e-01
2.655596e-01
2.655639e-01
2.655629e-01
2.655617e-01
2.655586e-01
2.655546e-01
2.655515e-01
2.655507e-01
2.655516e-01
2.655575e-01
2.655691e-01
2.655815e-01
2.655918e-01
2.655973e-01
2.655983e-01
2.655970e-01
2.655888e-01
2.655746e-01
2.655629e-01
2.655574e-01
2.655562e-01
2.655582e-01
2.655633e-01
2.655648e-01
2.655607e-01
2.655200e-01
2.654136e-01
2.652977e-01
2.652361e-01
2.652250e-01
2.652837e-01
2.658374e-01
2.681328e-01
2.742446e-01
2.862837e-01
3.048073e-01
3.282137e-01
3.531528e-01
3.757297e-01
3.938087e-01
4.067516e-01
4.150908e-01
4.200354e-01
4.227755e-01
4.242206e-01
4.249635e-01
4.253478e-01
4.255558e-01
4.256777e-01
4.257568e-01
4.258136e-01
4.258581e-01
4.258950e-01
4.259262e-01
4.259526e-01
4.259747e-01
4.259932e-01
4.260083e-01
4.260208e-01
4.260310e-01
4.260396e-01
4.260475e-01
4.260548e-01
4.260616e-01
4.260679e-01
4.260734e-01
4.260782e-01
4.260821e-01
4.260849e-01
4.260867e-01
4.260890e-01
4.260971e-01
4.261092e-01
4.261265e-01
4.261454e-01
4.261602e-01
4.261698e-01
4.261752e-01
4.261775e-01
4.261706e-01
4.261135e-01
4.259998e-01
4.259165e-01
4.260024e-01
