4.292347e-01
4.353631e-01
4.441523e-01
4.547784e-01
4.665287e-01
4.790042e-01
4.919777e-01
5.053939e-01
5.191944e-01
5.333436e-01
5.478277e-01
5.626412e-01
5.777581e-01
5.931966e-01
6.089482e-01
6.250127e-01
6.413913e-01
6.580778e-01
6.750664e-01
6.923472e-01
7.099229e-01
7.277843e-01
7.459208e-01
7.643204e-01
7.829713e-01
8.018400e-01
8.209006e-01
8.401094e-01
8.594085e-01
8.787167e-01
8.979209e-01
9.168652e-01
9.353002e-01
9.528653e-01
9.690372e-01
9.829946e-01
9.933414e-01
9.986367e-01
9.999097e-01
9.999989e-01
1.000000e+00
1.000000e+00
1.000000e+00
1.000000e+00
1.000000e+00
1.000000e+00
1.000000e+00
1.000000e+00
1.000000e+00
1.000000e+00
1.000000e+00
1.000000e+00
1.000000e+00
1.000000e+00
1.000000e+00
1.000000e+00
1.000000e+00
1.000000e+00
1.000000e+00
1.000000e+00
1.000000e+00
1.000000e+00
1.000000e+00
1.000000e+00
1.000000e+00
1.000000e+00
1.000000e+00
1.000000e+00
1.000000e+00
1.000000e+00
1.000000e+00
1.000000e+00
1.000000e+00
1.000000e+00
1.000000e+00
1.000000e+00
1.000000e+00
1.000000e+00
1.000000e+00
1.000000e+00
1.000000e+00
1.000000e+00
1.000000e+00
1.000000e+00
1.000000e+00
1.000000e+00
1.000000e+00
1.000000e+00
1.000000e+00
1.000000e+00
1.000000e+00
1.000000e+00
1.000000e+00
1.000000e+00
1.000000e+00
1.000000e+00
1.000000e+00
1.000000e+00
1.000000e+00
1.000000e+00
1.000000e+00
1.000000e+00
1.000000e+00
1.000000e+00
1.000000e+00
1.000000e+00
1.000000e+00
1.000000e+00
1.000000e+00
1.000000e+00
1.000000e+00
1.000000e+00
1.000000e+00
1.000000e+00
1.000000e+00
1.000000e+00
1.000000e+00
1.000000e+00
1.000000e+00
1.000000e+00
1.000000e+00
1.000000e+00
1.000000e+00
1.000000e+00
1.000000e+00
1.000000e+00
1.000000e+00
1.000000e+00
1.000000e+00
1.000000e+00
1.000000e+00
1.000000e+00
1.000000e+00
1.000000e+00
1.000000e+00
1.000000e+00
1.000000e+00
1.000000e+00
1.000000e+00
1.000000e+00
1.000000e+00
1.000000e+00
1.000000e+00
1.000000e+00
1.000000e+00
1.000000e+00
1.000000e+00
1.000000e+00
1.000000e+00
1.000000e+00
1.000000e+00
1.000000e+00
1.000000e+00
1.000000e+00
1.000000e+00
1.000000e+00
1.000000e+00
1.000000e+00
1.000000e+00
1.000000e+00
1.000000e+00
1.000000e+00
1.000000e+00
1.000000e+00
1.000000e+00
1.000000e+00
1.000000e+00
1.000000e+00
1.000000e+00
1.000000e+00
1.000000e+00
1.000000e+00
1.000000e+00
1.000000e+00
1.000000e+00
1.000000e+00
1.000000e+00
1.000000e+00
1.000000e+00
1.000000e+00
1.000000e+00
1.000000e+00
1.000000e+00
1.000000e+00
1.000000e+00
1.000000e+00
1.000000e+00
1.000000e+00
1.000000e+00
1.000000e+00
1.000000e+00
1.000000e+00
1.000000e+00
1.000000e+00
1.000000e+00
1.000000e+00
1.000000e+00
1.000000e+00
1.000000e+00
1.000000e+00
1.000000e+00
1.000000e+00
1.000000e+00
1.000000e+00
1.000000e+00
1.000000e+00
1.000000e+00
1.000000e+00
1.000000e+00
1.000000e+00
1.000000e+00
1.000000e+00
1.000000e+00
9.999998e-01
9.999988e-01
9.999932e-01
9.999616e-01
9.997971e-01
9.990397e-01
9.962699e-01
9.890597e-01
9.761245e-01
9.588333e-01
9.393685e-01
9.191587e-01
8.988191e-01
8.785621e-01
8.584787e-01
8.386250e-01
8.190336e-01
7.997246e-01
7.807116e-01
7.619980e-01
7.435996e-01
7.255143e-01
7.077434e-01
6.902883e-01
6.731512e-01
6.563236e-01
6.398126e-01
6.236197e-01
6.077484e-01
5.921966e-01
5.769633e-01
5.620540e-01
5.474533e-01
5.331860e-01
5.192605e-01
5.056958e-01
4.925362e-01
4.798429e-01
4.676950e-01
4.562962e-01
4.459912e-01
4.373260e-01
4.309603e-01
4.272408e-01
4.258360e-01
4.255649e-01
4.257741e-01
4.260043e-01
4.260942e-01
4.261030e-01
4.260992e-01
4.260877e-01
4.260649e-01
4.260290e-01
4.259870e-01
4.259512e-01
4.259258e-01
4.259006e-01
4.258604e-01
4.257922e-01
4.256830e-01
4.255049e-01
4.251783e-01
4.245022e-01
4.230279e-01
4.198768e-01
4.135724e-01
4.020792e-01
3.834076e-01
3.569753e-01
3.254211e-01
2.956859e-01
2.746959e-01
2.655189e-01
2.638836e-01
2.638742e-01
2.640562e-01
2.645126e-01
2.650905e-01
2.655019e-01
2.656240e-01
2.656264e-01
2.656164e-01
2.655913e-01
2.655615e-01
2.655439e-01
2.655467e-01
2.655500e-01
2.655577e-01
2.655404e-01
2.654119e-01
2.647045e-01
2.611769e-01
2.431681e-01
1.834822e-01
1.320444e-01
1.250743e-01
1.250000e-01
1.250000e-01
1.250000e-01
1.250000e-01
1.250000e-01
1.250000e-01
1.250000e-01
1.250000e-01
1.250000e-01
1.250000e-01
1.250000e-01
1.250000e-01
1.250000e-01
1.250000e-01
1.250000e-01
1.250000e-01
1.250000e-01
1.250000e-01
1.250000e-01
1.250000e-01
1.250000e-01
1.250000e-01
1.250000e-01
1.250000e-01
1.250000e-01
1.250000e-01
1.250000e-01
1.250000e-01
1.250000e-01
1.250000e-01
1.250000e-01
1.250000e-01
1.250000e-01
1.250000e-01
1.250000e-01
1.250000e-01
1.250000e-01
1.250000e-01
1.250000e-01
1.250000e-01
1.250000e-01
1.250000e-01
1.250000e-01
1.250000e-01
1.250000e-01
1.250000e-01
1.250000e-01
1.250000e-01
1.250000e-01
1.250000e-01
1.250000e-01
1.250000e-01
1.250000e-01
1.250000e-01
1.250000e-01
1.250000e-01
1.250000e-01
1.250000e-01
1.250000e-01
1.250000e-01
1.250000e-01
1.250000e-01
1.250000e-01
1.250000e-01
1.250000e-01
1.250000e-01
1.250000e-01
1.250000e-01
1.250000e-01
1.250000e-01
1.250000e-01
1.250000e-01
1.250000e-01
1.250000e-01
1.250000e-01
1.250000e-01
1.250000e-01
1.250000e-01
1.250000e-01
1.250000e-01
1.250000e-01
1.250000e-01
1.250000e-01
1.250000e-01
1.250000e-01
1.250000e-01
1.250000e-01
1.250000e-01
1.250000e-01
1.250000e-01
1.250000e-01
1.250000e-01
1.250000e-01
1.250000e-01
1.250000e-01
1.250000e-01
1.250000e-01
1.250000e-01
1.250000e-01
1.250000e-01
1.250000e-01
1.250000e-01
1.250000e-01
1.250000e-01
1.250000e-01
1.250000e-01
1.250000e-01
1.250000e-01
1.250000e-01
1.250000e-01
1.250000e-01
1.250000e-01
1.250000e-01
1.250000e-01
1.250000e-01
1.250000e-01
1.250000e-01
1.250000e-01
1.250000e-01
1.250000e-01
1.250000e-01
1.250000e-01
1.250000e-01
1.250000e-01
1.250000e-01
1.250000e-01
1.250000e-01
1.250000e-01
1.250000e-01
1.250000e-01
1.250000e-01
1.250000e-01
1.250000e-01
1.250000e-01
1.250000e-01
1.250000e-01
1.250000e-01
1.250000e-01
1.250000e-01
1.250000e-01
1.250000e-01
1.250000e-01
1.250000e-01
1.250000e-01
1.250001e-01
1.250008e-01
1.250087e-01
1.250984e-01
1.260775e-01
1.352613e-01
1.813378e-01
2.429265e-01
2.608545e-01
2.648289e-01
2.655144e-01
2.655826e-01
2.655727e-01
2.655443e-01
2.655196e-01
2.655075e-01
2.655160e-01
2.655556e-01
2.655870e-01
2.655977e-01
2.655926e-01
2.654584e-01
2.651165e-01
2.648067e-01
2.646809e-01
2.646849e-01
2.652358e-01
2.686009e-01
2.788085e-01
2.985748e-01
3.263319e-01
3.564832e-01
3.824840e-01
4.014228e-01
4.132212e-01
4.196443e-01
4.227992e-01
4.242493e-01
4.249115e-01
4.252386e-01
4.254277e-01
4.255544e-01
4.256429e-01
4.257044e-01
4.257539e-01
4.258070e-01
4.258650e-01
4.259198e-01
4.259557e-01
4.259750e-01
4.259871e-01
4.260179e-01
4.260450e-01
4.260427e-01
4.258723e-01
4.255522e-01
4.254140e-01
4.262219e-01
