4.262797e-01
4.271787e-01
4.290495e-01
4.320688e-01
4.360934e-01
4.408866e-01
4.462056e-01
4.518759e-01
4.577851e-01
4.638670e-01
4.700815e-01
4.764067e-01
4.828296e-01
4.893465e-01
4.959520e-01
5.026427e-01
5.094179e-01
5.162771e-01
5.232159e-01
5.302342e-01
5.373312e-01
5.445068e-01
5.517615e-01
5.590935e-01
5.665025e-01
5.739882e-01
5.815530e-01
5.891967e-01
5.969193e-01
6.047211e-01
6.126023e-01
6.205627e-01
6.286030e-01
6.367239e-01
6.449251e-01
6.532064e-01
6.615679e-01
6.700095e-01
6.785297e-01
6.871305e-01
6.958114e-01
7.045725e-01
7.134136e-01
7.223344e-01
7.313347e-01
7.404139e-01
7.495715e-01
7.588069e-01
7.681190e-01
7.775068e-01
7.869705e-01
7.965056e-01
8.061118e-01
8.157862e-01
8.255259e-01
8.353272e-01
8.451856e-01
8.550956e-01
8.650505e-01
8.750418e-01
8.850590e-01
8.950884e-01
9.051131e-01
9.151125e-01
9.250571e-01
9.349087e-01
9.446166e-01
9.541111e-01
9.632976e-01
9.720510e-01
9.802016e-01
9.875065e-01
9.935718e-01
9.977589e-01
9.996249e-01
9.999818e-01
9.999999e-01
1.000000e+00
1.000000e+00
1.000000e+00
1.000000e+00
1.000000e+00
1.000000e+00
1.000000e+00
1.000000e+00
1.000000e+00
1.000000e+00
1.000000e+00
1.000000e+00
1.000000e+00
1.000000e+00
1.000000e+00
1.000000e+00
1.000000e+00
1.000000e+00
1.000000e+00
1.000000e+00
1.000000e+00
1.000000e+00
1.000000e+00
1.000000e+00
1.000000e+00
1.000000e+00
1.000000e+00
1.000000e+00
1.000000e+00
1.000000e+00
1.000000e+00
1.000000e+00
1.000000e+00
1.000000e+00
1.000000e+00
1.000000e+00
1.000000e+00
1.000000e+00
1.000000e+00
1.000000e+00
1.000000e+00
1.000000e+00
1.000000e+00
1.000000e+00
1.000000e+00
1.000000e+00
1.000000e+00
1.000000e+00
1.000000e+00
1.000000e+00
1.000000e+00
1.000000e+00
1.000000e+00
1.000000e+00
1.000000e+00
1.000000e+00
1.000000e+00
1.000000e+00
1.000000e+00
1.000000e+00
1.000000e+00
1.000000e+00
1.000000e+00
1.000000e+00
1.000000e+00
1.000000e+00
1.000000e+00
1.000000e+00
1.000000e+00
1.000000e+00
1.000000e+00
1.000000e+00
1.000000e+00
1.000000e+00
1.000000e+00
1.000000e+00
1.000000e+00
1.000000e+00
1.000000e+00
1.000000e+00
1.000000e+00
1.000000e+00
1.000000e+00
1.000000e+00
1.000000e+00
1.000000e+00
1.000000e+00
1.000000e+00
1.000000e+00
1.000000e+00
1.000000e+00
1.000000e+00
1.000000e+00
1.000000e+00
1.000000e+00
1.000000e+00
1.000000e+00
1.000000e+00
1.000000e+00
1.000000e+00
9.999998e-01
9.999989e-01
9.999942e-01
9.999699e-01
9.998532e-01
9.993621e-01
9.977251e-01
9.937855e-01
9.870449e-01
9.781915e-01
9.682353e-01
9.578355e-01
9.473019e-01
9.367437e-01
9.261983e-01
9.156878e-01
9.052259e-01
8.948243e-01
8.844874e-01
8.742198e-01
8.640255e-01
8.539072e-01
8.438671e-01
8.339069e-01
8.240277e-01
8.142306e-01
8.045162e-01
7.948850e-01
7.853377e-01
7.758729e-01
7.664936e-01
7.571984e-01
7.479869e-01
7.388594e-01
7.298154e-01
7.208549e-01
7.119777e-01
7.031836e-01
6.944722e-01
6.858433e-01
6.772965e-01
6.688319e-01
6.604470e-01
6.521435e-01
6.439209e-01
6.357789e-01
6.277179e-01
6.197379e-01
6.118381e-01
6.040177e-01
5.962767e-01
5.886149e-01
5.810322e-01
5.735283e-01
5.661034e-01
5.587553e-01
5.514842e-01
5.442906e-01
5.371762e-01
5.301409e-01
5.231851e-01
5.163098e-01
5.095160e-01
5.028085e-01
4.961887e-01
4.896587e-01
4.832235e-01
4.768897e-01
4.706652e-01
4.645630e-01
4.586068e-01
4.528352e-01
4.473070e-01
4.421146e-01
4.373962e-01
4.333371e-01
4.301390e-01
4.279333e-01
4.266927e-01
4.261693e-01
4.260480e-01
4.260494e-01
4.261125e-01
4.261791e-01
4.262110e-01
4.262149e-01
4.262127e-01
4.262040e-01
4.261947e-01
4.261890e-01
4.261857e-01
4.261881e-01
4.261931e-01
4.261990e-01
4.262036e-01
4.262068e-01
4.262090e-01
4.262105e-01
4.262116e-01
4.262123e-01
4.262127e-01
4.262128e-01
4.262126e-01
4.262119e-01
4.262108e-01
4.262089e-01
4.262062e-01
4.262025e-01
4.261977e-01
4.261918e-01
4.261850e-01
4.261772e-01
4.261684e-01
4.261585e-01
4.261468e-01
4.261329e-01
4.261160e-01
4.260957e-01
4.260714e-01
4.260419e-01
4.260048e-01
4.259541e-01
4.258768e-01
4.257469e-01
4.255122e-01
4.250733e-01
4.242482e-01
4.227228e-01
4.199931e-01
4.153186e-01
4.077314e-01
3.961718e-01
3.798676e-01
3.587959e-01
3.342239e-01
3.093657e-01
2.880710e-01
2.733828e-01
2.664375e-01
2.647986e-01
2.647031e-01
2.647312e-01
2.648455e-01
2.650618e-01
2.653180e-01
2.655097e-01
2.655845e-01
2.655933e-01
2.655920e-01
2.655862e-01
2.655775e-01
2.655723e-01
2.655718e-01
2.655731e-01
2.655767e-01
2.655815e-01
2.655841e-01
2.655841e-01
2.655834e-01
2.655812e-01
2.655773e-01
2.655724e-01
2.655680e-01
2.655652e-01
2.655639e-01
2.655634e-01
2.655633e-01
2.655632e-01
2.655631e-01
2.655630e-01
2.655630e-01
2.655634e-01
2.655641e-01
2.655651e-01
2.655657e-01
2.655664e-01
2.655650e-01
2.655613e-01
2.655382e-01
2.654269e-01
2.648746e-01
2.621186e-01
2.479943e-01
1.944522e-01
1.360183e-01
1.251758e-01
1.250001e-01
1.250000e-01
1.250000e-01
1.250000e-01
1.250000e-01
1.250000e-01
1.250000e-01
1.250000e-01
1.250000e-01
1.250000e-01
1.250000e-01
1.250000e-01
1.250000e-01
1.250000e-01
1.250000e-01
1.250000e-01
1.250000e-01
1.250000e-01
1.250000e-01
1.250000e-01
1.250000e-01
1.250000e-01
1.250000e-01
1.250000e-01
1.250000e-01
1.250000e-01
1.250000e-01
1.250000e-01
1.250000e-01
1.250000e-01
1.250000e-01
1.250000e-01
1.250000e-01
1.250000e-01
1.250000e-01
1.250000e-01
1.250000e-01
1.250000e-01
1.250001e-01
1.250011e-01
1.250125e-01
1.251409e-01
1.265301e-01
1.389098e-01
1.919582e-01
2.480036e-01
2.618162e-01
2.649822e-01
2.654914e-01
2.655563e-01
2.655645e-01
2.655641e-01
2.655645e-01
2.655640e-01
2.655643e-01
2.655652e-01
2.655672e-01
2.655690e-01
2.655695e-01
2.655690e-01
2.655673e-01
2.655648e-01
2.655628e-01
2.655619e-01
2.655617e-01
2.655636e-01
2.655708e-01
2.655805e-01
2.655894e-01
2.655955e-01
2.655980e-01
2.655982e-01
2.655962e-01
2.655881e-01
2.655774e-01
2.655694e-01
2.655649e-01
2.655631e-01
2.655625e-01
2.655620e-01
2.655562e-01
2.655266e-01
2.654589e-01
2.653798e-01
2.653326e-01
2.653215e-01
2.653426e-01
2.656024e-01
2.668246e-01
2.704418e-01
2.783363e-01
2.918996e-01
3.109340e-01
3.336898e-01
3.570536e-01
3.779024e-01
3.946386e-01
4.067727e-01
4.147793e-01
4.196813e-01
4.225007e-01
4.240464e-01
4.248689e-01
4.253038e-01
4.255395e-01
4.256753e-01
4.257613e-01
4.258218e-01
4.258685e-01
4.259068e-01
4.259392e-01
4.259672e-01
4.259913e-01
4.260120e-01
4.260296e-01
4.260444e-01
4.260573e-01
4.260687e-01
4.260790e-01
4.260882e-01
4.260961e-01
4.261027e-01
4.261078e-01
4.261117e-01
4.261144e-01
4.261163e-01
4.261180e-01
4.261197e-01
4.261215e-01
4.261234e-01
4.261250e-01
4.261264e-01
4.261274e-01
4.261277e-01
4.261272e-01
4.261267e-01
4.261312e-01
4.261377e-01
4.261490e-01
4.261646e-01
4.261804e-01
4.261922e-01
4.261983e-01
4.262001e-01
4.261953e-01
4.261560e-01
4.260749e-01
4.260102e-01
4.260367e-01
