4.267839e-01
4.289382e-01
4.327084e-01
4.379809e-01
4.443458e-01
4.514384e-01
4.589993e-01
4.668779e-01
4.749901e-01
4.832831e-01
4.917492e-01
5.003682e-01
5.091370e-01
5.180517e-01
5.271027e-01
5.362899e-01
5.456112e-01
5.550637e-01
5.646509e-01
5.743627e-01
5.842092e-01
5.941879e-01
6.042991e-01
6.145423e-01
6.249191e-01
6.354290e-01
6.460729e-01
6.568483e-01
6.677588e-01
6.787964e-01
6.899669e-01
7.012683e-01
7.127003e-01
7.242617e-01
7.359514e-01
7.477676e-01
7.597078e-01
7.717693e-01
7.839515e-01
7.962452e-01
8.086475e-01
8.211507e-01
8.337460e-01
8.464222e-01
8.591649e-01
8.719556e-01
8.847700e-01
8.975767e-01
9.103343e-01
9.229878e-01
9.354559e-01
9.476301e-01
9.593551e-01
9.704206e-01
9.805301e-01
9.892146e-01
9.956789e-01
9.990692e-01
9.999324e-01
9.999991e-01
1.000000e+00
1.000000e+00
1.000000e+00
1.000000e+00
1.000000e+00
1.000000e+00
1.000000e+00
1.000000e+00
1.000000e+00
1.000000e+00
1.000000e+00
1.000000e+00
1.000000e+00
1.000000e+00
1.000000e+00
1.000000e+00
1.000000e+00
1.000000e+00
1.000000e+00
1.000000e+00
1.000000e+00
1.000000e+00
1.000000e+00
1.000000e+00
1.000000e+00
1.000000e+00
1.000000e+00
1.000000e+00
1.000000e+00
1.000000e+00
1.000000e+00
1.000000e+00
1.000000e+00
1.000000e+00
1.000000e+00
1.000000e+00
1.000000e+00
1.000000e+00
1.000000e+00
1.000000e+00
1.000000e+00
1.000000e+00
1.000000e+00
1.000000e+00
1.000000e+00
1.000000e+00
1.000000e+00
1.000000e+00
1.000000e+00
1.000000e+00
1.000000e+00
1.000000e+00
1.000000e+00
1.000000e+00
1.000000e+00
1.000000e+00
1.000000e+00
1.000000e+00
1.000000e+00
1.000000e+00
1.000000e+00
1.000000e+00
1.000000e+00
1.000000e+00
1.000000e+00
1.000000e+00
1.000000e+00
1.000000e+00
1.000000e+00
1.000000e+00
1.000000e+00
1.000000e+00
1.000000e+00
1.000000e+00
1.000000e+00
1.000000e+00
1.000000e+00
1.000000e+00
1.000000e+00
1.000000e+00
1.000000e+00
1.000000e+00
1.000000e+00
1.000000e+00
1.000000e+00
1.000000e+00
1.000000e+00
1.000000e+00
1.000000e+00
1.000000e+00
1.000000e+00
1.000000e+00
1.000000e+00
1.000000e+00
1.000000e+00
1.000000e+00
1.000000e+00
1.000000e+00
1.000000e+00
1.000000e+00
1.000000e+00
1.000000e+00
1.000000e+00
1.000000e+00
1.000000e+00
1.000000e+00
1.000000e+00
1.000000e+00
1.000000e+00
1.000000e+00
1.000000e+00
1.000000e+00
1.000000e+00
1.000000e+00
1.000000e+00
1.000000e+00
1.000000e+00
1.000000e+00
1.000000e+00
1.000000e+00
1.000000e+00
1.000000e+00
1.000000e+00
1.000000e+00
1.000000e+00
1.000000e+00
1.000000e+00
1.000000e+00
1.000000e+00
1.000000e+00
1.000000e+00
1.000000e+00
1.000000e+00
9.999999e-01
9.999994e-01
9.999966e-01
9.999820e-01
9.999076e-01
9.995663e-01
9.982721e-01
9.946271e-01
9.874253e-01
9.769966e-01
9.646582e-01
9.514876e-01
9.380470e-01
9.245548e-01
9.110836e-01
8.976757e-01
8.843569e-01
8.711405e-01
8.580367e-01
8.450530e-01
8.321950e-01
8.194663e-01
8.068698e-01
7.944075e-01
7.820811e-01
7.698895e-01
7.578376e-01
7.459234e-01
7.341466e-01
7.225073e-01
7.110055e-01
6.996409e-01
6.884130e-01
6.773215e-01
6.663665e-01
6.555422e-01
6.448552e-01
6.343021e-01
6.238847e-01
6.136016e-01
6.034528e-01
5.934371e-01
5.835542e-01
5.738043e-01
5.641887e-01
5.546988e-01
5.453436e-01
5.361208e-01
5.270333e-01
5.180839e-01
5.092748e-01
5.006165e-01
4.921150e-01
4.837788e-01
4.756285e-01
4.676801e-01
4.599870e-01
4.526252e-01
4.457243e-01
4.394887e-01
4.342046e-01
4.301831e-01
4.276150e-01
4.263505e-01
4.259634e-01
4.259154e-01
4.260152e-01
4.261280e-01
4.261835e-01
4.261937e-01
4.261922e-01
4.261858e-01
4.261728e-01
4.261595e-01
4.261503e-01
4.261434e-01
4.261461e-01
4.261498e-01
4.261524e-01
4.261530e-01
4.261515e-01
4.261480e-01
4.261431e-01
4.261373e-01
4.261305e-01
4.261227e-01
4.261129e-01
4.261002e-01
4.260837e-01
4.260632e-01
4.260386e-01
4.260090e-01
4.259713e-01
4.259185e-01
4.258364e-01
4.256956e-01
4.254346e-01
4.249273e-01
4.239281e-01
4.219921e-01
4.183832e-01
4.120189e-01
4.015417e-01
3.856922e-01
3.640088e-01
3.376196e-01
3.102931e-01
2.870630e-01
2.718463e-01
2.655620e-01
2.644604e-01
2.644427e-01
2.645238e-01
2.647578e-01
2.651086e-01
2.654269e-01
2.655873e-01
2.656127e-01
2.656109e-01
2.656002e-01
2.655800e-01
2.655622e-01
2.655556e-01
2.655557e-01
2.655595e-01
2.655675e-01
2.655761e-01
2.655815e-01
2.655831e-01
2.655825e-01
2.655791e-01
2.655728e-01
2.655651e-01
2.655572e-01
2.655493e-01
2.655439e-01
2.655371e-01
2.655311e-01
2.654967e-01
2.653430e-01
2.645595e-01
2.606347e-01
2.405462e-01
1.784091e-01
1.306003e-01
1.250483e-01
1.250000e-01
1.250000e-01
1.250000e-01
1.250000e-01
1.250000e-01
1.250000e-01
1.250000e-01
1.250000e-01
1.250000e-01
1.250000e-01
1.250000e-01
1.250000e-01
1.250000e-01
1.250000e-01
1.250000e-01
1.250000e-01
1.250000e-01
1.250000e-01
1.250000e-01
1.250000e-01
1.250000e-01
1.250000e-01
1.250000e-01
1.250000e-01
1.250000e-01
1.250000e-01
1.250000e-01
1.250000e-01
1.250000e-01
1.250000e-01
1.250000e-01
1.250000e-01
1.250000e-01
1.250000e-01
1.250000e-01
1.250000e-01
1.250000e-01
1.250000e-01
1.250000e-01
1.250000e-01
1.250000e-01
1.250000e-01
1.250000e-01
1.250000e-01
1.250000e-01
1.250000e-01
1.250000e-01
1.250000e-01
1.250000e-01
1.250000e-01
1.250000e-01
1.250000e-01
1.250000e-01
1.250000e-01
1.250000e-01
1.250000e-01
1.250000e-01
1.250000e-01
1.250000e-01
1.250000e-01
1.250000e-01
1.250000e-01
1.250000e-01
1.250000e-01
1.250000e-01
1.250000e-01
1.250000e-01
1.250000e-01
1.250000e-01
1.250000e-01
1.250000e-01
1.250000e-01
1.250000e-01
1.250000e-01
1.250000e-01
1.250000e-01
1.250000e-01
1.250000e-01
1.250000e-01
1.250000e-01
1.250000e-01
1.250000e-01
1.250000e-01
1.250000e-01
1.250000e-01
1.250000e-01
1.250001e-01
1.250006e-01
1.250074e-01
1.250830e-01
1.259127e-01
1.338584e-01
1.765540e-01
2.401314e-01
2.602997e-01
2.646399e-01
2.654225e-01
2.655258e-01
2.655386e-01
2.655419e-01
2.655457e-01
2.655503e-01
2.655562e-01
2.655636e-01
2.655721e-01
2.655803e-01
2.655860e-01
2.655886e-01
2.655892e-01
2.655876e-01
2.655797e-01
2.655673e-01
2.655580e-01
2.655542e-01
2.655540e-01
2.655599e-01
2.655673e-01
2.655691e-01
2.655625e-01
2.655148e-01
2.653894e-01
2.652421e-01
2.651644e-01
2.651509e-01
2.652327e-01
2.659497e-01
2.688664e-01
2.764663e-01
2.908102e-01
3.118786e-01
3.372061e-01
3.625547e-01
3.841688e-01
4.004995e-01
4.114434e-01
4.180721e-01
4.217782e-01
4.237256e-01
4.247110e-01
4.252072e-01
4.254669e-01
4.256146e-01
4.257080e-01
4.257734e-01
4.258230e-01
4.258624e-01
4.258947e-01
4.259212e-01
4.259431e-01
4.259615e-01
4.259775e-01
4.259919e-01
4.260049e-01
4.260162e-01
4.260260e-01
4.260347e-01
4.260420e-01
4.260478e-01
4.260522e-01
4.260576e-01
4.260690e-01
4.260854e-01
4.261070e-01
4.261275e-01
4.261413e-01
4.261501e-01
4.261566e-01
4.261594e-01
4.261513e-01
4.260802e-01
4.259412e-01
4.258460e-01
4.259972e-01
