4.262005e-01
4.268010e-01
4.281554e-01
4.304943e-01
4.337718e-01
4.378167e-01
4.424124e-01
4.473834e-01
4.526082e-01
4.580114e-01
4.635476e-01
4.691893e-01
4.749217e-01
4.807321e-01
4.866204e-01
4.925807e-01
4.986114e-01
5.047114e-01
5.108799e-01
5.171161e-01
5.234175e-01
5.297836e-01
5.362145e-01
5.427101e-01
5.492699e-01
5.558937e-01
5.625828e-01
5.693326e-01
5.761479e-01
5.830278e-01
5.899728e-01
5.969831e-01
6.040586e-01
6.111995e-01
6.184058e-01
6.256783e-01
6.330166e-01
6.404220e-01
6.478934e-01
6.554310e-01
6.630357e-01
6.707057e-01
6.784417e-01
6.862444e-01
6.941137e-01
7.020496e-01
7.100521e-01
7.181210e-01
7.262563e-01
7.344577e-01
7.427250e-01
7.510576e-01
7.594553e-01
7.679172e-01
7.764427e-01
7.850325e-01
7.936828e-01
8.023939e-01
8.111640e-01
8.199911e-01
8.288729e-01
8.378069e-01
8.467896e-01
8.558172e-01
8.648848e-01
8.739864e-01
8.831147e-01
8.922604e-01
9.014120e-01
9.105552e-01
9.196728e-01
9.287388e-01
9.377228e-01
9.465825e-01
9.552614e-01
9.636836e-01
9.717492e-01
9.793247e-01
9.862259e-01
9.921728e-01
9.966910e-01
9.992073e-01
9.999309e-01
9.999987e-01
1.000000e+00
1.000000e+00
1.000000e+00
1.000000e+00
1.000000e+00
1.000000e+00
1.000000e+00
1.000000e+00
1.000000e+00
1.000000e+00
1.000000e+00
1.000000e+00
1.000000e+00
1.000000e+00
1.000000e+00
1.000000e+00
1.000000e+00
1.000000e+00
1.000000e+00
1.000000e+00
1.000000e+00
1.000000e+00
1.000000e+00
1.000000e+00
1.000000e+00
1.000000e+00
1.000000e+00
1.000000e+00
1.000000e+00
1.000000e+00
1.000000e+00
1.000000e+00
1.000000e+00
1.000000e+00
1.000000e+00
1.000000e+00
1.000000e+00
1.000000e+00
1.000000e+00
1.000000e+00
1.000000e+00
1.000000e+00
1.000000e+00
1.000000e+00
1.000000e+00
1.000000e+00
1.000000e+00
1.000000e+00
1.000000e+00
1.000000e+00
1.000000e+00
1.000000e+00
1.000000e+00
1.000000e+00
1.000000e+00
1.000000e+00
1.000000e+00
1.000000e+00
1.000000e+00
1.000000e+00
1.000000e+00
1.000000e+00
1.000000e+00
1.000000e+00
1.000000e+00
1.000000e+00
1.000000e+00
1.000000e+00
1.000000e+00
1.000000e+00
1.000000e+00
1.000000e+00
1.000000e+00
1.000000e+00
1.000000e+00
1.000000e+00
1.000000e+00
1.000000e+00
1.000000e+00
1.000000e+00
1.000000e+00
1.000000e+00
1.000000e+00
1.000000e+00
1.000000e+00
9.999999e-01
9.999997e-01
9.999983e-01
9.999913e-01
9.999557e-01
9.997907e-01
9.991367e-01
9.971440e-01
9.928154e-01
9.860243e-01
9.775798e-01
9.683395e-01
9.587999e-01
9.491784e-01
9.395451e-01
9.299260e-01
9.203373e-01
9.107888e-01
9.012897e-01
8.918443e-01
8.824560e-01
8.731276e-01
8.638618e-01
8.546603e-01
8.455246e-01
8.364558e-01
8.274548e-01
8.185222e-01
8.096585e-01
8.008640e-01
7.921390e-01
7.834839e-01
7.748976e-01
7.663824e-01
7.579371e-01
7.495614e-01
7.412552e-01
7.330185e-01
7.248510e-01
7.167527e-01
7.087233e-01
7.007626e-01
6.928704e-01
6.850464e-01
6.772904e-01
6.696022e-01
6.619806e-01
6.544255e-01
6.469377e-01
6.395165e-01
6.321619e-01
6.248747e-01
6.176535e-01
6.104984e-01
6.034090e-01
5.963849e-01
5.894260e-01
5.825323e-01
5.757036e-01
5.689397e-01
5.622410e-01
5.556031e-01
5.490303e-01
5.425217e-01
5.360775e-01
5.296983e-01
5.233844e-01
5.171362e-01
5.109543e-01
5.048417e-01
4.987998e-01
4.928303e-01
4.869351e-01
4.811177e-01
4.753840e-01
4.697382e-01
4.641925e-01
4.587636e-01
4.534785e-01
4.483783e-01
4.435271e-01
4.390226e-01
4.350016e-01
4.316323e-01
4.290718e-01
4.273904e-01
4.264930e-01
4.261509e-01
4.260732e-01
4.260890e-01
4.261431e-01
4.261930e-01
4.262163e-01
4.262191e-01
4.262166e-01
4.262091e-01
4.262018e-01
4.261980e-01
4.261959e-01
4.261994e-01
4.262053e-01
4.262113e-01
4.262163e-01
4.262201e-01
4.262229e-01
4.262249e-01
4.262265e-01
4.262279e-01
4.262292e-01
4.262305e-01
4.262317e-01
4.262324e-01
4.262326e-01
4.262320e-01
4.262308e-01
4.262289e-01
4.262264e-01
4.262235e-01
4.262201e-01
4.262163e-01
4.262120e-01
4.262069e-01
4.262010e-01
4.261940e-01
4.261859e-01
4.261767e-01
4.261664e-01
4.261547e-01
4.261413e-01
4.261258e-01
4.261077e-01
4.260862e-01
4.260603e-01
4.260280e-01
4.259846e-01
4.259208e-01
4.258172e-01
4.256360e-01
4.253052e-01
4.246931e-01
4.235711e-01
4.215666e-01
4.181161e-01
4.124442e-01
4.036120e-01
3.907134e-01
3.732726e-01
3.516087e-01
3.273831e-01
3.038973e-01
2.844952e-01
2.716990e-01
2.660393e-01
2.648431e-01
2.647891e-01
2.648167e-01
2.649209e-01
2.651120e-01
2.653366e-01
2.655091e-01
2.655811e-01
2.655892e-01
2.655883e-01
2.655842e-01
2.655778e-01
2.655743e-01
2.655743e-01
2.655756e-01
2.655791e-01
2.655834e-01
2.655859e-01
2.655860e-01
2.655853e-01
2.655829e-01
2.655787e-01
2.655734e-01
2.655685e-01
2.655653e-01
2.655642e-01
2.655641e-01
2.655646e-01
2.655655e-01
2.655669e-01
2.655683e-01
2.655693e-01
2.655699e-01
2.655701e-01
2.655699e-01
2.655692e-01
2.655682e-01
2.655669e-01
2.655658e-01
2.655652e-01
2.655644e-01
2.655646e-01
2.655616e-01
2.655568e-01
2.655215e-01
2.653624e-01
2.645568e-01
2.605260e-01
2.399318e-01
1.772813e-01
1.303089e-01
1.250438e-01
1.250000e-01
1.250000e-01
1.250000e-01
1.250000e-01
1.250000e-01
1.250000e-01
1.250000e-01
1.250000e-01
1.250000e-01
1.250000e-01
1.250000e-01
1.250000e-01
1.250000e-01
1.250000e-01
1.250000e-01
1.250000e-01
1.250001e-01
1.250006e-01
1.250071e-01
1.250799e-01
1.258793e-01
1.335686e-01
1.755036e-01
2.394784e-01
2.601993e-01
2.646326e-01
2.654380e-01
2.655456e-01
2.655595e-01
2.655615e-01
2.655632e-01
2.655649e-01
2.655676e-01
2.655700e-01
2.655715e-01
2.655721e-01
2.655721e-01
2.655721e-01
2.655720e-01
2.655717e-01
2.655713e-01
2.655707e-01
2.655698e-01
2.655685e-01
2.655675e-01
2.655668e-01
2.655666e-01
2.655668e-01
2.655685e-01
2.655730e-01
2.655801e-01
2.655874e-01
2.655926e-01
2.655954e-01
2.655963e-01
2.655962e-01
2.655919e-01
2.655832e-01
2.655758e-01
2.655706e-01
2.655672e-01
2.655645e-01
2.655608e-01
2.655507e-01
2.655204e-01
2.654636e-01
2.654052e-01
2.653742e-01
2.653680e-01
2.653929e-01
2.656376e-01
2.667201e-01
2.698785e-01
2.767671e-01
2.887735e-01
3.060224e-01
3.272600e-01
3.499792e-01
3.711458e-01
3.888581e-01
4.023447e-01
4.116907e-01
4.176884e-01
4.212988e-01
4.233607e-01
4.244937e-01
4.251034e-01
4.254323e-01
4.256157e-01
4.257253e-01
4.257974e-01
4.258499e-01
4.258915e-01
4.259261e-01
4.259557e-01
4.259813e-01
4.260037e-01
4.260234e-01
4.260409e-01
4.260565e-01
4.260705e-01
4.260831e-01
4.260941e-01
4.261037e-01
4.261119e-01
4.261189e-01
4.261250e-01
4.261306e-01
4.261357e-01
4.261400e-01
4.261435e-01
4.261461e-01
4.261477e-01
4.261484e-01
4.261484e-01
4.261481e-01
4.261478e-01
4.261479e-01
4.261481e-01
4.261485e-01
4.261487e-01
4.261486e-01
4.261480e-01
4.261464e-01
4.261450e-01
4.261475e-01
4.261519e-01
4.261603e-01
4.261732e-01
4.261884e-01
4.262015e-01
4.262091e-01
4.262106e-01
4.262076e-01
4.261776e-01
4.261129e-01
4.260591e-01
4.260660e-01
