4.262046e-01
4.268195e-01
4.282027e-01
4.305795e-01
4.338999e-01
4.379880e-01
4.426255e-01
4.476368e-01
4.529009e-01
4.583428e-01
4.639177e-01
4.695981e-01
4.753692e-01
4.812197e-01
4.871483e-01
4.931498e-01
4.992221e-01
5.053648e-01
5.115768e-01
5.178568e-01
5.242028e-01
5.306144e-01
5.370914e-01
5.436338e-01
5.502414e-01
5.569133e-01
5.636514e-01
5.704509e-01
5.773169e-01
5.842483e-01
5.912456e-01
5.983088e-01
6.054382e-01
6.126338e-01
6.198954e-01
6.272240e-01
6.346196e-01
6.420827e-01
6.496127e-01
6.572094e-01
6.648746e-01
6.726048e-01
6.804026e-01
6.882676e-01
6.962000e-01
7.041997e-01
7.122668e-01
7.204010e-01
7.286022e-01
7.368702e-01
7.452046e-01
7.536050e-01
7.620708e-01
7.706016e-01
7.791966e-01
7.878556e-01
7.965757e-01
8.053567e-01
8.141965e-01
8.230932e-01
8.320443e-01
8.410468e-01
8.500972e-01
8.591910e-01
8.683230e-01
8.774865e-01
8.866734e-01
8.958734e-01
9.050736e-01
9.142587e-01
9.234075e-01
9.324921e-01
9.414768e-01
9.503132e-01
9.589360e-01
9.672584e-01
9.751658e-01
9.825031e-01
9.890489e-01
9.944441e-01
9.981126e-01
9.996982e-01
9.999863e-01
9.999999e-01
1.000000e+00
1.000000e+00
1.000000e+00
1.000000e+00
1.000000e+00
1.000000e+00
1.000000e+00
1.000000e+00
1.000000e+00
1.000000e+00
1.000000e+00
1.000000e+00
1.000000e+00
1.000000e+00
1.000000e+00
1.000000e+00
1.000000e+00
1.000000e+00
1.000000e+00
1.000000e+00
1.000000e+00
1.000000e+00
1.000000e+00
1.000000e+00
1.000000e+00
1.000000e+00
1.000000e+00
1.000000e+00
1.000000e+00
1.000000e+00
1.000000e+00
1.000000e+00
1.000000e+00
1.000000e+00
1.000000e+00
1.000000e+00
1.000000e+00
1.000000e+00
1.000000e+00
1.000000e+00
1.000000e+00
1.000000e+00
1.000000e+00
1.000000e+00
1.000000e+00
1.000000e+00
1.000000e+00
1.000000e+00
1.000000e+00
1.000000e+00
1.000000e+00
1.000000e+00
1.000000e+00
1.000000e+00
1.000000e+00
1.000000e+00
1.000000e+00
1.000000e+00
1.000000e+00
1.000000e+00
1.000000e+00
1.000000e+00
1.000000e+00
1.000000e+00
1.000000e+00
1.000000e+00
1.000000e+00
1.000000e+00
1.000000e+00
1.000000e+00
1.000000e+00
1.000000e+00
1.000000e+00
1.000000e+00
1.000000e+00
1.000000e+00
1.000000e+00
1.000000e+00
1.000000e+00
1.000000e+00
1.000000e+00
1.000000e+00
1.000000e+00
1.000000e+00
1.000000e+00
1.000000e+00
9.999999e-01
9.999992e-01
9.999959e-01
9.999786e-01
9.998950e-01
9.995345e-01
9.982802e-01
9.950867e-01
9.893226e-01
9.814655e-01
9.724541e-01
9.629585e-01
9.533068e-01
9.436217e-01
9.339409e-01
9.242843e-01
9.146649e-01
9.050910e-01
8.955704e-01
8.861059e-01
8.767009e-01
8.673581e-01
8.580796e-01
8.488671e-01
8.397219e-01
8.306448e-01
8.216367e-01
8.126980e-01
8.038293e-01
7.950307e-01
7.863027e-01
7.776443e-01
7.690576e-01
7.605416e-01
7.520961e-01
7.437210e-01
7.354162e-01
7.271814e-01
7.190166e-01
7.109216e-01
7.028961e-01
6.949399e-01
6.870528e-01
6.792345e-01
6.714848e-01
6.638033e-01
6.561880e-01
6.486413e-01
6.411621e-01
6.337501e-01
6.264061e-01
6.191292e-01
6.119193e-01
6.047758e-01
5.976983e-01
5.906870e-01
5.837416e-01
5.768620e-01
5.700479e-01
5.632999e-01
5.566136e-01
5.499932e-01
5.434374e-01
5.369469e-01
5.305221e-01
5.241633e-01
5.178708e-01
5.116455e-01
5.054898e-01
4.994056e-01
4.933948e-01
4.874588e-01
4.816012e-01
4.758277e-01
4.701434e-01
4.645592e-01
4.590919e-01
4.537685e-01
4.486299e-01
4.437401e-01
4.391960e-01
4.351348e-01
4.317258e-01
4.291293e-01
4.274189e-01
4.265029e-01
4.261520e-01
4.260717e-01
4.260867e-01
4.261412e-01
4.261922e-01
4.262160e-01
4.262190e-01
4.262166e-01
4.262090e-01
4.262014e-01
4.261974e-01
4.261951e-01
4.261986e-01
4.262045e-01
4.262107e-01
4.262157e-01
4.262195e-01
4.262221e-01
4.262241e-01
4.262256e-01
4.262270e-01
4.262284e-01
4.262297e-01
4.262307e-01
4.262314e-01
4.262314e-01
4.262308e-01
4.262295e-01
4.262275e-01
4.262250e-01
4.262220e-01
4.262185e-01
4.262145e-01
4.262100e-01
4.262047e-01
4.261985e-01
4.261912e-01
4.261828e-01
4.261733e-01
4.261625e-01
4.261503e-01
4.261362e-01
4.261198e-01
4.261005e-01
4.260776e-01
4.260498e-01
4.260145e-01
4.259656e-01
4.258911e-01
4.257667e-01
4.255451e-01
4.251370e-01
4.243819e-01
4.230062e-01
4.205742e-01
4.164456e-01
4.097729e-01
3.995888e-01
3.850853e-01
3.660208e-01
3.431152e-01
3.186803e-01
2.962696e-01
2.789948e-01
2.688816e-01
2.652899e-01
2.647895e-01
2.647885e-01
2.648403e-01
2.649800e-01
2.651949e-01
2.654108e-01
2.655484e-01
2.655876e-01
2.655891e-01
2.655872e-01
2.655817e-01
2.655757e-01
2.655740e-01
2.655744e-01
2.655766e-01
2.655808e-01
2.655848e-01
2.655862e-01
2.655860e-01
2.655846e-01
2.655814e-01
2.655766e-01
2.655712e-01
2.655668e-01
2.655644e-01
2.655640e-01
2.655642e-01
2.655649e-01
2.655661e-01
2.655675e-01
2.655687e-01
2.655695e-01
2.655699e-01
2.655699e-01
2.655693e-01
2.655683e-01
2.655671e-01
2.655659e-01
2.655653e-01
2.655651e-01
2.655640e-01
2.655642e-01
2.655582e-01
2.655410e-01
2.654428e-01
2.649697e-01
2.625955e-01
2.504476e-01
2.011110e-01
1.391259e-01
1.252884e-01
1.250003e-01
1.250000e-01
1.250000e-01
1.250000e-01
1.250000e-01
1.250000e-01
1.250000e-01
1.250000e-01
1.250000e-01
1.250000e-01
1.250000e-01
1.250000e-01
1.250000e-01
1.250000e-01
1.250000e-01
1.250000e-01
1.250000e-01
1.250000e-01
1.250001e-01
1.250014e-01
1.250157e-01
1.251759e-01
1.268965e-01
1.416623e-01
1.985909e-01
2.505170e-01
2.623353e-01
2.650763e-01
2.654991e-01
2.655536e-01
2.655602e-01
2.655624e-01
2.655636e-01
2.655658e-01
2.655683e-01
2.655704e-01
2.655715e-01
2.655720e-01
2.655721e-01
2.655722e-01
2.655720e-01
2.655715e-01
2.655708e-01
2.655698e-01
2.655685e-01
2.655674e-01
2.655667e-01
2.655664e-01
2.655666e-01
2.655677e-01
2.655711e-01
2.655776e-01
2.655851e-01
2.655911e-01
2.655946e-01
2.655959e-01
2.655962e-01
2.655940e-01
2.655862e-01
2.655782e-01
2.655723e-01
2.655683e-01
2.655655e-01
2.655625e-01
2.655559e-01
2.655353e-01
2.654869e-01
2.654237e-01
2.653799e-01
2.653663e-01
2.653717e-01
2.654917e-01
2.661524e-01
2.683698e-01
2.737067e-01
2.837753e-01
2.992445e-01
3.193122e-01
3.419140e-01
3.639742e-01
3.830787e-01
3.981159e-01
4.088644e-01
4.159288e-01
4.202674e-01
4.227841e-01
4.241813e-01
4.249361e-01
4.253412e-01
4.255637e-01
4.256930e-01
4.257752e-01
4.258332e-01
4.258781e-01
4.259148e-01
4.259459e-01
4.259728e-01
4.259962e-01
4.260169e-01
4.260351e-01
4.260514e-01
4.260659e-01
4.260788e-01
4.260903e-01
4.261002e-01
4.261086e-01
4.261158e-01
4.261223e-01
4.261281e-01
4.261333e-01
4.261378e-01
4.261414e-01
4.261441e-01
4.261458e-01
4.261466e-01
4.261467e-01
4.261465e-01
4.261463e-01
4.261464e-01
4.261468e-01
4.261472e-01
4.261475e-01
4.261475e-01
4.261469e-01
4.261454e-01
4.261440e-01
4.261466e-01
4.261510e-01
4.261596e-01
4.261727e-01
4.261880e-01
4.262010e-01
4.262086e-01
4.262102e-01
4.262069e-01
4.261763e-01
4.261105e-01
4.260561e-01
4.260645e-01
