4.263012e-01
4.272695e-01
4.292546e-01
4.324201e-01
4.366014e-01
4.415497e-01
4.470185e-01
4.528342e-01
4.588870e-01
4.651123e-01
4.714707e-01
4.779402e-01
4.845124e-01
4.911797e-01
4.979381e-01
5.047861e-01
5.117216e-01
5.187430e-01
5.258470e-01
5.330335e-01
5.403020e-01
5.476520e-01
5.550830e-01
5.625966e-01
5.701869e-01
5.778599e-01
5.856145e-01
5.934512e-01
6.013703e-01
6.093715e-01
6.174549e-01
6.256215e-01
6.338710e-01
6.422046e-01
6.506212e-01
6.591204e-01
6.677044e-01
6.763686e-01
6.851168e-01
6.939481e-01
7.028625e-01
7.118600e-01
7.209402e-01
7.301028e-01
7.393473e-01
7.486731e-01
7.580796e-01
7.675655e-01
7.771298e-01
7.867728e-01
7.964895e-01
8.062797e-01
8.161403e-01
8.260679e-01
8.360587e-01
8.461078e-01
8.562091e-01
8.663553e-01
8.765369e-01
8.867424e-01
8.969566e-01
9.071607e-01
9.173318e-01
9.274356e-01
9.374297e-01
9.472557e-01
9.568333e-01
9.660548e-01
9.747766e-01
9.828010e-01
9.898324e-01
9.953715e-01
9.987258e-01
9.998595e-01
9.999964e-01
1.000000e+00
1.000000e+00
1.000000e+00
1.000000e+00
1.000000e+00
1.000000e+00
1.000000e+00
1.000000e+00
1.000000e+00
1.000000e+00
1.000000e+00
1.000000e+00
1.000000e+00
1.000000e+00
1.000000e+00
1.000000e+00
1.000000e+00
1.000000e+00
1.000000e+00
1.000000e+00
1.000000e+00
1.000000e+00
1.000000e+00
1.000000e+00
1.000000e+00
1.000000e+00
1.000000e+00
1.000000e+00
1.000000e+00
1.000000e+00
1.000000e+00
1.000000e+00
1.000000e+00
1.000000e+00
1.000000e+00
1.000000e+00
1.000000e+00
1.000000e+00
1.000000e+00
1.000000e+00
1.000000e+00
1.000000e+00
1.000000e+00
1.000000e+00
1.000000e+00
1.000000e+00
1.000000e+00
1.000000e+00
1.000000e+00
1.000000e+00
1.000000e+00
1.000000e+00
1.000000e+00
1.000000e+00
1.000000e+00
1.000000e+00
1.000000e+00
1.000000e+00
1.000000e+00
1.000000e+00
1.000000e+00
1.000000e+00
1.000000e+00
1.000000e+00
1.000000e+00
1.000000e+00
1.000000e+00
1.000000e+00
1.000000e+00
1.000000e+00
1.000000e+00
1.000000e+00
1.000000e+00
1.000000e+00
1.000000e+00
1.000000e+00
1.000000e+00
1.000000e+00
1.000000e+00
1.000000e+00
1.000000e+00
1.000000e+00
1.000000e+00
1.000000e+00
1.000000e+00
1.000000e+00
1.000000e+00
1.000000e+00
1.000000e+00
1.000000e+00
1.000000e+00
1.000000e+00
1.000000e+00
1.000000e+00
1.000000e+00
1.000000e+00
1.000000e+00
1.000000e+00
1.000000e+00
1.000000e+00
1.000000e+00
1.000000e+00
1.000000e+00
9.999999e-01
9.999994e-01
9.999968e-01
9.999832e-01
9.999159e-01
9.996149e-01
9.985067e-01
9.954777e-01
9.896305e-01
9.812750e-01
9.714442e-01
9.609656e-01
9.502670e-01
9.395176e-01
9.287711e-01
9.180544e-01
9.073837e-01
8.967732e-01
8.862282e-01
8.757540e-01
8.653549e-01
8.550339e-01
8.447937e-01
8.346359e-01
8.245621e-01
8.145731e-01
8.046699e-01
7.948529e-01
7.851229e-01
7.754783e-01
7.659226e-01
7.564540e-01
7.470724e-01
7.377777e-01
7.285699e-01
7.194486e-01
7.104138e-01
7.014650e-01
6.926022e-01
6.838249e-01
6.751329e-01
6.665262e-01
6.580011e-01
6.495618e-01
6.412060e-01
6.329339e-01
6.247464e-01
6.166423e-01
6.086214e-01
6.006831e-01
5.928271e-01
5.850532e-01
5.773616e-01
5.697518e-01
5.622243e-01
5.547740e-01
5.474058e-01
5.401192e-01
5.329144e-01
5.257924e-01
5.187537e-01
5.117995e-01
5.049330e-01
4.981574e-01
4.914757e-01
4.848910e-01
4.784093e-01
4.720413e-01
4.657958e-01
4.596976e-01
4.537849e-01
4.481153e-01
4.427795e-01
4.379157e-01
4.337118e-01
4.303777e-01
4.280589e-01
4.267411e-01
4.261752e-01
4.260426e-01
4.260406e-01
4.261068e-01
4.261762e-01
4.262090e-01
4.262132e-01
4.262115e-01
4.262033e-01
4.261939e-01
4.261876e-01
4.261837e-01
4.261853e-01
4.261900e-01
4.261960e-01
4.262007e-01
4.262040e-01
4.262061e-01
4.262075e-01
4.262082e-01
4.262085e-01
4.262086e-01
4.262084e-01
4.262080e-01
4.262072e-01
4.262057e-01
4.262034e-01
4.262001e-01
4.261957e-01
4.261901e-01
4.261833e-01
4.261755e-01
4.261668e-01
4.261569e-01
4.261454e-01
4.261316e-01
4.261148e-01
4.260944e-01
4.260699e-01
4.260403e-01
4.260030e-01
4.259519e-01
4.258741e-01
4.257430e-01
4.255057e-01
4.250606e-01
4.242210e-01
4.226642e-01
4.198707e-01
4.150773e-01
4.072898e-01
3.954301e-01
3.787379e-01
3.572463e-01
3.323599e-01
3.074809e-01
2.864957e-01
2.724109e-01
2.660943e-01
2.647460e-01
2.646861e-01
2.647217e-01
2.648520e-01
2.650844e-01
2.653445e-01
2.655265e-01
2.655895e-01
2.655947e-01
2.655927e-01
2.655855e-01
2.655761e-01
2.655710e-01
2.655706e-01
2.655721e-01
2.655760e-01
2.655811e-01
2.655839e-01
2.655842e-01
2.655835e-01
2.655813e-01
2.655772e-01
2.655721e-01
2.655675e-01
2.655644e-01
2.655629e-01
2.655620e-01
2.655614e-01
2.655610e-01
2.655611e-01
2.655618e-01
2.655628e-01
2.655638e-01
2.655651e-01
2.655656e-01
2.655662e-01
2.655650e-01
2.655614e-01
2.655370e-01
2.654221e-01
2.648524e-01
2.620142e-01
2.474601e-01
1.931099e-01
1.354607e-01
1.251587e-01
1.250001e-01
1.250000e-01
1.250000e-01
1.250000e-01
1.250000e-01
1.250000e-01
1.250000e-01
1.250000e-01
1.250000e-01
1.250000e-01
1.250000e-01
1.250000e-01
1.250000e-01
1.250000e-01
1.250000e-01
1.250000e-01
1.250000e-01
1.250000e-01
1.250000e-01
1.250000e-01
1.250000e-01
1.250000e-01
1.250000e-01
1.250000e-01
1.250000e-01
1.250000e-01
1.250000e-01
1.250000e-01
1.250000e-01
1.250000e-01
1.250000e-01
1.250000e-01
1.250000e-01
1.250000e-01
1.250000e-01
1.250000e-01
1.250000e-01
1.250000e-01
1.250000e-01
1.250000e-01
1.250000e-01
1.250000e-01
1.250001e-01
1.250011e-01
1.250120e-01
1.251348e-01
1.264656e-01
1.384082e-01
1.906367e-01
2.474485e-01
2.617054e-01
2.649613e-01
2.654896e-01
2.655563e-01
2.655647e-01
2.655644e-01
2.655648e-01
2.655642e-01
2.655641e-01
2.655643e-01
2.655655e-01
2.655670e-01
2.655675e-01
2.655667e-01
2.655650e-01
2.655632e-01
2.655622e-01
2.655618e-01
2.655630e-01
2.655694e-01
2.655782e-01
2.655871e-01
2.655937e-01
2.655972e-01
2.655981e-01
2.655970e-01
2.655898e-01
2.655786e-01
2.655698e-01
2.655648e-01
2.655626e-01
2.655619e-01
2.655613e-01
2.655573e-01
2.655337e-01
2.654689e-01
2.653843e-01
2.653280e-01
2.653123e-01
2.653243e-01
2.655294e-01
2.665870e-01
2.698911e-01
2.773415e-01
2.904724e-01
3.092434e-01
3.319770e-01
3.555796e-01
3.767905e-01
3.938877e-01
4.063216e-01
4.145338e-01
4.195581e-01
4.224426e-01
4.240196e-01
4.248559e-01
4.252965e-01
4.255345e-01
4.256715e-01
4.257582e-01
4.258193e-01
4.258664e-01
4.259050e-01
4.259377e-01
4.259657e-01
4.259896e-01
4.260098e-01
4.260268e-01
4.260415e-01
4.260545e-01
4.260661e-01
4.260764e-01
4.260852e-01
4.260926e-01
4.260986e-01
4.261032e-01
4.261065e-01
4.261090e-01
4.261110e-01
4.261132e-01
4.261154e-01
4.261177e-01
4.261198e-01
4.261215e-01
4.261227e-01
4.261232e-01
4.261228e-01
4.261225e-01
4.261275e-01
4.261347e-01
4.261468e-01
4.261628e-01
4.261784e-01
4.261900e-01
4.261958e-01
4.261976e-01
4.261926e-01
4.261514e-01
4.260667e-01
4.259999e-01
4.260317e-01
