4.262304e-01
4.269470e-01
4.285070e-01
4.311260e-01
4.347131e-01
4.390707e-01
4.439682e-01
4.492300e-01
4.547382e-01
4.604219e-01
4.662393e-01
4.721633e-01
4.781776e-01
4.842792e-01
4.904613e-01
4.967216e-01
5.030573e-01
5.094679e-01
5.159534e-01
5.225097e-01
5.291368e-01
5.358343e-01
5.426021e-01
5.494400e-01
5.563471e-01
5.633254e-01
5.703694e-01
5.774849e-01
5.846707e-01
5.919271e-01
5.992542e-01
6.066523e-01
6.141216e-01
6.216618e-01
6.292736e-01
6.369578e-01
6.447140e-01
6.525421e-01
6.604416e-01
6.684141e-01
6.764564e-01
6.845713e-01
6.927583e-01
7.010173e-01
7.093483e-01
7.177513e-01
7.262259e-01
7.347720e-01
7.433892e-01
7.520768e-01
7.608345e-01
7.696615e-01
7.785570e-01
7.875208e-01
7.965495e-01
8.056430e-01
8.147989e-01
8.240148e-01
8.332878e-01
8.426145e-01
8.519907e-01
8.614111e-01
8.708695e-01
8.803578e-01
8.898661e-01
8.993820e-01
9.088897e-01
9.183706e-01
9.277963e-01
9.371331e-01
9.463342e-01
9.553367e-01
9.640558e-01
9.723793e-01
9.801568e-01
9.871762e-01
9.931032e-01
9.973788e-01
9.994857e-01
9.999677e-01
9.999996e-01
1.000000e+00
1.000000e+00
1.000000e+00
1.000000e+00
1.000000e+00
1.000000e+00
1.000000e+00
1.000000e+00
1.000000e+00
1.000000e+00
1.000000e+00
1.000000e+00
1.000000e+00
1.000000e+00
1.000000e+00
1.000000e+00
1.000000e+00
1.000000e+00
1.000000e+00
1.000000e+00
1.000000e+00
1.000000e+00
1.000000e+00
1.000000e+00
1.000000e+00
1.000000e+00
1.000000e+00
1.000000e+00
1.000000e+00
1.000000e+00
1.000000e+00
1.000000e+00
1.000000e+00
1.000000e+00
1.000000e+00
1.000000e+00
1.000000e+00
1.000000e+00
1.000000e+00
1.000000e+00
1.000000e+00
1.000000e+00
1.000000e+00
1.000000e+00
1.000000e+00
1.000000e+00
1.000000e+00
1.000000e+00
1.000000e+00
1.000000e+00
1.000000e+00
1.000000e+00
1.000000e+00
1.000000e+00
1.000000e+00
1.000000e+00
1.000000e+00
1.000000e+00
1.000000e+00
1.000000e+00
1.000000e+00
1.000000e+00
1.000000e+00
1.000000e+00
1.000000e+00
1.000000e+00
1.000000e+00
1.000000e+00
1.000000e+00
1.000000e+00
1.000000e+00
1.000000e+00
1.000000e+00
1.000000e+00
1.000000e+00
1.000000e+00
1.000000e+00
1.000000e+00
1.000000e+00
1.000000e+00
1.000000e+00
1.000000e+00
1.000000e+00
1.000000e+00
1.000000e+00
1.000000e+00
1.000000e+00
1.000000e+00
1.000000e+00
1.000000e+00
1.000000e+00
1.000000e+00
9.999998e-01
9.999988e-01
9.999934e-01
9.999661e-01
9.998367e-01
9.993034e-01
9.975808e-01
9.935826e-01
9.869512e-01
9.784133e-01
9.689081e-01
9.590224e-01
9.490250e-01
9.390080e-01
9.290033e-01
9.190299e-01
9.090992e-01
8.992221e-01
8.894027e-01
8.796451e-01
8.699526e-01
8.603279e-01
8.507730e-01
8.412895e-01
8.318785e-01
8.225411e-01
8.132777e-01
8.040890e-01
7.949752e-01
7.859371e-01
7.769732e-01
7.680861e-01
7.592747e-01
7.505387e-01
7.418780e-01
7.332925e-01
7.247821e-01
7.163465e-01
7.079856e-01
6.996991e-01
6.914867e-01
6.833483e-01
6.752835e-01
6.672924e-01
6.593720e-01
6.515255e-01
6.437510e-01
6.360489e-01
6.284192e-01
6.208622e-01
6.133771e-01
6.059631e-01
5.986202e-01
5.913482e-01
5.841471e-01
5.770165e-01
5.699563e-01
5.629672e-01
5.560441e-01
5.491920e-01
5.424093e-01
5.356969e-01
5.290552e-01
5.224846e-01
5.159857e-01
5.095592e-01
5.032095e-01
4.969375e-01
4.907447e-01
4.846347e-01
4.786122e-01
4.726856e-01
4.668589e-01
4.611512e-01
4.555892e-01
4.502116e-01
4.450796e-01
4.402886e-01
4.359770e-01
4.323212e-01
4.294991e-01
4.276036e-01
4.265702e-01
4.261582e-01
4.260613e-01
4.260719e-01
4.261300e-01
4.261880e-01
4.262153e-01
4.262179e-01
4.262152e-01
4.262069e-01
4.261986e-01
4.261940e-01
4.261914e-01
4.261947e-01
4.262004e-01
4.262065e-01
4.262113e-01
4.262147e-01
4.262172e-01
4.262191e-01
4.262206e-01
4.262219e-01
4.262229e-01
4.262236e-01
4.262242e-01
4.262243e-01
4.262240e-01
4.262231e-01
4.262214e-01
4.262189e-01
4.262157e-01
4.262117e-01
4.262072e-01
4.262021e-01
4.261962e-01
4.261895e-01
4.261816e-01
4.261723e-01
4.261617e-01
4.261494e-01
4.261351e-01
4.261183e-01
4.260985e-01
4.260750e-01
4.260467e-01
4.260107e-01
4.259611e-01
4.258855e-01
4.257588e-01
4.255318e-01
4.251112e-01
4.243285e-01
4.228947e-01
4.203482e-01
4.160104e-01
4.089881e-01
3.982775e-01
3.830808e-01
3.632327e-01
3.396469e-01
3.149815e-01
2.929371e-01
2.766105e-01
2.677526e-01
2.650350e-01
2.647531e-01
2.647638e-01
2.648378e-01
2.650068e-01
2.652417e-01
2.654534e-01
2.655670e-01
2.655896e-01
2.655896e-01
2.655865e-01
2.655796e-01
2.655740e-01
2.655734e-01
2.655743e-01
2.655773e-01
2.655820e-01
2.655855e-01
2.655860e-01
2.655854e-01
2.655832e-01
2.655792e-01
2.655740e-01
2.655689e-01
2.655650e-01
2.655640e-01
2.655641e-01
2.655646e-01
2.655655e-01
2.655666e-01
2.655675e-01
2.655680e-01
2.655680e-01
2.655674e-01
2.655663e-01
2.655654e-01
2.655651e-01
2.655654e-01
2.655653e-01
2.655651e-01
2.655649e-01
2.655598e-01
2.655409e-01
2.654369e-01
2.649341e-01
2.624138e-01
2.495089e-01
1.984618e-01
1.378179e-01
1.252373e-01
1.250002e-01
1.250000e-01
1.250000e-01
1.250000e-01
1.250000e-01
1.250000e-01
1.250000e-01
1.250000e-01
1.250000e-01
1.250000e-01
1.250000e-01
1.250000e-01
1.250000e-01
1.250000e-01
1.250000e-01
1.250000e-01
1.250000e-01
1.250000e-01
1.250000e-01
1.250000e-01
1.250000e-01
1.250000e-01
1.250000e-01
1.250000e-01
1.250000e-01
1.250000e-01
1.250001e-01
1.250013e-01
1.250143e-01
1.251610e-01
1.267406e-01
1.405114e-01
1.959371e-01
2.495626e-01
2.621345e-01
2.650404e-01
2.654950e-01
2.655547e-01
2.655621e-01
2.655637e-01
2.655641e-01
2.655646e-01
2.655662e-01
2.655684e-01
2.655704e-01
2.655717e-01
2.655721e-01
2.655720e-01
2.655715e-01
2.655701e-01
2.655679e-01
2.655657e-01
2.655640e-01
2.655635e-01
2.655641e-01
2.655659e-01
2.655700e-01
2.655770e-01
2.655852e-01
2.655916e-01
2.655951e-01
2.655962e-01
2.655960e-01
2.655930e-01
2.655857e-01
2.655774e-01
2.655715e-01
2.655680e-01
2.655661e-01
2.655643e-01
2.655599e-01
2.655443e-01
2.655020e-01
2.654338e-01
2.653757e-01
2.653516e-01
2.653506e-01
2.654196e-01
2.658928e-01
2.676729e-01
2.723000e-01
2.815144e-01
2.962705e-01
3.159806e-01
3.386942e-01
3.612930e-01
3.810819e-01
3.967784e-01
4.080592e-01
4.154842e-01
4.200390e-01
4.226725e-01
4.241275e-01
4.249088e-01
4.253257e-01
4.255536e-01
4.256859e-01
4.257700e-01
4.258291e-01
4.258745e-01
4.259118e-01
4.259434e-01
4.259707e-01
4.259945e-01
4.260153e-01
4.260337e-01
4.260500e-01
4.260643e-01
4.260765e-01
4.260868e-01
4.260957e-01
4.261037e-01
4.261110e-01
4.261175e-01
4.261232e-01
4.261278e-01
4.261313e-01
4.261336e-01
4.261350e-01
4.261357e-01
4.261361e-01
4.261366e-01
4.261373e-01
4.261382e-01
4.261391e-01
4.261399e-01
4.261402e-01
4.261397e-01
4.261385e-01
4.261374e-01
4.261409e-01
4.261462e-01
4.261559e-01
4.261699e-01
4.261853e-01
4.261976e-01
4.262045e-01
4.262064e-01
4.262031e-01
4.261695e-01
4.260974e-01
4.260384e-01
4.260514e-01
