4.261618e-01
4.264568e-01
4.272681e-01
4.288025e-01
4.311556e-01
4.342425e-01
4.379064e-01
4.419837e-01
4.463455e-01
4.509038e-01
4.556029e-01
4.604085e-01
4.652995e-01
4.702620e-01
4.752879e-01
4.803721e-01
4.855136e-01
4.907096e-01
4.959584e-01
5.012587e-01
5.066112e-01
5.120155e-01
5.174699e-01
5.229739e-01
5.285270e-01
5.341291e-01
5.397803e-01
5.454806e-01
5.512298e-01
5.570277e-01
5.628753e-01
5.687692e-01
5.747131e-01
5.807063e-01
5.867492e-01
5.928419e-01
5.989844e-01
6.051769e-01
6.114195e-01
6.177123e-01
6.240555e-01
6.304491e-01
6.368942e-01
6.433901e-01
6.499368e-01
6.565345e-01
6.631836e-01
6.698831e-01
6.766333e-01
6.834350e-01
6.902879e-01
6.971923e-01
7.041481e-01
7.111553e-01
7.182140e-01
7.253241e-01
7.324854e-01
7.396979e-01
7.469614e-01
7.542756e-01
7.616404e-01
7.690553e-01
7.765198e-01
7.840348e-01
7.915976e-01
7.992087e-01
8.068670e-01
8.145714e-01
8.223209e-01
8.301139e-01
8.379489e-01
8.458239e-01
8.537364e-01
8.616838e-01
8.696626e-01
8.776686e-01
8.856970e-01
8.937415e-01
9.017946e-01
9.098469e-01
9.178879e-01
9.259015e-01
9.338690e-01
9.417659e-01
9.495598e-01
9.572080e-01
9.646537e-01
9.718230e-01
9.786188e-01
9.849109e-01
9.905167e-01
9.951436e-01
9.983171e-01
9.997205e-01
9.999865e-01
9.999999e-01
1.000000e+00
1.000000e+00
1.000000e+00
1.000000e+00
1.000000e+00
1.000000e+00
1.000000e+00
1.000000e+00
1.000000e+00
1.000000e+00
1.000000e+00
1.000000e+00
1.000000e+00
1.000000e+00
1.000000e+00
1.000000e+00
1.000000e+00
1.000000e+00
1.000000e+00
1.000000e+00
1.000000e+00
1.000000e+00
1.000000e+00
1.000000e+00
1.000000e+00
1.000000e+00
1.000000e+00
1.000000e+00
1.000000e+00
1.000000e+00
1.000000e+00
1.000000e+00
1.000000e+00
1.000000e+00
1.000000e+00
1.000000e+00
1.000000e+00
1.000000e+00
1.000000e+00
1.000000e+00
1.000000e+00
1.000000e+00
1.000000e+00
1.000000e+00
1.000000e+00
1.000000e+00
1.000000e+00
1.000000e+00
1.000000e+00
1.000000e+00
1.000000e+00
1.000000e+00
1.000000e+00
1.000000e+00
1.000000e+00
1.000000e+00
1.000000e+00
1.000000e+00
1.000000e+00
1.000000e+00
1.000000e+00
1.000000e+00
9.999999e-01
9.999995e-01
9.999972e-01
9.999855e-01
9.999283e-01
9.996768e-01
9.987670e-01
9.963198e-01
9.916511e-01
9.850236e-01
9.772517e-01
9.689818e-01
9.605438e-01
9.520678e-01
9.435907e-01
9.351281e-01
9.266904e-01
9.182843e-01
9.099143e-01
9.015862e-01
8.933016e-01
8.850625e-01
8.768709e-01
8.687282e-01
8.606357e-01
8.525942e-01
8.446046e-01
8.366675e-01
8.287832e-01
8.209521e-01
8.131745e-01
8.054506e-01
7.977805e-01
7.901643e-01
7.826022e-01
7.750933e-01
7.676395e-01
7.602395e-01
7.528932e-01
7.456006e-01
7.383616e-01
7.311761e-01
7.240439e-01
7.169648e-01
7.099388e-01
7.029656e-01
6.960451e-01
6.891772e-01
6.823615e-01
6.755980e-01
6.688866e-01
6.622261e-01
6.556168e-01
6.490590e-01
6.425524e-01
6.360968e-01
6.296924e-01
6.233393e-01
6.170369e-01
6.107848e-01
6.045829e-01
5.984311e-01
5.923291e-01
5.862769e-01
5.802744e-01
5.743215e-01
5.684180e-01
5.625642e-01
5.567567e-01
5.509988e-01
5.452896e-01
5.396293e-01
5.340184e-01
5.284566e-01
5.229443e-01
5.174818e-01
5.120694e-01
5.067083e-01
5.014002e-01
4.961462e-01
4.909461e-01
4.858018e-01
4.807159e-01
4.756918e-01
4.707327e-01
4.658437e-01
4.610343e-01
4.563192e-01
4.517190e-01
4.472649e-01
4.430043e-01
4.390084e-01
4.353782e-01
4.322418e-01
4.297328e-01
4.279398e-01
4.268510e-01
4.263209e-01
4.261413e-01
4.261083e-01
4.261337e-01
4.261781e-01
4.262103e-01
4.262228e-01
4.262233e-01
4.262194e-01
4.262134e-01
4.262095e-01
4.262073e-01
4.262090e-01
4.262137e-01
4.262201e-01
4.262261e-01
4.262310e-01
4.262348e-01
4.262378e-01
4.262404e-01
4.262428e-01
4.262450e-01
4.262471e-01
4.262491e-01
4.262509e-01
4.262524e-01
4.262534e-01
4.262539e-01
4.262540e-01
4.262535e-01
4.262527e-01
4.262514e-01
4.262500e-01
4.262483e-01
4.262464e-01
4.262442e-01
4.262415e-01
4.262383e-01
4.262347e-01
4.262306e-01
4.262261e-01
4.262213e-01
4.262161e-01
4.262106e-01
4.262046e-01
4.261979e-01
4.261905e-01
4.261822e-01
4.261728e-01
4.261623e-01
4.261504e-01
4.261369e-01
4.261213e-01
4.261029e-01
4.260808e-01
4.260534e-01
4.260174e-01
4.259660e-01
4.258855e-01
4.257496e-01
4.255092e-01
4.250751e-01
4.242928e-01
4.229080e-01
4.205281e-01
4.165904e-01
4.103626e-01
4.010099e-01
3.878050e-01
3.704590e-01
3.493997e-01
3.262358e-01
3.039029e-01
2.852845e-01
2.725937e-01
2.665185e-01
2.650023e-01
2.648952e-01
2.649090e-01
2.649750e-01
2.651126e-01
2.652971e-01
2.654640e-01
2.655602e-01
2.655840e-01
2.655847e-01
2.655836e-01
2.655809e-01
2.655785e-01
2.655783e-01
2.655789e-01
2.655808e-01
2.655836e-01
2.655853e-01
2.655853e-01
2.655847e-01
2.655827e-01
2.655793e-01
2.655747e-01
2.655703e-01
2.655674e-01
2.655666e-01
2.655667e-01
2.655670e-01
2.655679e-01
2.655691e-01
2.655703e-01
2.655714e-01
2.655720e-01
2.655723e-01
2.655724e-01
2.655722e-01
2.655718e-01
2.655713e-01
2.655709e-01
2.655707e-01
2.655705e-01
2.655701e-01
2.655697e-01
2.655691e-01
2.655684e-01
2.655675e-01
2.655656e-01
2.655652e-01
2.657708e-01
2.723082e-01
3.539882e-01
4.833480e-01
5.143018e-01
5.148974e-01
4.825334e-01
3.598208e-01
2.703076e-01
2.655308e-01
2.655509e-01
2.655666e-01
2.655678e-01
2.655683e-01
2.655690e-01
2.655700e-01
2.655712e-01
2.655727e-01
2.655741e-01
2.655752e-01
2.655757e-01
2.655758e-01
2.655756e-01
2.655754e-01
2.655751e-01
2.655748e-01
2.655743e-01
2.655736e-01
2.655724e-01
2.655709e-01
2.655697e-01
2.655690e-01
2.655688e-01
2.655688e-01
2.655702e-01
2.655747e-01
2.655813e-01
2.655875e-01
2.655920e-01
2.655943e-01
2.655949e-01
2.655947e-01
2.655914e-01
2.655847e-01
2.655784e-01
2.655736e-01
2.655697e-01
2.655653e-01
2.655572e-01
2.655383e-01
2.655024e-01
2.654590e-01
2.654290e-01
2.654192e-01
2.654214e-01
2.654880e-01
2.658773e-01
2.672525e-01
2.707663e-01
2.778520e-01
2.895956e-01
3.060309e-01
3.260982e-01
3.476877e-01
3.681520e-01
3.856868e-01
3.994682e-01
4.093907e-01
4.160211e-01
4.201874e-01
4.226710e-01
4.240911e-01
4.248804e-01
4.253139e-01
4.255546e-01
4.256938e-01
4.257801e-01
4.258389e-01
4.258828e-01
4.259181e-01
4.259479e-01
4.259735e-01
4.259960e-01
4.260157e-01
4.260333e-01
4.260491e-01
4.260635e-01
4.260768e-01
4.260888e-01
4.260998e-01
4.261098e-01
4.261190e-01
4.261274e-01
4.261353e-01
4.261425e-01
4.261493e-01
4.261556e-01
4.261612e-01
4.261660e-01
4.261700e-01
4.261733e-01
4.261759e-01
4.261783e-01
4.261805e-01
4.261823e-01
4.261837e-01
4.261843e-01
4.261842e-01
4.261834e-01
4.261820e-01
4.261802e-01
4.261784e-01
4.261768e-01
4.261755e-01
4.261744e-01
4.261735e-01
4.261724e-01
4.261709e-01
4.261689e-01
4.261672e-01
4.261664e-01
4.261692e-01
4.261737e-01
4.261825e-01
4.261955e-01
4.262094e-01
4.262190e-01
4.262220e-01
4.262211e-01
4.262033e-01
4.261613e-01
4.261159e-01
4.260998e-01
