4.261769e-01
4.266522e-01
4.277746e-01
4.297938e-01
4.327075e-01
4.363816e-01
4.406180e-01
4.452434e-01
4.501328e-01
4.552062e-01
4.604147e-01
4.657288e-01
4.711292e-01
4.766049e-01
4.821516e-01
4.877655e-01
4.934438e-01
4.991847e-01
5.049880e-01
5.108528e-01
5.167784e-01
5.227626e-01
5.288053e-01
5.349065e-01
5.410657e-01
5.472830e-01
5.535589e-01
5.598924e-01
5.662825e-01
5.727302e-01
5.792365e-01
5.858014e-01
5.924252e-01
5.991080e-01
6.058500e-01
6.126510e-01
6.195113e-01
6.264314e-01
6.334112e-01
6.404517e-01
6.475520e-01
6.547124e-01
6.619330e-01
6.692137e-01
6.765536e-01
6.839541e-01
6.914150e-01
6.989363e-01
7.065181e-01
7.141603e-01
7.218628e-01
7.296255e-01
7.374483e-01
7.453308e-01
7.532728e-01
7.612738e-01
7.693334e-01
7.774509e-01
7.856269e-01
7.938582e-01
8.021453e-01
8.104865e-01
8.188802e-01
8.273247e-01
8.358179e-01
8.443571e-01
8.529392e-01
8.615605e-01
8.702162e-01
8.789009e-01
8.876076e-01
8.963276e-01
9.050501e-01
9.137623e-01
9.224471e-01
9.310814e-01
9.396366e-01
9.480741e-01
9.563425e-01
9.643727e-01
9.720747e-01
9.793285e-01
9.859705e-01
9.917587e-01
9.962858e-01
9.989945e-01
9.998921e-01
9.999973e-01
1.000000e+00
1.000000e+00
1.000000e+00
1.000000e+00
1.000000e+00
1.000000e+00
1.000000e+00
1.000000e+00
1.000000e+00
1.000000e+00
1.000000e+00
1.000000e+00
1.000000e+00
1.000000e+00
1.000000e+00
1.000000e+00
1.000000e+00
1.000000e+00
1.000000e+00
1.000000e+00
1.000000e+00
1.000000e+00
1.000000e+00
1.000000e+00
1.000000e+00
1.000000e+00
1.000000e+00
1.000000e+00
1.000000e+00
1.000000e+00
1.000000e+00
1.000000e+00
1.000000e+00
1.000000e+00
1.000000e+00
1.000000e+00
1.000000e+00
1.000000e+00
1.000000e+00
1.000000e+00
1.000000e+00
1.000000e+00
1.000000e+00
1.000000e+00
1.000000e+00
1.000000e+00
1.000000e+00
1.000000e+00
1.000000e+00
1.000000e+00
1.000000e+00
1.000000e+00
1.000000e+00
1.000000e+00
1.000000e+00
1.000000e+00
1.000000e+00
1.000000e+00
1.000000e+00
1.000000e+00
1.000000e+00
1.000000e+00
1.000000e+00
1.000000e+00
1.000000e+00
1.000000e+00
1.000000e+00
1.000000e+00
1.000000e+00
1.000000e+00
1.000000e+00
1.000000e+00
1.000000e+00
1.000000e+00
1.000000e+00
1.000000e+00
1.000000e+00
9.999999e-01
9.999996e-01
9.999981e-01
9.999902e-01
9.999504e-01
9.997685e-01
9.990641e-01
9.969848e-01
9.926198e-01
9.859551e-01
9.778023e-01
9.689517e-01
9.598453e-01
9.506717e-01
9.414896e-01
9.323212e-01
9.231804e-01
9.140761e-01
9.050152e-01
8.960033e-01
8.870428e-01
8.781362e-01
8.692858e-01
8.604935e-01
8.517605e-01
8.430880e-01
8.344768e-01
8.259274e-01
8.174404e-01
8.090162e-01
8.006549e-01
7.923567e-01
7.841222e-01
7.759500e-01
7.678424e-01
7.597982e-01
7.518172e-01
7.438993e-01
7.360445e-01
7.282525e-01
7.205233e-01
7.128565e-01
7.052522e-01
6.977100e-01
6.902297e-01
6.828112e-01
6.754542e-01
6.681587e-01
6.609227e-01
6.537478e-01
6.466333e-01
6.395793e-01
6.325854e-01
6.256525e-01
6.187794e-01
6.119661e-01
6.052122e-01
5.985174e-01
5.918816e-01
5.853047e-01
5.787866e-01
5.723272e-01
5.659264e-01
5.595829e-01
5.532960e-01
5.470668e-01
5.408962e-01
5.347838e-01
5.287298e-01
5.227348e-01
5.167989e-01
5.109228e-01
5.051089e-01
4.993583e-01
4.936727e-01
4.880531e-01
4.825023e-01
4.770241e-01
4.716246e-01
4.663083e-01
4.610882e-01
4.559842e-01
4.510242e-01
4.462516e-01
4.417327e-01
4.375667e-01
4.338888e-01
4.308561e-01
4.286006e-01
4.271602e-01
4.264177e-01
4.261440e-01
4.260859e-01
4.261068e-01
4.261576e-01
4.262008e-01
4.262195e-01
4.262209e-01
4.262173e-01
4.262102e-01
4.262044e-01
4.262018e-01
4.262011e-01
4.262052e-01
4.262115e-01
4.262175e-01
4.262223e-01
4.262259e-01
4.262287e-01
4.262310e-01
4.262330e-01
4.262349e-01
4.262367e-01
4.262384e-01
4.262398e-01
4.262408e-01
4.262414e-01
4.262413e-01
4.262406e-01
4.262394e-01
4.262377e-01
4.262356e-01
4.262332e-01
4.262304e-01
4.262273e-01
4.262236e-01
4.262193e-01
4.262142e-01
4.262085e-01
4.262020e-01
4.261947e-01
4.261865e-01
4.261774e-01
4.261672e-01
4.261559e-01
4.261430e-01
4.261281e-01
4.261106e-01
4.260898e-01
4.260647e-01
4.260331e-01
4.259908e-01
4.259285e-01
4.258278e-01
4.256529e-01
4.253361e-01
4.247550e-01
4.236987e-01
4.218242e-01
4.186140e-01
4.133526e-01
4.051623e-01
3.931595e-01
3.768058e-01
3.562439e-01
3.327473e-01
3.091991e-01
2.888887e-01
2.744442e-01
2.670638e-01
2.650099e-01
2.648298e-01
2.648422e-01
2.649113e-01
2.650627e-01
2.652700e-01
2.654574e-01
2.655615e-01
2.655866e-01
2.655874e-01
2.655858e-01
2.655816e-01
2.655777e-01
2.655767e-01
2.655771e-01
2.655789e-01
2.655821e-01
2.655845e-01
2.655849e-01
2.655844e-01
2.655829e-01
2.655798e-01
2.655754e-01
2.655711e-01
2.655680e-01
2.655666e-01
2.655662e-01
2.655662e-01
2.655664e-01
2.655670e-01
2.655677e-01
2.655686e-01
2.655694e-01
2.655701e-01
2.655707e-01
2.655710e-01
2.655711e-01
2.655710e-01
2.655706e-01
2.655698e-01
2.655685e-01
2.655668e-01
2.655653e-01
2.655636e-01
2.655631e-01
2.655596e-01
2.655557e-01
2.655231e-01
2.653782e-01
2.646409e-01
2.609577e-01
2.420765e-01
1.812705e-01
1.313835e-01
1.250617e-01
1.250000e-01
1.250000e-01
1.250000e-01
1.250000e-01
1.250001e-01
1.250007e-01
1.250081e-01
1.250913e-01
1.260021e-01
1.346270e-01
1.792465e-01
2.417709e-01
2.606205e-01
2.647277e-01
2.654520e-01
2.655470e-01
2.655594e-01
2.655619e-01
2.655636e-01
2.655657e-01
2.655678e-01
2.655697e-01
2.655712e-01
2.655719e-01
2.655720e-01
2.655719e-01
2.655719e-01
2.655721e-01
2.655726e-01
2.655734e-01
2.655740e-01
2.655741e-01
2.655735e-01
2.655721e-01
2.655700e-01
2.655680e-01
2.655666e-01
2.655661e-01
2.655663e-01
2.655687e-01
2.655752e-01
2.655833e-01
2.655903e-01
2.655947e-01
2.655963e-01
2.655965e-01
2.655949e-01
2.655890e-01
2.655811e-01
2.655747e-01
2.655704e-01
2.655676e-01
2.655649e-01
2.655590e-01
2.655413e-01
2.655015e-01
2.654470e-01
2.654051e-01
2.653896e-01
2.653904e-01
2.654582e-01
2.658912e-01
2.674575e-01
2.714855e-01
2.795637e-01
2.927307e-01
3.107483e-01
3.321617e-01
3.543651e-01
3.746093e-01
3.913340e-01
4.039374e-01
4.126244e-01
4.181956e-01
4.215580e-01
4.234885e-01
4.245572e-01
4.251371e-01
4.254525e-01
4.256297e-01
4.257359e-01
4.258057e-01
4.258563e-01
4.258963e-01
4.259297e-01
4.259585e-01
4.259837e-01
4.260058e-01
4.260252e-01
4.260424e-01
4.260577e-01
4.260716e-01
4.260842e-01
4.260956e-01
4.261060e-01
4.261155e-01
4.261239e-01
4.261312e-01
4.261373e-01
4.261425e-01
4.261470e-01
4.261510e-01
4.261547e-01
4.261579e-01
4.261603e-01
4.261620e-01
4.261629e-01
4.261630e-01
4.261624e-01
4.261614e-01
4.261603e-01
4.261595e-01
4.261591e-01
4.261588e-01
4.261587e-01
4.261583e-01
4.261573e-01
4.261554e-01
4.261539e-01
4.261548e-01
4.261585e-01
4.261656e-01
4.261771e-01
4.261916e-01
4.262051e-01
4.262135e-01
4.262153e-01
4.262132e-01
4.261877e-01
4.261313e-01
4.260838e-01
4.260781e-01
