4.261851e-01
4.266965e-01
4.278936e-01
4.300145e-01
4.330450e-01
4.368394e-01
4.411924e-01
4.459298e-01
4.509275e-01
4.561069e-01
4.614208e-01
4.668409e-01
4.723481e-01
4.779304e-01
4.835869e-01
4.893121e-01
4.951035e-01
5.009590e-01
5.068792e-01
5.128634e-01
5.189091e-01
5.250158e-01
5.311827e-01
5.374100e-01
5.436975e-01
5.500451e-01
5.564523e-01
5.629205e-01
5.694453e-01
5.760314e-01
5.826779e-01
5.893852e-01
5.961533e-01
6.029825e-01
6.098727e-01
6.168244e-01
6.238374e-01
6.309119e-01
6.380493e-01
6.452486e-01
6.525098e-01
6.598327e-01
6.672191e-01
6.746654e-01
6.821746e-01
6.897460e-01
6.973799e-01
7.050761e-01
7.128348e-01
7.206557e-01
7.285387e-01
7.364838e-01
7.444905e-01
7.525585e-01
7.606875e-01
7.688769e-01
7.771259e-01
7.854354e-01
7.938018e-01
8.022256e-01
8.107049e-01
8.192384e-01
8.278238e-01
8.364591e-01
8.451413e-01
8.538671e-01
8.626323e-01
8.714320e-01
8.802601e-01
8.891089e-01
8.979688e-01
9.068280e-01
9.156728e-01
9.244829e-01
9.332335e-01
9.418920e-01
9.504147e-01
9.587430e-01
9.667989e-01
9.744800e-01
9.816491e-01
9.881146e-01
9.935769e-01
9.975335e-01
9.995062e-01
9.999680e-01
9.999996e-01
1.000000e+00
1.000000e+00
1.000000e+00
1.000000e+00
1.000000e+00
1.000000e+00
1.000000e+00
1.000000e+00
1.000000e+00
1.000000e+00
1.000000e+00
1.000000e+00
1.000000e+00
1.000000e+00
1.000000e+00
1.000000e+00
1.000000e+00
1.000000e+00
1.000000e+00
1.000000e+00
1.000000e+00
1.000000e+00
1.000000e+00
1.000000e+00
1.000000e+00
1.000000e+00
1.000000e+00
1.000000e+00
1.000000e+00
1.000000e+00
1.000000e+00
1.000000e+00
1.000000e+00
1.000000e+00
1.000000e+00
1.000000e+00
1.000000e+00
1.000000e+00
1.000000e+00
1.000000e+00
1.000000e+00
1.000000e+00
1.000000e+00
1.000000e+00
1.000000e+00
1.000000e+00
1.000000e+00
1.000000e+00
1.000000e+00
1.000000e+00
1.000000e+00
1.000000e+00
1.000000e+00
1.000000e+00
1.000000e+00
1.000000e+00
1.000000e+00
1.000000e+00
1.000000e+00
1.000000e+00
1.000000e+00
1.000000e+00
1.000000e+00
1.000000e+00
1.000000e+00
1.000000e+00
1.000000e+00
1.000000e+00
1.000000e+00
1.000000e+00
1.000000e+00
1.000000e+00
1.000000e+00
1.000000e+00
1.000000e+00
1.000000e+00
1.000000e+00
1.000000e+00
1.000000e+00
1.000000e+00
9.999998e-01
9.999990e-01
9.999945e-01
9.999720e-01
9.998647e-01
9.994171e-01
9.979408e-01
9.944199e-01
9.884327e-01
9.805939e-01
9.717919e-01
9.626036e-01
9.532983e-01
9.439706e-01
9.346502e-01
9.253541e-01
9.160932e-01
9.068747e-01
8.977059e-01
8.885891e-01
8.795273e-01
8.705230e-01
8.615782e-01
8.526944e-01
8.438728e-01
8.351142e-01
8.264194e-01
8.177889e-01
8.092230e-01
8.007222e-01
7.922865e-01
7.839164e-01
7.756106e-01
7.673716e-01
7.591981e-01
7.510897e-01
7.430465e-01
7.350683e-01
7.271551e-01
7.193066e-01
7.115227e-01
7.038031e-01
6.961478e-01
6.885563e-01
6.810286e-01
6.735643e-01
6.661636e-01
6.588236e-01
6.515476e-01
6.443337e-01
6.371821e-01
6.300928e-01
6.230664e-01
6.161019e-01
6.091987e-01
6.023569e-01
5.955762e-01
5.888564e-01
5.821975e-01
5.755992e-01
5.690615e-01
5.625847e-01
5.561647e-01
5.498054e-01
5.435060e-01
5.372666e-01
5.310879e-01
5.249699e-01
5.189129e-01
5.129177e-01
5.069854e-01
5.011189e-01
4.953196e-01
4.895876e-01
4.839261e-01
4.783389e-01
4.728330e-01
4.674103e-01
4.620851e-01
4.568769e-01
4.518125e-01
4.469341e-01
4.423076e-01
4.380319e-01
4.342430e-01
4.311020e-01
4.287488e-01
4.272322e-01
4.264408e-01
4.261452e-01
4.260817e-01
4.261012e-01
4.261533e-01
4.261984e-01
4.262182e-01
4.262202e-01
4.262171e-01
4.262099e-01
4.262036e-01
4.262006e-01
4.261993e-01
4.262034e-01
4.262097e-01
4.262157e-01
4.262205e-01
4.262240e-01
4.262266e-01
4.262289e-01
4.262309e-01
4.262329e-01
4.262346e-01
4.262360e-01
4.262372e-01
4.262381e-01
4.262384e-01
4.262383e-01
4.262376e-01
4.262363e-01
4.262344e-01
4.262320e-01
4.262292e-01
4.262261e-01
4.262225e-01
4.262185e-01
4.262138e-01
4.262083e-01
4.262019e-01
4.261947e-01
4.261864e-01
4.261772e-01
4.261669e-01
4.261554e-01
4.261424e-01
4.261273e-01
4.261097e-01
4.260887e-01
4.260633e-01
4.260314e-01
4.259886e-01
4.259258e-01
4.258242e-01
4.256473e-01
4.253258e-01
4.247344e-01
4.236565e-01
4.217398e-01
4.184517e-01
4.130574e-01
4.046592e-01
3.923654e-01
3.756569e-01
3.547308e-01
3.309799e-01
3.074324e-01
2.873985e-01
2.734800e-01
2.666809e-01
2.649429e-01
2.648161e-01
2.648330e-01
2.649128e-01
2.650773e-01
2.652916e-01
2.654751e-01
2.655693e-01
2.655879e-01
2.655880e-01
2.655857e-01
2.655807e-01
2.655766e-01
2.655757e-01
2.655763e-01
2.655787e-01
2.655822e-01
2.655848e-01
2.655852e-01
2.655848e-01
2.655831e-01
2.655797e-01
2.655751e-01
2.655705e-01
2.655674e-01
2.655660e-01
2.655655e-01
2.655653e-01
2.655657e-01
2.655665e-01
2.655677e-01
2.655688e-01
2.655697e-01
2.655704e-01
2.655708e-01
2.655710e-01
2.655708e-01
2.655703e-01
2.655695e-01
2.655682e-01
2.655665e-01
2.655652e-01
2.655637e-01
2.655636e-01
2.655603e-01
2.655558e-01
2.655224e-01
2.653732e-01
2.646136e-01
2.608180e-01
2.413795e-01
1.799349e-01
1.310084e-01
1.250551e-01
1.250000e-01
1.250000e-01
1.250000e-01
1.250000e-01
1.250000e-01
1.250000e-01
1.250000e-01
1.250000e-01
1.250001e-01
1.250007e-01
1.250077e-01
1.250873e-01
1.259594e-01
1.342621e-01
1.779889e-01
2.410271e-01
2.604827e-01
2.646970e-01
2.654475e-01
2.655465e-01
2.655589e-01
2.655611e-01
2.655627e-01
2.655655e-01
2.655685e-01
2.655705e-01
2.655715e-01
2.655718e-01
2.655720e-01
2.655721e-01
2.655722e-01
2.655721e-01
2.655721e-01
2.655725e-01
2.655729e-01
2.655728e-01
2.655720e-01
2.655703e-01
2.655684e-01
2.655670e-01
2.655664e-01
2.655663e-01
2.655680e-01
2.655740e-01
2.655818e-01
2.655891e-01
2.655941e-01
2.655965e-01
2.655970e-01
2.655960e-01
2.655903e-01
2.655818e-01
2.655747e-01
2.655700e-01
2.655671e-01
2.655647e-01
2.655600e-01
2.655452e-01
2.655079e-01
2.654518e-01
2.654044e-01
2.653842e-01
2.653829e-01
2.654327e-01
2.657949e-01
2.671912e-01
2.709197e-01
2.786015e-01
2.913951e-01
3.091724e-01
3.305439e-01
3.529294e-01
3.734800e-01
3.905287e-01
4.034200e-01
4.123207e-01
4.180300e-01
4.214730e-01
4.234464e-01
4.245362e-01
4.251259e-01
4.254458e-01
4.256250e-01
4.257323e-01
4.258028e-01
4.258540e-01
4.258945e-01
4.259285e-01
4.259577e-01
4.259831e-01
4.260052e-01
4.260246e-01
4.260419e-01
4.260574e-01
4.260713e-01
4.260839e-01
4.260953e-01
4.261057e-01
4.261149e-01
4.261228e-01
4.261295e-01
4.261352e-01
4.261402e-01
4.261447e-01
4.261488e-01
4.261524e-01
4.261552e-01
4.261571e-01
4.261581e-01
4.261583e-01
4.261579e-01
4.261572e-01
4.261565e-01
4.261560e-01
4.261557e-01
4.261555e-01
4.261554e-01
4.261551e-01
4.261542e-01
4.261526e-01
4.261512e-01
4.261527e-01
4.261564e-01
4.261638e-01
4.261757e-01
4.261905e-01
4.262038e-01
4.262121e-01
4.262141e-01
4.262120e-01
4.261850e-01
4.261246e-01
4.260744e-01
4.260748e-01
