4.261607e-01
4.264480e-01
4.272419e-01
4.287499e-01
4.310713e-01
4.341240e-01
4.377547e-01
4.418000e-01
4.461313e-01
4.506601e-01
4.553301e-01
4.601066e-01
4.649685e-01
4.699018e-01
4.748986e-01
4.799526e-01
4.850639e-01
4.902291e-01
4.954466e-01
5.007153e-01
5.060356e-01
5.114069e-01
5.168284e-01
5.222987e-01
5.278178e-01
5.333854e-01
5.390015e-01
5.446662e-01
5.503793e-01
5.561408e-01
5.619514e-01
5.678080e-01
5.737138e-01
5.796684e-01
5.856722e-01
5.917252e-01
5.978276e-01
6.039794e-01
6.101808e-01
6.164320e-01
6.227328e-01
6.290838e-01
6.354853e-01
6.419374e-01
6.484398e-01
6.549927e-01
6.615960e-01
6.682503e-01
6.749539e-01
6.817086e-01
6.885141e-01
6.953706e-01
7.022779e-01
7.092362e-01
7.162454e-01
7.233056e-01
7.304165e-01
7.375782e-01
7.447905e-01
7.520531e-01
7.593658e-01
7.667283e-01
7.741402e-01
7.816018e-01
7.891117e-01
7.966693e-01
8.042740e-01
8.119249e-01
8.196208e-01
8.273604e-01
8.351423e-01
8.429645e-01
8.508250e-01
8.587212e-01
8.666498e-01
8.746073e-01
8.825890e-01
8.905894e-01
8.986016e-01
9.066171e-01
9.146261e-01
9.226153e-01
9.305673e-01
9.384606e-01
9.462668e-01
9.539486e-01
9.614563e-01
9.687248e-01
9.756692e-01
9.821766e-01
9.880936e-01
9.931912e-01
9.970812e-01
9.992807e-01
9.999341e-01
9.999987e-01
1.000000e+00
1.000000e+00
1.000000e+00
1.000000e+00
1.000000e+00
1.000000e+00
1.000000e+00
1.000000e+00
1.000000e+00
1.000000e+00
1.000000e+00
1.000000e+00
1.000000e+00
1.000000e+00
1.000000e+00
1.000000e+00
1.000000e+00
1.000000e+00
1.000000e+00
1.000000e+00
1.000000e+00
1.000000e+00
1.000000e+00
1.000000e+00
1.000000e+00
1.000000e+00
1.000000e+00
1.000000e+00
1.000000e+00
1.000000e+00
1.000000e+00
1.000000e+00
1.000000e+00
1.000000e+00
1.000000e+00
1.000000e+00
1.000000e+00
1.000000e+00
1.000000e+00
1.000000e+00
1.000000e+00
1.000000e+00
1.000000e+00
1.000000e+00
1.000000e+00
1.000000e+00
1.000000e+00
1.000000e+00
1.000000e+00
1.000000e+00
1.000000e+00
1.000000e+00
1.000000e+00
1.000000e+00
1.000000e+00
1.000000e+00
1.000000e+00
1.000000e+00
1.000000e+00
1.000000e+00
1.000000e+00
1.000000e+00
9.999998e-01
9.999989e-01
9.999941e-01
9.999699e-01
9.998563e-01
9.993930e-01
9.979124e-01
9.945054e-01
9.888855e-01
9.816704e-01
9.736508e-01
9.653180e-01
9.568947e-01
9.484560e-01
9.400242e-01
9.316120e-01
9.232275e-01
9.148767e-01
9.065640e-01
8.982938e-01
8.900675e-01
8.818872e-01
8.737545e-01
8.656708e-01
8.576372e-01
8.496546e-01
8.417235e-01
8.338446e-01
8.260182e-01
8.182446e-01
8.105240e-01
8.028567e-01
7.952427e-01
7.876822e-01
7.801749e-01
7.727210e-01
7.653212e-01
7.579747e-01
7.506814e-01
7.434412e-01
7.362541e-01
7.291198e-01
7.220383e-01
7.150094e-01
7.080330e-01
7.011089e-01
6.942369e-01
6.874169e-01
6.806486e-01
6.739319e-01
6.672668e-01
6.606514e-01
6.540876e-01
6.475744e-01
6.411118e-01
6.346997e-01
6.283385e-01
6.220278e-01
6.157674e-01
6.095566e-01
6.033955e-01
5.972840e-01
5.912218e-01
5.852089e-01
5.792451e-01
5.733304e-01
5.674646e-01
5.616477e-01
5.558770e-01
5.501550e-01
5.444815e-01
5.388565e-01
5.332802e-01
5.277527e-01
5.222742e-01
5.168449e-01
5.114653e-01
5.061367e-01
5.008607e-01
4.956381e-01
4.904691e-01
4.853554e-01
4.802996e-01
4.753054e-01
4.703753e-01
4.655154e-01
4.607350e-01
4.560488e-01
4.514773e-01
4.470521e-01
4.428210e-01
4.388555e-01
4.352563e-01
4.321511e-01
4.296720e-01
4.279048e-01
4.268350e-01
4.263164e-01
4.261415e-01
4.261095e-01
4.261351e-01
4.261792e-01
4.262108e-01
4.262231e-01
4.262234e-01
4.262195e-01
4.262135e-01
4.262097e-01
4.262076e-01
4.262095e-01
4.262143e-01
4.262206e-01
4.262265e-01
4.262314e-01
4.262352e-01
4.262383e-01
4.262409e-01
4.262433e-01
4.262456e-01
4.262477e-01
4.262498e-01
4.262515e-01
4.262530e-01
4.262540e-01
4.262546e-01
4.262546e-01
4.262542e-01
4.262534e-01
4.262523e-01
4.262509e-01
4.262493e-01
4.262474e-01
4.262452e-01
4.262426e-01
4.262395e-01
4.262359e-01
4.262319e-01
4.262276e-01
4.262229e-01
4.262178e-01
4.262125e-01
4.262067e-01
4.262003e-01
4.261931e-01
4.261851e-01
4.261761e-01
4.261660e-01
4.261547e-01
4.261419e-01
4.261271e-01
4.261097e-01
4.260891e-01
4.260639e-01
4.260314e-01
4.259864e-01
4.259179e-01
4.258049e-01
4.256077e-01
4.252534e-01
4.246137e-01
4.234737e-01
4.214942e-01
4.181761e-01
4.128457e-01
4.046940e-01
3.929234e-01
3.770627e-01
3.572448e-01
3.345870e-01
3.116351e-01
2.914205e-01
2.764179e-01
2.680383e-01
2.652534e-01
2.649026e-01
2.649038e-01
2.649458e-01
2.650563e-01
2.652283e-01
2.654083e-01
2.655341e-01
2.655805e-01
2.655848e-01
2.655842e-01
2.655821e-01
2.655792e-01
2.655783e-01
2.655786e-01
2.655800e-01
2.655825e-01
2.655848e-01
2.655853e-01
2.655850e-01
2.655836e-01
2.655808e-01
2.655765e-01
2.655719e-01
2.655683e-01
2.655668e-01
2.655666e-01
2.655668e-01
2.655674e-01
2.655685e-01
2.655698e-01
2.655710e-01
2.655719e-01
2.655724e-01
2.655725e-01
2.655725e-01
2.655722e-01
2.655717e-01
2.655712e-01
2.655708e-01
2.655706e-01
2.655702e-01
2.655699e-01
2.655694e-01
2.655687e-01
2.655679e-01
2.655667e-01
2.655865e-01
2.664333e-01
2.872239e-01
4.166887e-01
4.998666e-01
5.140334e-01
5.142390e-01
4.987267e-01
4.215738e-01
2.874694e-01
2.656825e-01
2.655510e-01
2.655643e-01
2.655679e-01
2.655686e-01
2.655695e-01
2.655707e-01
2.655722e-01
2.655737e-01
2.655748e-01
2.655755e-01
2.655758e-01
2.655758e-01
2.655755e-01
2.655752e-01
2.655749e-01
2.655747e-01
2.655743e-01
2.655735e-01
2.655721e-01
2.655706e-01
2.655695e-01
2.655689e-01
2.655688e-01
2.655689e-01
2.655714e-01
2.655770e-01
2.655837e-01
2.655894e-01
2.655931e-01
2.655947e-01
2.655950e-01
2.655940e-01
2.655891e-01
2.655823e-01
2.655766e-01
2.655722e-01
2.655683e-01
2.655631e-01
2.655518e-01
2.655267e-01
2.654862e-01
2.654463e-01
2.654247e-01
2.654201e-01
2.654328e-01
2.655723e-01
2.662221e-01
2.682233e-01
2.728699e-01
2.815527e-01
2.950250e-01
3.129065e-01
3.337759e-01
3.552067e-01
3.747419e-01
3.909820e-01
4.033613e-01
4.120321e-01
4.177020e-01
4.211995e-01
4.232539e-01
4.244163e-01
4.250590e-01
4.254126e-01
4.256110e-01
4.257282e-01
4.258031e-01
4.258557e-01
4.258961e-01
4.259292e-01
4.259574e-01
4.259818e-01
4.260032e-01
4.260221e-01
4.260390e-01
4.260542e-01
4.260681e-01
4.260809e-01
4.260926e-01
4.261032e-01
4.261129e-01
4.261219e-01
4.261301e-01
4.261377e-01
4.261448e-01
4.261515e-01
4.261576e-01
4.261631e-01
4.261678e-01
4.261717e-01
4.261748e-01
4.261775e-01
4.261798e-01
4.261819e-01
4.261836e-01
4.261849e-01
4.261855e-01
4.261853e-01
4.261845e-01
4.261831e-01
4.261813e-01
4.261795e-01
4.261778e-01
4.261764e-01
4.261752e-01
4.261742e-01
4.261731e-01
4.261717e-01
4.261698e-01
4.261680e-01
4.261670e-01
4.261696e-01
4.261741e-01
4.261829e-01
4.261958e-01
4.262096e-01
4.262193e-01
4.262223e-01
4.262214e-01
4.262044e-01
4.261631e-01
4.261177e-01
4.261011e-01
