4.261896e-01
4.267302e-01
4.279764e-01
4.301689e-01
4.332793e-01
4.371557e-01
4.415881e-01
4.464021e-01
4.514739e-01
4.567261e-01
4.621122e-01
4.676046e-01
4.731854e-01
4.788413e-01
4.845732e-01
4.903747e-01
4.962441e-01
5.021788e-01
5.081794e-01
5.142457e-01
5.203742e-01
5.265651e-01
5.328177e-01
5.391319e-01
5.455077e-01
5.519454e-01
5.584434e-01
5.650032e-01
5.716220e-01
5.783033e-01
5.850465e-01
5.918519e-01
5.987197e-01
6.056500e-01
6.126427e-01
6.196979e-01
6.268165e-01
6.339982e-01
6.412438e-01
6.485526e-01
6.559248e-01
6.633612e-01
6.708599e-01
6.784219e-01
6.860476e-01
6.937371e-01
7.014904e-01
7.093074e-01
7.171881e-01
7.251323e-01
7.331399e-01
7.412106e-01
7.493442e-01
7.575401e-01
7.657978e-01
7.741167e-01
7.824973e-01
7.909368e-01
7.994350e-01
8.079904e-01
8.166014e-01
8.252660e-01
8.339821e-01
8.427468e-01
8.515567e-01
8.604079e-01
8.692953e-01
8.782129e-01
8.871532e-01
8.961066e-01
9.050616e-01
9.140040e-01
9.229148e-01
9.317687e-01
9.405338e-01
9.491669e-01
9.576102e-01
9.657863e-01
9.735936e-01
9.808964e-01
9.875055e-01
9.931283e-01
9.972710e-01
9.994184e-01
9.999582e-01
9.999994e-01
1.000000e+00
1.000000e+00
1.000000e+00
1.000000e+00
1.000000e+00
1.000000e+00
1.000000e+00
1.000000e+00
1.000000e+00
1.000000e+00
1.000000e+00
1.000000e+00
1.000000e+00
1.000000e+00
1.000000e+00
1.000000e+00
1.000000e+00
1.000000e+00
1.000000e+00
1.000000e+00
1.000000e+00
1.000000e+00
1.000000e+00
1.000000e+00
1.000000e+00
1.000000e+00
1.000000e+00
1.000000e+00
1.000000e+00
1.000000e+00
1.000000e+00
1.000000e+00
1.000000e+00
1.000000e+00
1.000000e+00
1.000000e+00
1.000000e+00
1.000000e+00
1.000000e+00
1.000000e+00
1.000000e+00
1.000000e+00
1.000000e+00
1.000000e+00
1.000000e+00
1.000000e+00
1.000000e+00
1.000000e+00
1.000000e+00
1.000000e+00
1.000000e+00
1.000000e+00
1.000000e+00
1.000000e+00
1.000000e+00
1.000000e+00
1.000000e+00
1.000000e+00
1.000000e+00
1.000000e+00
1.000000e+00
1.000000e+00
1.000000e+00
1.000000e+00
1.000000e+00
1.000000e+00
1.000000e+00
1.000000e+00
1.000000e+00
1.000000e+00
1.000000e+00
1.000000e+00
1.000000e+00
1.000000e+00
1.000000e+00
1.000000e+00
1.000000e+00
1.000000e+00
1.000000e+00
1.000000e+00
1.000000e+00
1.000000e+00
9.999998e-01
9.999988e-01
9.999936e-01
9.999674e-01
9.998433e-01
9.993345e-01
9.976986e-01
9.939168e-01
9.876609e-01
9.796172e-01
9.706681e-01
9.613634e-01
9.519544e-01
9.425268e-01
9.331088e-01
9.237170e-01
9.143622e-01
9.050518e-01
8.957926e-01
8.865870e-01
8.774380e-01
8.683481e-01
8.593193e-01
8.503530e-01
8.414505e-01
8.326125e-01
8.238397e-01
8.151328e-01
8.064920e-01
7.979176e-01
7.894099e-01
7.809690e-01
7.725944e-01
7.642876e-01
7.560477e-01
7.478743e-01
7.397675e-01
7.317271e-01
7.237530e-01
7.158450e-01
7.080029e-01
7.002264e-01
6.925155e-01
6.848698e-01
6.772891e-01
6.697733e-01
6.623213e-01
6.549326e-01
6.476084e-01
6.403480e-01
6.331511e-01
6.260186e-01
6.189493e-01
6.119433e-01
6.050001e-01
5.981193e-01
5.913009e-01
5.845448e-01
5.778508e-01
5.712188e-01
5.646490e-01
5.581384e-01
5.516893e-01
5.453007e-01
5.389741e-01
5.327093e-01
5.265065e-01
5.203662e-01
5.142889e-01
5.082754e-01
5.023292e-01
4.964512e-01
4.906419e-01
4.849044e-01
4.792425e-01
4.736630e-01
4.681671e-01
4.627703e-01
4.574904e-01
4.523542e-01
4.474034e-01
4.427034e-01
4.383529e-01
4.344883e-01
4.312730e-01
4.288525e-01
4.272828e-01
4.264569e-01
4.261467e-01
4.260790e-01
4.260974e-01
4.261502e-01
4.261966e-01
4.262175e-01
4.262199e-01
4.262169e-01
4.262096e-01
4.262029e-01
4.261997e-01
4.261982e-01
4.262023e-01
4.262084e-01
4.262143e-01
4.262190e-01
4.262225e-01
4.262253e-01
4.262276e-01
4.262297e-01
4.262314e-01
4.262329e-01
4.262342e-01
4.262353e-01
4.262361e-01
4.262365e-01
4.262364e-01
4.262355e-01
4.262340e-01
4.262319e-01
4.262293e-01
4.262263e-01
4.262229e-01
4.262192e-01
4.262149e-01
4.262099e-01
4.262039e-01
4.261970e-01
4.261891e-01
4.261802e-01
4.261702e-01
4.261591e-01
4.261465e-01
4.261321e-01
4.261153e-01
4.260954e-01
4.260714e-01
4.260419e-01
4.260032e-01
4.259483e-01
4.258620e-01
4.257148e-01
4.254498e-01
4.249618e-01
4.240661e-01
4.224553e-01
4.196523e-01
4.149769e-01
4.075615e-01
3.964711e-01
3.810254e-01
3.611718e-01
3.379008e-01
3.138375e-01
2.924408e-01
2.765744e-01
2.678699e-01
2.651176e-01
2.648084e-01
2.648152e-01
2.648760e-01
2.650219e-01
2.652337e-01
2.654354e-01
2.655558e-01
2.655874e-01
2.655885e-01
2.655867e-01
2.655817e-01
2.655767e-01
2.655751e-01
2.655755e-01
2.655775e-01
2.655812e-01
2.655845e-01
2.655855e-01
2.655853e-01
2.655840e-01
2.655809e-01
2.655763e-01
2.655714e-01
2.655677e-01
2.655657e-01
2.655650e-01
2.655648e-01
2.655652e-01
2.655661e-01
2.655674e-01
2.655686e-01
2.655697e-01
2.655703e-01
2.655706e-01
2.655707e-01
2.655705e-01
2.655698e-01
2.655687e-01
2.655672e-01
2.655659e-01
2.655647e-01
2.655643e-01
2.655622e-01
2.655614e-01
2.655481e-01
2.654971e-01
2.652297e-01
2.639132e-01
2.572321e-01
2.248822e-01
1.567539e-01
1.266213e-01
1.250054e-01
1.250000e-01
1.250000e-01
1.250000e-01
1.250000e-01
1.250000e-01
1.250000e-01
1.250000e-01
1.250000e-01
1.250000e-01
1.250000e-01
1.250000e-01
1.250003e-01
1.250033e-01
1.250379e-01
1.254215e-01
1.293613e-01
1.569621e-01
2.232894e-01
2.571176e-01
2.638767e-01
2.653295e-01
2.655316e-01
2.655564e-01
2.655603e-01
2.655625e-01
2.655649e-01
2.655674e-01
2.655697e-01
2.655710e-01
2.655718e-01
2.655722e-01
2.655724e-01
2.655722e-01
2.655719e-01
2.655717e-01
2.655718e-01
2.655721e-01
2.655720e-01
2.655711e-01
2.655695e-01
2.655679e-01
2.655669e-01
2.655666e-01
2.655667e-01
2.655694e-01
2.655759e-01
2.655836e-01
2.655903e-01
2.655947e-01
2.655967e-01
2.655971e-01
2.655953e-01
2.655883e-01
2.655796e-01
2.655731e-01
2.655689e-01
2.655662e-01
2.655635e-01
2.655576e-01
2.655386e-01
2.654947e-01
2.654360e-01
2.653932e-01
2.653787e-01
2.653812e-01
2.654713e-01
2.660076e-01
2.678754e-01
2.725209e-01
2.815579e-01
2.958621e-01
3.149202e-01
3.369830e-01
3.591860e-01
3.789068e-01
3.948191e-01
4.065007e-01
4.143618e-01
4.192959e-01
4.222151e-01
4.238627e-01
4.247630e-01
4.252482e-01
4.255129e-01
4.256638e-01
4.257566e-01
4.258197e-01
4.258671e-01
4.259055e-01
4.259380e-01
4.259660e-01
4.259903e-01
4.260115e-01
4.260302e-01
4.260470e-01
4.260619e-01
4.260754e-01
4.260876e-01
4.260986e-01
4.261084e-01
4.261169e-01
4.261240e-01
4.261300e-01
4.261354e-01
4.261402e-01
4.261446e-01
4.261485e-01
4.261515e-01
4.261536e-01
4.261548e-01
4.261551e-01
4.261548e-01
4.261542e-01
4.261537e-01
4.261534e-01
4.261533e-01
4.261533e-01
4.261533e-01
4.261530e-01
4.261521e-01
4.261505e-01
4.261492e-01
4.261511e-01
4.261550e-01
4.261628e-01
4.261749e-01
4.261898e-01
4.262030e-01
4.262109e-01
4.262129e-01
4.262107e-01
4.261830e-01
4.261213e-01
4.260690e-01
4.260713e-01
