4.278216e-01
4.318453e-01
4.380781e-01
4.460242e-01
4.550770e-01
4.648306e-01
4.750480e-01
4.855963e-01
4.964388e-01
5.075410e-01
5.188907e-01
5.304688e-01
5.422709e-01
5.542880e-01
5.665252e-01
5.789659e-01
5.916240e-01
6.044953e-01
6.175806e-01
6.308776e-01
6.443903e-01
6.581129e-01
6.720463e-01
6.861820e-01
7.005254e-01
7.150721e-01
7.298190e-01
7.447618e-01
7.598949e-01
7.752109e-01
7.907029e-01
8.063521e-01
8.221460e-01
8.380619e-01
8.540710e-01
8.701353e-01
8.862027e-01
9.022027e-01
9.180417e-01
9.335734e-01
9.485943e-01
9.628106e-01
9.758068e-01
9.869158e-01
9.950123e-01
9.990247e-01
9.999398e-01
9.999993e-01
1.000000e+00
1.000000e+00
1.000000e+00
1.000000e+00
1.000000e+00
1.000000e+00
1.000000e+00
1.000000e+00
1.000000e+00
1.000000e+00
1.000000e+00
1.000000e+00
1.000000e+00
1.000000e+00
1.000000e+00
1.000000e+00
1.000000e+00
1.000000e+00
1.000000e+00
1.000000e+00
1.000000e+00
1.000000e+00
1.000000e+00
1.000000e+00
1.000000e+00
1.000000e+00
1.000000e+00
1.000000e+00
1.000000e+00
1.000000e+00
1.000000e+00
1.000000e+00
1.000000e+00
1.000000e+00
1.000000e+00
1.000000e+00
1.000000e+00
1.000000e+00
1.000000e+00
1.000000e+00
1.000000e+00
1.000000e+00
1.000000e+00
1.000000e+00
1.000000e+00
1.000000e+00
1.000000e+00
1.000000e+00
1.000000e+00
1.000000e+00
1.000000e+00
1.000000e+00
1.000000e+00
1.000000e+00
1.000000e+00
1.000000e+00
1.000000e+00
1.000000e+00
1.000000e+00
1.000000e+00
1.000000e+00
1.000000e+00
1.000000e+00
1.000000e+00
1.000000e+00
1.000000e+00
1.000000e+00
1.000000e+00
1.000000e+00
1.000000e+00
1.000000e+00
1.000000e+00
1.000000e+00
1.000000e+00
1.000000e+00
1.000000e+00
1.000000e+00
1.000000e+00
1.000000e+00
1.000000e+00
1.000000e+00
1.000000e+00
1.000000e+00
1.000000e+00
1.000000e+00
1.000000e+00
1.000000e+00
1.000000e+00
1.000000e+00
1.000000e+00
1.000000e+00
1.000000e+00
1.000000e+00
1.000000e+00
1.000000e+00
1.000000e+00
1.000000e+00
1.000000e+00
1.000000e+00
1.000000e+00
1.000000e+00
1.000000e+00
1.000000e+00
1.000000e+00
1.000000e+00
1.000000e+00
1.000000e+00
1.000000e+00
1.000000e+00
1.000000e+00
1.000000e+00
1.000000e+00
1.000000e+00
1.000000e+00
1.000000e+00
1.000000e+00
1.000000e+00
1.000000e+00
1.000000e+00
1.000000e+00
1.000000e+00
1.000000e+00
1.000000e+00
1.000000e+00
1.000000e+00
1.000000e+00
1.000000e+00
1.000000e+00
1.000000e+00
1.000000e+00
1.000000e+00
1.000000e+00
1.000000e+00
1.000000e+00
1.000000e+00
1.000000e+00
1.000000e+00
1.000000e+00
1.000000e+00
1.000000e+00
1.000000e+00
1.000000e+00
1.000000e+00
1.000000e+00
1.000000e+00
1.000000e+00
1.000000e+00
1.000000e+00
1.000000e+00
1.000000e+00
1.000000e+00
1.000000e+00
1.000000e+00
1.000000e+00
1.000000e+00
1.000000e+00
1.000000e+00
9.999999e-01
9.999992e-01
9.999955e-01
9.999752e-01
9.998705e-01
9.993856e-01
9.975545e-01
9.925045e-01
9.828329e-01
9.692250e-01
9.534317e-01
9.367611e-01
9.198570e-01
9.029417e-01
8.861108e-01
8.694121e-01
8.528753e-01
8.365191e-01
8.203563e-01
8.043953e-01
7.886429e-01
7.730989e-01
7.577725e-01
7.426629e-01
7.277703e-01
7.130953e-01
6.986379e-01
6.843980e-01
6.703763e-01
6.565651e-01
6.429719e-01
6.295938e-01
6.164350e-01
6.034918e-01
5.907642e-01
5.782524e-01
5.659589e-01
5.538712e-01
5.420044e-01
5.303560e-01
5.189350e-01
5.077499e-01
4.968223e-01
4.861724e-01
4.758388e-01
4.658665e-01
4.563856e-01
4.475966e-01
4.398265e-01
4.335234e-01
4.291316e-01
4.267314e-01
4.258900e-01
4.257474e-01
4.258967e-01
4.260653e-01
4.261434e-01
4.261567e-01
4.261544e-01
4.261464e-01
4.261307e-01
4.261091e-01
4.260890e-01
4.260741e-01
4.260677e-01
4.260629e-01
4.260536e-01
4.260381e-01
4.260180e-01
4.259954e-01
4.259694e-01
4.259360e-01
4.258879e-01
4.258139e-01
4.256923e-01
4.254753e-01
4.250534e-01
4.241879e-01
4.224024e-01
4.188448e-01
4.121859e-01
4.007016e-01
3.828075e-01
3.581007e-01
3.286535e-01
3.000845e-01
2.784057e-01
2.671880e-01
2.643082e-01
2.641356e-01
2.642074e-01
2.644764e-01
2.649300e-01
2.653648e-01
2.655935e-01
2.656376e-01
2.656357e-01
2.656209e-01
2.655909e-01
2.655596e-01
2.655407e-01
2.655336e-01
2.655332e-01
2.655398e-01
2.655509e-01
2.655620e-01
2.655696e-01
2.655686e-01
2.655558e-01
2.654834e-01
2.651336e-01
2.634005e-01
2.545908e-01
2.145425e-01
1.475391e-01
1.257612e-01
1.250015e-01
1.250000e-01
1.250000e-01
1.250000e-01
1.250000e-01
1.250000e-01
1.250000e-01
1.250000e-01
1.250000e-01
1.250000e-01
1.250000e-01
1.250000e-01
1.250000e-01
1.250000e-01
1.250000e-01
1.250000e-01
1.250000e-01
1.250000e-01
1.250000e-01
1.250000e-01
1.250000e-01
1.250000e-01
1.250000e-01
1.250000e-01
1.250000e-01
1.250000e-01
1.250000e-01
1.250000e-01
1.250000e-01
1.250000e-01
1.250000e-01
1.250000e-01
1.250000e-01
1.250000e-01
1.250000e-01
1.250000e-01
1.250000e-01
1.250000e-01
1.250000e-01
1.250000e-01
1.250000e-01
1.250000e-01
1.250000e-01
1.250000e-01
1.250000e-01
1.250000e-01
1.250000e-01
1.250000e-01
1.250000e-01
1.250000e-01
1.250000e-01
1.250000e-01
1.250000e-01
1.250000e-01
1.250000e-01
1.250000e-01
1.250000e-01
1.250000e-01
1.250000e-01
1.250000e-01
1.250000e-01
1.250000e-01
1.250000e-01
1.250000e-01
1.250000e-01
1.250000e-01
1.250000e-01
1.250000e-01
1.250000e-01
1.250000e-01
1.250000e-01
1.250000e-01
1.250000e-01
1.250000e-01
1.250000e-01
1.250000e-01
1.250000e-01
1.250000e-01
1.250000e-01
1.250000e-01
1.250000e-01
1.250000e-01
1.250000e-01
1.250000e-01
1.250000e-01
1.250000e-01
1.250000e-01
1.250000e-01
1.250000e-01
1.250000e-01
1.250000e-01
1.250000e-01
1.250000e-01
1.250000e-01
1.250000e-01
1.250000e-01
1.250000e-01
1.250000e-01
1.250000e-01
1.250000e-01
1.250000e-01
1.250000e-01
1.250000e-01
1.250000e-01
1.250000e-01
1.250000e-01
1.250000e-01
1.250000e-01
1.250000e-01
1.250000e-01
1.250000e-01
1.250000e-01
1.250000e-01
1.250000e-01
1.250000e-01
1.250000e-01
1.250000e-01
1.250000e-01
1.250000e-01
1.250000e-01
1.250000e-01
1.250000e-01
1.250002e-01
1.250022e-01
1.250252e-01
1.252813e-01
1.279754e-01
1.489526e-01
2.123559e-01
2.546208e-01
2.632630e-01
2.652367e-01
2.655271e-01
2.655718e-01
2.655789e-01
2.655762e-01
2.655700e-01
2.655611e-01
2.655498e-01
2.655396e-01
2.655350e-01
2.655359e-01
2.655451e-01
2.655681e-01
2.655886e-01
2.655949e-01
2.655868e-01
2.655179e-01
2.653247e-01
2.650781e-01
2.649422e-01
2.649175e-01
2.650560e-01
2.662532e-01
2.709788e-01
2.825958e-01
3.026184e-01
3.291129e-01
3.572114e-01
3.815927e-01
3.998411e-01
4.117258e-01
4.185853e-01
4.221914e-01
4.239628e-01
4.248073e-01
4.252194e-01
4.254388e-01
4.255716e-01
4.256617e-01
4.257270e-01
4.257764e-01
4.258159e-01
4.258499e-01
4.258795e-01
4.259037e-01
4.259226e-01
4.259411e-01
4.259668e-01
4.259989e-01
4.260333e-01
4.260580e-01
4.260711e-01
4.260804e-01
4.260947e-01
4.261046e-01
4.260988e-01
4.259828e-01
4.257583e-01
4.256363e-01
4.260561e-01
