4.268362e-01
4.290949e-01
4.330124e-01
4.384504e-01
4.449830e-01
4.522406e-01
4.599642e-01
4.680038e-01
4.762792e-01
4.847392e-01
4.933750e-01
5.021698e-01
5.111178e-01
5.202154e-01
5.294537e-01
5.388318e-01
5.483492e-01
5.580023e-01
5.677910e-01
5.777128e-01
5.877723e-01
5.979686e-01
6.083023e-01
6.187727e-01
6.293801e-01
6.401266e-01
6.510100e-01
6.620314e-01
6.731871e-01
6.844776e-01
6.959042e-01
7.074656e-01
7.191611e-01
7.309895e-01
7.429489e-01
7.550371e-01
7.672517e-01
7.795904e-01
7.920476e-01
8.046172e-01
8.172930e-01
8.300661e-01
8.429254e-01
8.558565e-01
8.688412e-01
8.818555e-01
8.948680e-01
9.078372e-01
9.207099e-01
9.334047e-01
9.458144e-01
9.577844e-01
9.691048e-01
9.794812e-01
9.884520e-01
9.952310e-01
9.989129e-01
9.999133e-01
9.999986e-01
1.000000e+00
1.000000e+00
1.000000e+00
1.000000e+00
1.000000e+00
1.000000e+00
1.000000e+00
1.000000e+00
1.000000e+00
1.000000e+00
1.000000e+00
1.000000e+00
1.000000e+00
1.000000e+00
1.000000e+00
1.000000e+00
1.000000e+00
1.000000e+00
1.000000e+00
1.000000e+00
1.000000e+00
1.000000e+00
1.000000e+00
1.000000e+00
1.000000e+00
1.000000e+00
1.000000e+00
1.000000e+00
1.000000e+00
1.000000e+00
1.000000e+00
1.000000e+00
1.000000e+00
1.000000e+00
1.000000e+00
1.000000e+00
1.000000e+00
1.000000e+00
1.000000e+00
1.000000e+00
1.000000e+00
1.000000e+00
1.000000e+00
1.000000e+00
1.000000e+00
1.000000e+00
1.000000e+00
1.000000e+00
1.000000e+00
1.000000e+00
1.000000e+00
1.000000e+00
1.000000e+00
1.000000e+00
1.000000e+00
1.000000e+00
1.000000e+00
1.000000e+00
1.000000e+00
1.000000e+00
1.000000e+00
1.000000e+00
1.000000e+00
1.000000e+00
1.000000e+00
1.000000e+00
1.000000e+00
1.000000e+00
1.000000e+00
1.000000e+00
1.000000e+00
1.000000e+00
1.000000e+00
1.000000e+00
1.000000e+00
1.000000e+00
1.000000e+00
1.000000e+00
1.000000e+00
1.000000e+00
1.000000e+00
1.000000e+00
1.000000e+00
1.000000e+00
1.000000e+00
1.000000e+00
1.000000e+00
1.000000e+00
1.000000e+00
1.000000e+00
1.000000e+00
1.000000e+00
1.000000e+00
1.000000e+00
1.000000e+00
1.000000e+00
1.000000e+00
1.000000e+00
1.000000e+00
1.000000e+00
1.000000e+00
1.000000e+00
1.000000e+00
1.000000e+00
1.000000e+00
1.000000e+00
1.000000e+00
1.000000e+00
1.000000e+00
1.000000e+00
1.000000e+00
1.000000e+00
1.000000e+00
1.000000e+00
1.000000e+00
1.000000e+00
1.000000e+00
1.000000e+00
1.000000e+00
1.000000e+00
1.000000e+00
1.000000e+00
1.000000e+00
1.000000e+00
1.000000e+00
1.000000e+00
1.000000e+00
1.000000e+00
1.000000e+00
1.000000e+00
1.000000e+00
1.000000e+00
1.000000e+00
1.000000e+00
1.000000e+00
9.999999e-01
9.999993e-01
9.999961e-01
9.999790e-01
9.998926e-01
9.995008e-01
9.980449e-01
9.940607e-01
9.864182e-01
9.755936e-01
9.629456e-01
9.495230e-01
9.358587e-01
9.221536e-01
9.084756e-01
8.948683e-01
8.813548e-01
8.679487e-01
8.546604e-01
8.414972e-01
8.284645e-01
8.155659e-01
8.028043e-01
7.901817e-01
7.776985e-01
7.653567e-01
7.531580e-01
7.411014e-01
7.291868e-01
7.174140e-01
7.057830e-01
6.942935e-01
6.829451e-01
6.717375e-01
6.606683e-01
6.497370e-01
6.389456e-01
6.282935e-01
6.177817e-01
6.074084e-01
5.971726e-01
5.870746e-01
5.771142e-01
5.672917e-01
5.576031e-01
5.480501e-01
5.386338e-01
5.293580e-01
5.202239e-01
5.112342e-01
5.023986e-01
4.937235e-01
4.852189e-01
4.769027e-01
4.687939e-01
4.609410e-01
4.534201e-01
4.463608e-01
4.399675e-01
4.345304e-01
4.303716e-01
4.276976e-01
4.263693e-01
4.259578e-01
4.259053e-01
4.260080e-01
4.261242e-01
4.261811e-01
4.261919e-01
4.261905e-01
4.261841e-01
4.261708e-01
4.261569e-01
4.261470e-01
4.261396e-01
4.261422e-01
4.261458e-01
4.261481e-01
4.261481e-01
4.261457e-01
4.261415e-01
4.261360e-01
4.261298e-01
4.261225e-01
4.261134e-01
4.261016e-01
4.260863e-01
4.260670e-01
4.260439e-01
4.260164e-01
4.259822e-01
4.259357e-01
4.258656e-01
4.257488e-01
4.255368e-01
4.251292e-01
4.243250e-01
4.227489e-01
4.197573e-01
4.143611e-01
4.052452e-01
3.910310e-01
3.709277e-01
3.455021e-01
3.177591e-01
2.927932e-01
2.750202e-01
2.664912e-01
2.645152e-01
2.644184e-01
2.644727e-01
2.646709e-01
2.650109e-01
2.653596e-01
2.655673e-01
2.656135e-01
2.656130e-01
2.656043e-01
2.655844e-01
2.655635e-01
2.655542e-01
2.655538e-01
2.655572e-01
2.655654e-01
2.655752e-01
2.655822e-01
2.655842e-01
2.655836e-01
2.655804e-01
2.655736e-01
2.655645e-01
2.655548e-01
2.655465e-01
2.655389e-01
2.655350e-01
2.655202e-01
2.654690e-01
2.651953e-01
2.638363e-01
2.569254e-01
2.236596e-01
1.555113e-01
1.264813e-01
1.250046e-01
1.250000e-01
1.250000e-01
1.250000e-01
1.250000e-01
1.250000e-01
1.250000e-01
1.250000e-01
1.250000e-01
1.250000e-01
1.250000e-01
1.250000e-01
1.250000e-01
1.250000e-01
1.250000e-01
1.250000e-01
1.250000e-01
1.250000e-01
1.250000e-01
1.250000e-01
1.250000e-01
1.250000e-01
1.250000e-01
1.250000e-01
1.250000e-01
1.250000e-01
1.250000e-01
1.250000e-01
1.250000e-01
1.250000e-01
1.250000e-01
1.250000e-01
1.250000e-01
1.250000e-01
1.250000e-01
1.250000e-01
1.250000e-01
1.250000e-01
1.250000e-01
1.250000e-01
1.250000e-01
1.250000e-01
1.250000e-01
1.250000e-01
1.250000e-01
1.250000e-01
1.250000e-01
1.250000e-01
1.250000e-01
1.250000e-01
1.250000e-01
1.250000e-01
1.250000e-01
1.250000e-01
1.250000e-01
1.250000e-01
1.250000e-01
1.250000e-01
1.250000e-01
1.250000e-01
1.250000e-01
1.250000e-01
1.250000e-01
1.250000e-01
1.250000e-01
1.250000e-01
1.250000e-01
1.250000e-01
1.250000e-01
1.250000e-01
1.250000e-01
1.250000e-01
1.250000e-01
1.250000e-01
1.250000e-01
1.250000e-01
1.250000e-01
1.250000e-01
1.250000e-01
1.250000e-01
1.250000e-01
1.250000e-01
1.250000e-01
1.250000e-01
1.250000e-01
1.250000e-01
1.250000e-01
1.250000e-01
1.250000e-01
1.250000e-01
1.250003e-01
1.250032e-01
1.250360e-01
1.254008e-01
1.291599e-01
1.558734e-01
2.219812e-01
2.568263e-01
2.637875e-01
2.652971e-01
2.655072e-01
2.655326e-01
2.655373e-01
2.655405e-01
2.655472e-01
2.655559e-01
2.655659e-01
2.655761e-01
2.655844e-01
2.655888e-01
2.655898e-01
2.655891e-01
2.655842e-01
2.655735e-01
2.655610e-01
2.655537e-01
2.655519e-01
2.655541e-01
2.655634e-01
2.655705e-01
2.655716e-01
2.655593e-01
2.654919e-01
2.653468e-01
2.652050e-01
2.651431e-01
2.651396e-01
2.652989e-01
2.663817e-01
2.702866e-01
2.795974e-01
2.960007e-01
3.187316e-01
3.447029e-01
3.693920e-01
3.896436e-01
4.043752e-01
4.138964e-01
4.194940e-01
4.225447e-01
4.241176e-01
4.249063e-01
4.253060e-01
4.255200e-01
4.256457e-01
4.257280e-01
4.257873e-01
4.258329e-01
4.258694e-01
4.258994e-01
4.259242e-01
4.259452e-01
4.259633e-01
4.259793e-01
4.259935e-01
4.260059e-01
4.260167e-01
4.260263e-01
4.260345e-01
4.260409e-01
4.260458e-01
4.260516e-01
4.260637e-01
4.260810e-01
4.261034e-01
4.261241e-01
4.261376e-01
4.261464e-01
4.261532e-01
4.261564e-01
4.261483e-01
4.260745e-01
4.259303e-01
4.258331e-01
4.259974e-01
