4.264150e-01
4.277158e-01
4.302287e-01
4.340430e-01
4.389107e-01
4.445352e-01
4.506606e-01
4.571179e-01
4.638059e-01
4.706648e-01
4.776626e-01
4.847837e-01
4.920195e-01
4.993629e-01
5.068129e-01
5.143673e-01
5.220207e-01
5.297722e-01
5.376208e-01
5.455654e-01
5.536063e-01
5.617438e-01
5.699722e-01
5.782975e-01
5.867188e-01
5.952366e-01
6.038509e-01
6.125620e-01
6.213699e-01
6.302748e-01
6.392783e-01
6.483792e-01
6.575766e-01
6.668735e-01
6.762640e-01
6.857526e-01
6.953381e-01
7.050205e-01
7.147996e-01
7.246749e-01
7.346456e-01
7.447112e-01
7.548706e-01
7.651223e-01
7.754648e-01
7.858983e-01
7.964166e-01
8.070190e-01
8.177012e-01
8.284586e-01
8.392857e-01
8.501753e-01
8.611188e-01
8.721051e-01
8.831202e-01
8.941459e-01
9.051592e-01
9.161316e-01
9.270212e-01
9.377740e-01
9.483154e-01
9.585420e-01
9.683148e-01
9.774460e-01
9.856656e-01
9.925359e-01
9.973405e-01
9.995376e-01
9.999762e-01
9.999998e-01
1.000000e+00
1.000000e+00
1.000000e+00
1.000000e+00
1.000000e+00
1.000000e+00
1.000000e+00
1.000000e+00
1.000000e+00
1.000000e+00
1.000000e+00
1.000000e+00
1.000000e+00
1.000000e+00
1.000000e+00
1.000000e+00
1.000000e+00
1.000000e+00
1.000000e+00
1.000000e+00
1.000000e+00
1.000000e+00
1.000000e+00
1.000000e+00
1.000000e+00
1.000000e+00
1.000000e+00
1.000000e+00
1.000000e+00
1.000000e+00
1.000000e+00
1.000000e+00
1.000000e+00
1.000000e+00
1.000000e+00
1.000000e+00
1.000000e+00
1.000000e+00
1.000000e+00
1.000000e+00
1.000000e+00
1.000000e+00
1.000000e+00
1.000000e+00
1.000000e+00
1.000000e+00
1.000000e+00
1.000000e+00
1.000000e+00
1.000000e+00
1.000000e+00
1.000000e+00
1.000000e+00
1.000000e+00
1.000000e+00
1.000000e+00
1.000000e+00
1.000000e+00
1.000000e+00
1.000000e+00
1.000000e+00
1.000000e+00
1.000000e+00
1.000000e+00
1.000000e+00
1.000000e+00
1.000000e+00
1.000000e+00
1.000000e+00
1.000000e+00
1.000000e+00
1.000000e+00
1.000000e+00
1.000000e+00
1.000000e+00
1.000000e+00
1.000000e+00
1.000000e+00
1.000000e+00
1.000000e+00
1.000000e+00
1.000000e+00
1.000000e+00
1.000000e+00
1.000000e+00
1.000000e+00
1.000000e+00
1.000000e+00
1.000000e+00
1.000000e+00
1.000000e+00
1.000000e+00
1.000000e+00
1.000000e+00
1.000000e+00
1.000000e+00
1.000000e+00
1.000000e+00
1.000000e+00
1.000000e+00
1.000000e+00
1.000000e+00
1.000000e+00
1.000000e+00
1.000000e+00
1.000000e+00
1.000000e+00
1.000000e+00
1.000000e+00
1.000000e+00
1.000000e+00
1.000000e+00
1.000000e+00
9.999999e-01
9.999997e-01
9.999985e-01
9.999918e-01
9.999578e-01
9.997958e-01
9.991301e-01
9.970048e-01
9.921620e-01
9.842778e-01
9.742592e-01
9.631834e-01
9.517028e-01
9.401104e-01
9.285047e-01
9.169248e-01
9.053941e-01
8.939313e-01
8.825438e-01
8.712384e-01
8.600205e-01
8.488939e-01
8.378617e-01
8.269260e-01
8.160885e-01
8.053503e-01
7.947122e-01
7.841755e-01
7.737382e-01
7.634046e-01
7.531726e-01
7.430420e-01
7.330130e-01
7.230853e-01
7.132587e-01
7.035329e-01
6.939077e-01
6.843827e-01
6.749576e-01
6.656323e-01
6.564027e-01
6.472735e-01
6.382424e-01
6.293095e-01
6.204758e-01
6.117398e-01
6.031008e-01
5.945588e-01
5.861136e-01
5.777649e-01
5.695126e-01
5.613568e-01
5.532924e-01
5.453245e-01
5.374533e-01
5.296790e-01
5.220028e-01
5.144262e-01
5.069515e-01
4.995845e-01
4.923292e-01
4.851889e-01
4.781723e-01
4.712929e-01
4.645664e-01
4.580270e-01
4.517304e-01
4.457637e-01
4.402630e-01
4.354242e-01
4.314876e-01
4.286559e-01
4.269732e-01
4.262157e-01
4.260165e-01
4.260021e-01
4.260784e-01
4.261611e-01
4.262018e-01
4.262086e-01
4.262072e-01
4.261989e-01
4.261877e-01
4.261790e-01
4.261744e-01
4.261731e-01
4.261775e-01
4.261832e-01
4.261875e-01
4.261901e-01
4.261915e-01
4.261919e-01
4.261916e-01
4.261907e-01
4.261894e-01
4.261878e-01
4.261857e-01
4.261829e-01
4.261790e-01
4.261738e-01
4.261671e-01
4.261590e-01
4.261494e-01
4.261378e-01
4.261238e-01
4.261068e-01
4.260864e-01
4.260619e-01
4.260323e-01
4.259947e-01
4.259429e-01
4.258632e-01
4.257279e-01
4.254806e-01
4.250109e-01
4.241127e-01
4.224244e-01
4.193589e-01
4.140542e-01
4.053998e-01
3.922451e-01
3.738979e-01
3.506702e-01
3.246435e-01
2.999286e-01
2.805165e-01
2.690966e-01
2.651212e-01
2.646095e-01
2.646159e-01
2.647003e-01
2.649058e-01
2.651953e-01
2.654518e-01
2.655800e-01
2.655991e-01
2.655978e-01
2.655908e-01
2.655776e-01
2.655674e-01
2.655659e-01
2.655670e-01
2.655712e-01
2.655781e-01
2.655840e-01
2.655857e-01
2.655853e-01
2.655830e-01
2.655781e-01
2.655714e-01
2.655644e-01
2.655589e-01
2.655566e-01
2.655565e-01
2.655571e-01
2.655590e-01
2.655613e-01
2.655633e-01
2.655637e-01
2.655646e-01
2.655620e-01
2.655566e-01
2.655274e-01
2.653968e-01
2.647547e-01
2.615592e-01
2.451706e-01
1.877383e-01
1.334345e-01
1.251046e-01
1.250001e-01
1.250000e-01
1.250000e-01
1.250000e-01
1.250000e-01
1.250000e-01
1.250000e-01
1.250000e-01
1.250000e-01
1.250000e-01
1.250000e-01
1.250000e-01
1.250000e-01
1.250000e-01
1.250000e-01
1.250000e-01
1.250000e-01
1.250000e-01
1.250000e-01
1.250000e-01
1.250000e-01
1.250000e-01
1.250000e-01
1.250000e-01
1.250000e-01
1.250000e-01
1.250000e-01
1.250000e-01
1.250000e-01
1.250000e-01
1.250000e-01
1.250000e-01
1.250000e-01
1.250000e-01
1.250000e-01
1.250000e-01
1.250000e-01
1.250000e-01
1.250000e-01
1.250000e-01
1.250000e-01
1.250000e-01
1.250000e-01
1.250000e-01
1.250000e-01
1.250000e-01
1.250000e-01
1.250000e-01
1.250000e-01
1.250000e-01
1.250000e-01
1.250000e-01
1.250000e-01
1.250000e-01
1.250000e-01
1.250000e-01
1.250000e-01
1.250000e-01
1.250001e-01
1.250009e-01
1.250100e-01
1.251130e-01
1.262340e-01
1.365585e-01
1.854031e-01
2.450485e-01
2.612327e-01
2.648607e-01
2.654736e-01
2.655543e-01
2.655652e-01
2.655659e-01
2.655661e-01
2.655646e-01
2.655621e-01
2.655589e-01
2.655562e-01
2.655544e-01
2.655543e-01
2.655562e-01
2.655601e-01
2.655666e-01
2.655755e-01
2.655848e-01
2.655916e-01
2.655948e-01
2.655954e-01
2.655943e-01
2.655883e-01
2.655777e-01
2.655684e-01
2.655637e-01
2.655625e-01
2.655630e-01
2.655639e-01
2.655633e-01
2.655537e-01
2.655097e-01
2.654169e-01
2.653194e-01
2.652712e-01
2.652640e-01
2.653288e-01
2.658635e-01
2.680125e-01
2.737170e-01
2.849699e-01
3.024683e-01
3.249157e-01
3.493672e-01
3.720621e-01
3.906797e-01
4.043972e-01
4.134967e-01
4.190462e-01
4.222058e-01
4.239117e-01
4.248033e-01
4.252664e-01
4.255139e-01
4.256555e-01
4.257451e-01
4.258082e-01
4.258563e-01
4.258948e-01
4.259267e-01
4.259538e-01
4.259771e-01
4.259973e-01
4.260147e-01
4.260295e-01
4.260419e-01
4.260521e-01
4.260604e-01
4.260669e-01
4.260723e-01
4.260773e-01
4.260821e-01
4.260867e-01
4.260910e-01
4.260947e-01
4.260980e-01
4.261006e-01
4.261024e-01
4.261032e-01
4.261041e-01
4.261106e-01
4.261203e-01
4.261355e-01
4.261536e-01
4.261691e-01
4.261795e-01
4.261845e-01
4.261862e-01
4.261797e-01
4.261301e-01
4.260298e-01
4.259536e-01
4.260129e-01
