4.283020e-01
4.330729e-01
4.402377e-01
4.491651e-01
4.592055e-01
4.699423e-01
4.811519e-01
4.927268e-01
5.046268e-01
5.168213e-01
5.292895e-01
5.420217e-01
5.550051e-01
5.682434e-01
5.817214e-01
5.954524e-01
6.094299e-01
6.236559e-01
6.381297e-01
6.528479e-01
6.678140e-01
6.830109e-01
6.984478e-01
7.141188e-01
7.300194e-01
7.461432e-01
7.624828e-01
7.790302e-01
7.957679e-01
8.126776e-01
8.297360e-01
8.469105e-01
8.641575e-01
8.814174e-01
8.986084e-01
9.156208e-01
9.322831e-01
9.483510e-01
9.634715e-01
9.771339e-01
9.884902e-01
9.961867e-01
9.994236e-01
9.999764e-01
9.999999e-01
1.000000e+00
1.000000e+00
1.000000e+00
1.000000e+00
1.000000e+00
1.000000e+00
1.000000e+00
1.000000e+00
1.000000e+00
1.000000e+00
1.000000e+00
1.000000e+00
1.000000e+00
1.000000e+00
1.000000e+00
1.000000e+00
1.000000e+00
1.000000e+00
1.000000e+00
1.000000e+00
1.000000e+00
1.000000e+00
1.000000e+00
1.000000e+00
1.000000e+00
1.000000e+00
1.000000e+00
1.000000e+00
1.000000e+00
1.000000e+00
1.000000e+00
1.000000e+00
1.000000e+00
1.000000e+00
1.000000e+00
1.000000e+00
1.000000e+00
1.000000e+00
1.000000e+00
1.000000e+00
1.000000e+00
1.000000e+00
1.000000e+00
1.000000e+00
1.000000e+00
1.000000e+00
1.000000e+00
1.000000e+00
1.000000e+00
1.000000e+00
1.000000e+00
1.000000e+00
1.000000e+00
1.000000e+00
1.000000e+00
1.000000e+00
1.000000e+00
1.000000e+00
1.000000e+00
1.000000e+00
1.000000e+00
1.000000e+00
1.000000e+00
1.000000e+00
1.000000e+00
1.000000e+00
1.000000e+00
1.000000e+00
1.000000e+00
1.000000e+00
1.000000e+00
1.000000e+00
1.000000e+00
1.000000e+00
1.000000e+00
1.000000e+00
1.000000e+00
1.000000e+00
1.000000e+00
1.000000e+00
1.000000e+00
1.000000e+00
1.000000e+00
1.000000e+00
1.000000e+00
1.000000e+00
1.000000e+00
1.000000e+00
1.000000e+00
1.000000e+00
1.000000e+00
1.000000e+00
1.000000e+00
1.000000e+00
1.000000e+00
1.000000e+00
1.000000e+00
1.000000e+00
1.000000e+00
1.000000e+00
1.000000e+00
1.000000e+00
1.000000e+00
1.000000e+00
1.000000e+00
1.000000e+00
1.000000e+00
1.000000e+00
1.000000e+00
1.000000e+00
1.000000e+00
1.000000e+00
1.000000e+00
1.000000e+00
1.000000e+00
1.000000e+00
1.000000e+00
1.000000e+00
1.000000e+00
1.000000e+00
1.000000e+00
1.000000e+00
1.000000e+00
1.000000e+00
1.000000e+00
1.000000e+00
1.000000e+00
1.000000e+00
1.000000e+00
1.000000e+00
1.000000e+00
1.000000e+00
1.000000e+00
1.000000e+00
1.000000e+00
1.000000e+00
1.000000e+00
1.000000e+00
1.000000e+00
1.000000e+00
1.000000e+00
1.000000e+00
1.000000e+00
1.000000e+00
1.000000e+00
1.000000e+00
1.000000e+00
1.000000e+00
1.000000e+00
1.000000e+00
1.000000e+00
1.000000e+00
1.000000e+00
1.000000e+00
1.000000e+00
1.000000e+00
1.000000e+00
1.000000e+00
1.000000e+00
1.000000e+00
1.000000e+00
1.000000e+00
1.000000e+00
9.999999e-01
9.999994e-01
9.999968e-01
9.999819e-01
9.999034e-01
9.995250e-01
9.980065e-01
9.934708e-01
9.840796e-01
9.701158e-01
9.534314e-01
9.356047e-01
9.174585e-01
8.992891e-01
8.812148e-01
8.632930e-01
8.455598e-01
8.280375e-01
8.107404e-01
7.936786e-01
7.768571e-01
7.602808e-01
7.439559e-01
7.278815e-01
7.120582e-01
6.964863e-01
6.811661e-01
6.660985e-01
6.512727e-01
6.367021e-01
6.223831e-01
6.083162e-01
5.945014e-01
5.809370e-01
5.676265e-01
5.545592e-01
5.417480e-01
5.291926e-01
5.169060e-01
5.049024e-01
4.932085e-01
4.818604e-01
4.709125e-01
4.604673e-01
4.507267e-01
4.420327e-01
4.348713e-01
4.297733e-01
4.269107e-01
4.258659e-01
4.256808e-01
4.258517e-01
4.260458e-01
4.261281e-01
4.261379e-01
4.261337e-01
4.261244e-01
4.261098e-01
4.260879e-01
4.260638e-01
4.260406e-01
4.260228e-01
4.260070e-01
4.259900e-01
4.259700e-01
4.259440e-01
4.259067e-01
4.258497e-01
4.257601e-01
4.256119e-01
4.253438e-01
4.248094e-01
4.236874e-01
4.213435e-01
4.166753e-01
4.080515e-01
3.935680e-01
3.719241e-01
3.437196e-01
3.131413e-01
2.869965e-01
2.706326e-01
2.647465e-01
2.640280e-01
2.640603e-01
2.642712e-01
2.647141e-01
2.652269e-01
2.655600e-01
2.656424e-01
2.656419e-01
2.656257e-01
2.655888e-01
2.655462e-01
2.655216e-01
2.655189e-01
2.655237e-01
2.655409e-01
2.655649e-01
2.655791e-01
2.655766e-01
2.655391e-01
2.653170e-01
2.642210e-01
2.587359e-01
2.314362e-01
1.643810e-01
1.276717e-01
1.250127e-01
1.250000e-01
1.250000e-01
1.250000e-01
1.250000e-01
1.250000e-01
1.250000e-01
1.250000e-01
1.250000e-01
1.250000e-01
1.250000e-01
1.250000e-01
1.250000e-01
1.250000e-01
1.250000e-01
1.250000e-01
1.250000e-01
1.250000e-01
1.250000e-01
1.250000e-01
1.250000e-01
1.250000e-01
1.250000e-01
1.250000e-01
1.250000e-01
1.250000e-01
1.250000e-01
1.250000e-01
1.250000e-01
1.250000e-01
1.250000e-01
1.250000e-01
1.250000e-01
1.250000e-01
1.250000e-01
1.250000e-01
1.250000e-01
1.250000e-01
1.250000e-01
1.250000e-01
1.250000e-01
1.250000e-01
1.250000e-01
1.250000e-01
1.250000e-01
1.250000e-01
1.250000e-01
1.250000e-01
1.250000e-01
1.250000e-01
1.250000e-01
1.250000e-01
1.250000e-01
1.250000e-01
1.250000e-01
1.250000e-01
1.250000e-01
1.250000e-01
1.250000e-01
1.250000e-01
1.250000e-01
1.250000e-01
1.250000e-01
1.250000e-01
1.250000e-01
1.250000e-01
1.250000e-01
1.250000e-01
1.250000e-01
1.250000e-01
1.250000e-01
1.250000e-01
1.250000e-01
1.250000e-01
1.250000e-01
1.250000e-01
1.250000e-01
1.250000e-01
1.250000e-01
1.250000e-01
1.250000e-01
1.250000e-01
1.250000e-01
1.250000e-01
1.250000e-01
1.250000e-01
1.250000e-01
1.250000e-01
1.250000e-01
1.250000e-01
1.250000e-01
1.250000e-01
1.250000e-01
1.250000e-01
1.250000e-01
1.250000e-01
1.250000e-01
1.250000e-01
1.250000e-01
1.250000e-01
1.250000e-01
1.250000e-01
1.250000e-01
1.250000e-01
1.250000e-01
1.250000e-01
1.250000e-01
1.250000e-01
1.250000e-01
1.250000e-01
1.250000e-01
1.250000e-01
1.250000e-01
1.250000e-01
1.250000e-01
1.250000e-01
1.250000e-01
1.250000e-01
1.250000e-01
1.250000e-01
1.250000e-01
1.250000e-01
1.250000e-01
1.250000e-01
1.250000e-01
1.250000e-01
1.250000e-01
1.250000e-01
1.250000e-01
1.250000e-01
1.250000e-01
1.250000e-01
1.250004e-01
1.250045e-01
1.250508e-01
1.255635e-01
1.307141e-01
1.637056e-01
2.303197e-01
2.585188e-01
2.642519e-01
2.654231e-01
2.655868e-01
2.656007e-01
2.655963e-01
2.655674e-01
2.655331e-01
2.655091e-01
2.655008e-01
2.655050e-01
2.655325e-01
2.655778e-01
2.656087e-01
2.656158e-01
2.656021e-01
2.654841e-01
2.652148e-01
2.649473e-01
2.648298e-01
2.648240e-01
2.651645e-01
2.674117e-01
2.748073e-01
2.905425e-01
3.147145e-01
3.435013e-01
3.708800e-01
3.925946e-01
4.074885e-01
4.163739e-01
4.211239e-01
4.234611e-01
4.245602e-01
4.250829e-01
4.253524e-01
4.255107e-01
4.256155e-01
4.256900e-01
4.257459e-01
4.257899e-01
4.258251e-01
4.258542e-01
4.258828e-01
4.259181e-01
4.259581e-01
4.259976e-01
4.260240e-01
4.260389e-01
4.260494e-01
4.260693e-01
4.260841e-01
4.260786e-01
4.259419e-01
4.256843e-01
4.255561e-01
4.261092e-01
