4.275457e-01
4.311084e-01
4.367591e-01
4.440876e-01
4.525224e-01
4.616593e-01
4.712515e-01
4.811701e-01
4.913601e-01
5.017923e-01
5.124492e-01
5.233205e-01
5.343938e-01
5.456676e-01
5.571351e-01
5.687958e-01
5.806449e-01
5.926886e-01
6.049256e-01
6.173557e-01
6.299777e-01
6.427949e-01
6.558018e-01
6.690029e-01
6.823860e-01
6.959588e-01
7.097175e-01
7.236602e-01
7.377835e-01
7.520829e-01
7.665538e-01
7.811922e-01
7.959843e-01
8.109208e-01
8.259866e-01
8.411626e-01
8.564231e-01
8.717346e-01
8.870518e-01
9.023134e-01
9.174397e-01
9.323062e-01
9.467418e-01
9.604991e-01
9.732340e-01
9.844195e-01
9.931523e-01
9.982487e-01
9.998311e-01
9.999965e-01
1.000000e+00
1.000000e+00
1.000000e+00
1.000000e+00
1.000000e+00
1.000000e+00
1.000000e+00
1.000000e+00
1.000000e+00
1.000000e+00
1.000000e+00
1.000000e+00
1.000000e+00
1.000000e+00
1.000000e+00
1.000000e+00
1.000000e+00
1.000000e+00
1.000000e+00
1.000000e+00
1.000000e+00
1.000000e+00
1.000000e+00
1.000000e+00
1.000000e+00
1.000000e+00
1.000000e+00
1.000000e+00
1.000000e+00
1.000000e+00
1.000000e+00
1.000000e+00
1.000000e+00
1.000000e+00
1.000000e+00
1.000000e+00
1.000000e+00
1.000000e+00
1.000000e+00
1.000000e+00
1.000000e+00
1.000000e+00
1.000000e+00
1.000000e+00
1.000000e+00
1.000000e+00
1.000000e+00
1.000000e+00
1.000000e+00
1.000000e+00
1.000000e+00
1.000000e+00
1.000000e+00
1.000000e+00
1.000000e+00
1.000000e+00
1.000000e+00
1.000000e+00
1.000000e+00
1.000000e+00
1.000000e+00
1.000000e+00
1.000000e+00
1.000000e+00
1.000000e+00
1.000000e+00
1.000000e+00
1.000000e+00
1.000000e+00
1.000000e+00
1.000000e+00
1.000000e+00
1.000000e+00
1.000000e+00
1.000000e+00
1.000000e+00
1.000000e+00
1.000000e+00
1.000000e+00
1.000000e+00
1.000000e+00
1.000000e+00
1.000000e+00
1.000000e+00
1.000000e+00
1.000000e+00
1.000000e+00
1.000000e+00
1.000000e+00
1.000000e+00
1.000000e+00
1.000000e+00
1.000000e+00
1.000000e+00
1.000000e+00
1.000000e+00
1.000000e+00
1.000000e+00
1.000000e+00
1.000000e+00
1.000000e+00
1.000000e+00
1.000000e+00
1.000000e+00
1.000000e+00
1.000000e+00
1.000000e+00
1.000000e+00
1.000000e+00
1.000000e+00
1.000000e+00
1.000000e+00
1.000000e+00
1.000000e+00
1.000000e+00
1.000000e+00
1.000000e+00
1.000000e+00
1.000000e+00
1.000000e+00
1.000000e+00
1.000000e+00
1.000000e+00
1.000000e+00
1.000000e+00
1.000000e+00
1.000000e+00
1.000000e+00
1.000000e+00
1.000000e+00
1.000000e+00
1.000000e+00
1.000000e+00
1.000000e+00
1.000000e+00
1.000000e+00
1.000000e+00
1.000000e+00
1.000000e+00
1.000000e+00
1.000000e+00
1.000000e+00
1.000000e+00
1.000000e+00
1.000000e+00
1.000000e+00
1.000000e+00
1.000000e+00
1.000000e+00
1.000000e+00
1.000000e+00
1.000000e+00
1.000000e+00
9.999998e-01
9.999987e-01
9.999928e-01
9.999609e-01
9.998012e-01
9.991001e-01
9.966706e-01
9.906581e-01
9.802413e-01
9.665408e-01
9.511784e-01
9.351987e-01
9.190739e-01
9.029586e-01
8.869299e-01
8.710258e-01
8.552707e-01
8.396805e-01
8.242661e-01
8.090350e-01
7.939923e-01
7.791414e-01
7.644835e-01
7.500244e-01
7.357625e-01
7.216977e-01
7.078303e-01
6.941603e-01
6.806875e-01
6.674122e-01
6.543262e-01
6.414390e-01
6.287465e-01
6.162518e-01
6.039521e-01
5.918468e-01
5.799366e-01
5.682222e-01
5.566976e-01
5.453670e-01
5.342322e-01
5.233006e-01
5.125764e-01
5.020737e-01
4.918076e-01
4.818008e-01
4.720920e-01
4.627360e-01
4.538556e-01
4.456582e-01
4.384663e-01
4.327010e-01
4.287503e-01
4.266295e-01
4.259036e-01
4.257879e-01
4.259252e-01
4.260804e-01
4.261524e-01
4.261655e-01
4.261639e-01
4.261580e-01
4.261439e-01
4.261243e-01
4.261058e-01
4.260914e-01
4.260870e-01
4.260858e-01
4.260831e-01
4.260757e-01
4.260626e-01
4.260444e-01
4.260227e-01
4.259982e-01
4.259695e-01
4.259320e-01
4.258780e-01
4.257934e-01
4.256492e-01
4.253813e-01
4.248494e-01
4.237619e-01
4.215645e-01
4.173137e-01
4.096168e-01
3.967960e-01
3.775343e-01
3.518821e-01
3.225666e-01
2.953721e-01
2.757422e-01
2.663801e-01
2.642941e-01
2.642093e-01
2.642924e-01
2.645679e-01
2.650034e-01
2.654002e-01
2.655932e-01
2.656278e-01
2.656259e-01
2.656126e-01
2.655873e-01
2.655631e-01
2.655513e-01
2.655496e-01
2.655509e-01
2.655544e-01
2.655578e-01
2.655596e-01
2.655604e-01
2.655602e-01
2.655585e-01
2.655473e-01
2.655065e-01
2.653124e-01
2.643522e-01
2.595072e-01
2.350211e-01
1.693248e-01
1.285428e-01
1.250210e-01
1.250000e-01
1.250000e-01
1.250000e-01
1.250000e-01
1.250000e-01
1.250000e-01
1.250000e-01
1.250000e-01
1.250000e-01
1.250000e-01
1.250000e-01
1.250000e-01
1.250000e-01
1.250000e-01
1.250000e-01
1.250000e-01
1.250000e-01
1.250000e-01
1.250000e-01
1.250000e-01
1.250000e-01
1.250000e-01
1.250000e-01
1.250000e-01
1.250000e-01
1.250000e-01
1.250000e-01
1.250000e-01
1.250000e-01
1.250000e-01
1.250000e-01
1.250000e-01
1.250000e-01
1.250000e-01
1.250000e-01
1.250000e-01
1.250000e-01
1.250000e-01
1.250000e-01
1.250000e-01
1.250000e-01
1.250000e-01
1.250000e-01
1.250000e-01
1.250000e-01
1.250000e-01
1.250000e-01
1.250000e-01
1.250000e-01
1.250000e-01
1.250000e-01
1.250000e-01
1.250000e-01
1.250000e-01
1.250000e-01
1.250000e-01
1.250000e-01
1.250000e-01
1.250000e-01
1.250000e-01
1.250000e-01
1.250000e-01
1.250000e-01
1.250000e-01
1.250000e-01
1.250000e-01
1.250000e-01
1.250000e-01
1.250000e-01
1.250000e-01
1.250000e-01
1.250000e-01
1.250000e-01
1.250000e-01
1.250000e-01
1.250000e-01
1.250000e-01
1.250000e-01
1.250000e-01
1.250000e-01
1.250000e-01
1.250000e-01
1.250000e-01
1.250000e-01
1.250000e-01
1.250000e-01
1.250000e-01
1.250000e-01
1.250000e-01
1.250000e-01
1.250000e-01
1.250000e-01
1.250000e-01
1.250000e-01
1.250000e-01
1.250000e-01
1.250000e-01
1.250000e-01
1.250000e-01
1.250000e-01
1.250000e-01
1.250000e-01
1.250000e-01
1.250000e-01
1.250000e-01
1.250000e-01
1.250000e-01
1.250000e-01
1.250000e-01
1.250000e-01
1.250000e-01
1.250000e-01
1.250000e-01
1.250000e-01
1.250000e-01
1.250005e-01
1.250054e-01
1.250608e-01
1.256718e-01
1.317166e-01
1.681805e-01
2.341976e-01
2.592324e-01
2.643925e-01
2.653877e-01
2.655274e-01
2.655512e-01
2.655609e-01
2.655660e-01
2.655715e-01
2.655770e-01
2.655815e-01
2.655741e-01
2.655584e-01
2.655457e-01
2.655409e-01
2.655406e-01
2.655538e-01
2.655743e-01
2.655817e-01
2.655800e-01
2.655312e-01
2.653624e-01
2.651364e-01
2.650047e-01
2.649763e-01
2.650696e-01
2.660159e-01
2.699777e-01
2.801073e-01
2.983006e-01
3.233542e-01
3.511083e-01
3.762348e-01
3.957660e-01
4.090393e-01
4.170066e-01
4.213493e-01
4.235480e-01
4.246152e-01
4.251337e-01
4.253997e-01
4.255513e-01
4.256489e-01
4.257186e-01
4.257718e-01
4.258142e-01
4.258492e-01
4.258791e-01
4.259050e-01
4.259269e-01
4.259441e-01
4.259577e-01
4.259721e-01
4.259941e-01
4.260224e-01
4.260535e-01
4.260769e-01
4.260892e-01
4.260984e-01
4.261103e-01
4.261179e-01
4.261115e-01
4.260066e-01
4.258024e-01
4.256855e-01
4.260326e-01
