4.269205e-01
4.293478e-01
4.334964e-01
4.391927e-01
4.459866e-01
4.535014e-01
4.614795e-01
4.697730e-01
4.783028e-01
4.870269e-01
4.959296e-01
5.050005e-01
5.142320e-01
5.236168e-01
5.331506e-01
5.428304e-01
5.526552e-01
5.626262e-01
5.727331e-01
5.829858e-01
5.933824e-01
6.039232e-01
6.146073e-01
6.254363e-01
6.364102e-01
6.475293e-01
6.587913e-01
6.701985e-01
6.817442e-01
6.934335e-01
7.052644e-01
7.172360e-01
7.293471e-01
7.415956e-01
7.539792e-01
7.664952e-01
7.791409e-01
7.919106e-01
8.047972e-01
8.177941e-01
8.308913e-01
8.440763e-01
8.573333e-01
8.706417e-01
8.839741e-01
8.972952e-01
9.105581e-01
9.236994e-01
9.366259e-01
9.492108e-01
9.612740e-01
9.725698e-01
9.827417e-01
9.912006e-01
9.969986e-01
9.995194e-01
9.999783e-01
9.999998e-01
1.000000e+00
1.000000e+00
1.000000e+00
1.000000e+00
1.000000e+00
1.000000e+00
1.000000e+00
1.000000e+00
1.000000e+00
1.000000e+00
1.000000e+00
1.000000e+00
1.000000e+00
1.000000e+00
1.000000e+00
1.000000e+00
1.000000e+00
1.000000e+00
1.000000e+00
1.000000e+00
1.000000e+00
1.000000e+00
1.000000e+00
1.000000e+00
1.000000e+00
1.000000e+00
1.000000e+00
1.000000e+00
1.000000e+00
1.000000e+00
1.000000e+00
1.000000e+00
1.000000e+00
1.000000e+00
1.000000e+00
1.000000e+00
1.000000e+00
1.000000e+00
1.000000e+00
1.000000e+00
1.000000e+00
1.000000e+00
1.000000e+00
1.000000e+00
1.000000e+00
1.000000e+00
1.000000e+00
1.000000e+00
1.000000e+00
1.000000e+00
1.000000e+00
1.000000e+00
1.000000e+00
1.000000e+00
1.000000e+00
1.000000e+00
1.000000e+00
1.000000e+00
1.000000e+00
1.000000e+00
1.000000e+00
1.000000e+00
1.000000e+00
1.000000e+00
1.000000e+00
1.000000e+00
1.000000e+00
1.000000e+00
1.000000e+00
1.000000e+00
1.000000e+00
1.000000e+00
1.000000e+00
1.000000e+00
1.000000e+00
1.000000e+00
1.000000e+00
1.000000e+00
1.000000e+00
1.000000e+00
1.000000e+00
1.000000e+00
1.000000e+00
1.000000e+00
1.000000e+00
1.000000e+00
1.000000e+00
1.000000e+00
1.000000e+00
1.000000e+00
1.000000e+00
1.000000e+00
1.000000e+00
1.000000e+00
1.000000e+00
1.000000e+00
1.000000e+00
1.000000e+00
1.000000e+00
1.000000e+00
1.000000e+00
1.000000e+00
1.000000e+00
1.000000e+00
1.000000e+00
1.000000e+00
1.000000e+00
1.000000e+00
1.000000e+00
1.000000e+00
1.000000e+00
1.000000e+00
1.000000e+00
1.000000e+00
1.000000e+00
1.000000e+00
1.000000e+00
1.000000e+00
1.000000e+00
1.000000e+00
1.000000e+00
1.000000e+00
1.000000e+00
1.000000e+00
1.000000e+00
1.000000e+00
1.000000e+00
1.000000e+00
1.000000e+00
1.000000e+00
1.000000e+00
1.000000e+00
1.000000e+00
1.000000e+00
1.000000e+00
1.000000e+00
1.000000e+00
9.999999e-01
9.999996e-01
9.999979e-01
9.999885e-01
9.999399e-01
9.997076e-01
9.987641e-01
9.958362e-01
9.894276e-01
9.793861e-01
9.669549e-01
9.534037e-01
9.394579e-01
9.254234e-01
9.113999e-01
8.974377e-01
8.835690e-01
8.698094e-01
8.561708e-01
8.426620e-01
8.292890e-01
8.160561e-01
8.029664e-01
7.900225e-01
7.772244e-01
7.645750e-01
7.520755e-01
7.397251e-01
7.275238e-01
7.154713e-01
7.035677e-01
6.918126e-01
6.802056e-01
6.687470e-01
6.574309e-01
6.462631e-01
6.352409e-01
6.243660e-01
6.136373e-01
6.030548e-01
5.926167e-01
5.823232e-01
5.721744e-01
5.621715e-01
5.523055e-01
5.425859e-01
5.330126e-01
5.235873e-01
5.143138e-01
5.051983e-01
4.962504e-01
4.874810e-01
4.789038e-01
4.705427e-01
4.624389e-01
4.546688e-01
4.473619e-01
4.407227e-01
4.350470e-01
4.306722e-01
4.278298e-01
4.263991e-01
4.259492e-01
4.258898e-01
4.259971e-01
4.261183e-01
4.261776e-01
4.261889e-01
4.261872e-01
4.261809e-01
4.261674e-01
4.261526e-01
4.261419e-01
4.261341e-01
4.261364e-01
4.261393e-01
4.261406e-01
4.261393e-01
4.261358e-01
4.261309e-01
4.261251e-01
4.261180e-01
4.261089e-01
4.260967e-01
4.260809e-01
4.260614e-01
4.260383e-01
4.260112e-01
4.259774e-01
4.259312e-01
4.258612e-01
4.257438e-01
4.255305e-01
4.251195e-01
4.243055e-01
4.227024e-01
4.196446e-01
4.141080e-01
4.047339e-01
3.901169e-01
3.694954e-01
3.435631e-01
3.156083e-01
2.908844e-01
2.737914e-01
2.660463e-01
2.644449e-01
2.643917e-01
2.644612e-01
2.646877e-01
2.650497e-01
2.653976e-01
2.655847e-01
2.656157e-01
2.656134e-01
2.656018e-01
2.655792e-01
2.655584e-01
2.655522e-01
2.655529e-01
2.655579e-01
2.655680e-01
2.655788e-01
2.655846e-01
2.655850e-01
2.655833e-01
2.655776e-01
2.655680e-01
2.655564e-01
2.655458e-01
2.655372e-01
2.655329e-01
2.655183e-01
2.654657e-01
2.651853e-01
2.637872e-01
2.566655e-01
2.225826e-01
1.544474e-01
1.263676e-01
1.250040e-01
1.250000e-01
1.250000e-01
1.250000e-01
1.250000e-01
1.250000e-01
1.250000e-01
1.250000e-01
1.250000e-01
1.250000e-01
1.250000e-01
1.250000e-01
1.250000e-01
1.250000e-01
1.250000e-01
1.250000e-01
1.250000e-01
1.250000e-01
1.250000e-01
1.250000e-01
1.250000e-01
1.250000e-01
1.250000e-01
1.250000e-01
1.250000e-01
1.250000e-01
1.250000e-01
1.250000e-01
1.250000e-01
1.250000e-01
1.250000e-01
1.250000e-01
1.250000e-01
1.250000e-01
1.250000e-01
1.250000e-01
1.250000e-01
1.250000e-01
1.250000e-01
1.250000e-01
1.250000e-01
1.250000e-01
1.250000e-01
1.250000e-01
1.250000e-01
1.250000e-01
1.250000e-01
1.250000e-01
1.250000e-01
1.250000e-01
1.250000e-01
1.250000e-01
1.250000e-01
1.250000e-01
1.250000e-01
1.250000e-01
1.250000e-01
1.250000e-01
1.250000e-01
1.250000e-01
1.250000e-01
1.250000e-01
1.250000e-01
1.250000e-01
1.250000e-01
1.250000e-01
1.250000e-01
1.250000e-01
1.250000e-01
1.250000e-01
1.250000e-01
1.250000e-01
1.250000e-01
1.250000e-01
1.250000e-01
1.250000e-01
1.250000e-01
1.250000e-01
1.250000e-01
1.250000e-01
1.250000e-01
1.250000e-01
1.250000e-01
1.250000e-01
1.250000e-01
1.250000e-01
1.250000e-01
1.250000e-01
1.250000e-01
1.250000e-01
1.250000e-01
1.250000e-01
1.250000e-01
1.250000e-01
1.250003e-01
1.250030e-01
1.250344e-01
1.253835e-01
1.289915e-01
1.549467e-01
2.208369e-01
2.565835e-01
2.637270e-01
2.652866e-01
2.655020e-01
2.655264e-01
2.655315e-01
2.655366e-01
2.655477e-01
2.655612e-01
2.655744e-01
2.655854e-01
2.655918e-01
2.655936e-01
2.655919e-01
2.655853e-01
2.655721e-01
2.655572e-01
2.655484e-01
2.655468e-01
2.655505e-01
2.655624e-01
2.655730e-01
2.655757e-01
2.655685e-01
2.655097e-01
2.653647e-01
2.652055e-01
2.651256e-01
2.651144e-01
2.652274e-01
2.661327e-01
2.696276e-01
2.783603e-01
2.942602e-01
3.167741e-01
3.428966e-01
3.680182e-01
3.887378e-01
4.038617e-01
4.136432e-01
4.193822e-01
4.224978e-01
4.240961e-01
4.248942e-01
4.252972e-01
4.255124e-01
4.256387e-01
4.257213e-01
4.257806e-01
4.258260e-01
4.258621e-01
4.258919e-01
4.259172e-01
4.259392e-01
4.259583e-01
4.259749e-01
4.259891e-01
4.260015e-01
4.260125e-01
4.260220e-01
4.260296e-01
4.260354e-01
4.260421e-01
4.260552e-01
4.260738e-01
4.260975e-01
4.261186e-01
4.261317e-01
4.261404e-01
4.261476e-01
4.261513e-01
4.261434e-01
4.260659e-01
4.259137e-01
4.258131e-01
4.259975e-01
