4.298452e-01
4.368108e-01
4.465888e-01
4.582412e-01
4.710286e-01
4.845529e-01
4.986360e-01
5.131872e-01
5.281647e-01
5.435321e-01
5.592760e-01
5.753745e-01
5.918354e-01
6.086545e-01
6.258286e-01
6.433589e-01
6.612404e-01
6.794558e-01
6.980045e-01
7.168803e-01
7.360721e-01
7.555661e-01
7.753439e-01
7.953794e-01
8.156312e-01
8.360543e-01
8.565795e-01
8.771117e-01
8.975157e-01
9.176028e-01
9.370676e-01
9.554661e-01
9.721453e-01
9.860333e-01
9.954218e-01
9.993238e-01
9.999734e-01
9.999998e-01
1.000000e+00
1.000000e+00
1.000000e+00
1.000000e+00
1.000000e+00
1.000000e+00
1.000000e+00
1.000000e+00
1.000000e+00
1.000000e+00
1.000000e+00
1.000000e+00
1.000000e+00
1.000000e+00
1.000000e+00
1.000000e+00
1.000000e+00
1.000000e+00
1.000000e+00
1.000000e+00
1.000000e+00
1.000000e+00
1.000000e+00
1.000000e+00
1.000000e+00
1.000000e+00
1.000000e+00
1.000000e+00
1.000000e+00
1.000000e+00
1.000000e+00
1.000000e+00
1.000000e+00
1.000000e+00
1.000000e+00
1.000000e+00
1.000000e+00
1.000000e+00
1.000000e+00
1.000000e+00
1.000000e+00
1.000000e+00
1.000000e+00
1.000000e+00
1.000000e+00
1.000000e+00
1.000000e+00
1.000000e+00
1.000000e+00
1.000000e+00
1.000000e+00
1.000000e+00
1.000000e+00
1.000000e+00
1.000000e+00
1.000000e+00
1.000000e+00
1.000000e+00
1.000000e+00
1.000000e+00
1.000000e+00
1.000000e+00
1.000000e+00
1.000000e+00
1.000000e+00
1.000000e+00
1.000000e+00
1.000000e+00
1.000000e+00
1.000000e+00
1.000000e+00
1.000000e+00
1.000000e+00
1.000000e+00
1.000000e+00
1.000000e+00
1.000000e+00
1.000000e+00
1.000000e+00
1.000000e+00
1.000000e+00
1.000000e+00
1.000000e+00
1.000000e+00
1.000000e+00
1.000000e+00
1.000000e+00
1.000000e+00
1.000000e+00
1.000000e+00
1.000000e+00
1.000000e+00
1.000000e+00
1.000000e+00
1.000000e+00
1.000000e+00
1.000000e+00
1.000000e+00
1.000000e+00
1.000000e+00
1.000000e+00
1.000000e+00
1.000000e+00
1.000000e+00
1.000000e+00
1.000000e+00
1.000000e+00
1.000000e+00
1.000000e+00
1.000000e+00
1.000000e+00
1.000000e+00
1.000000e+00
1.000000e+00
1.000000e+00
1.000000e+00
1.000000e+00
1.000000e+00
1.000000e+00
1.000000e+00
1.000000e+00
1.000000e+00
1.000000e+00
1.000000e+00
1.000000e+00
1.000000e+00
1.000000e+00
1.000000e+00
1.000000e+00
1.000000e+00
1.000000e+00
1.000000e+00
1.000000e+00
1.000000e+00
1.000000e+00
1.000000e+00
1.000000e+00
1.000000e+00
1.000000e+00
1.000000e+00
1.000000e+00
1.000000e+00
1.000000e+00
1.000000e+00
1.000000e+00
1.000000e+00
1.000000e+00
1.000000e+00
1.000000e+00
1.000000e+00
1.000000e+00
1.000000e+00
1.000000e+00
1.000000e+00
1.000000e+00
1.000000e+00
1.000000e+00
1.000000e+00
1.000000e+00
1.000000e+00
1.000000e+00
1.000000e+00
1.000000e+00
1.000000e+00
1.000000e+00
1.000000e+00
1.000000e+00
1.000000e+00
1.000000e+00
1.000000e+00
1.000000e+00
1.000000e+00
1.000000e+00
1.000000e+00
1.000000e+00
1.000000e+00
1.000000e+00
9.999999e-01
9.999993e-01
9.999959e-01
9.999763e-01
9.998708e-01
9.993570e-01
9.972998e-01
9.912810e-01
9.792254e-01
9.618624e-01
9.415677e-01
9.201713e-01
8.985428e-01
8.769830e-01
8.556082e-01
8.344891e-01
8.136658e-01
7.931630e-01
7.729919e-01
7.531677e-01
7.336970e-01
7.145817e-01
6.958236e-01
6.774245e-01
6.593813e-01
6.416913e-01
6.243658e-01
6.074064e-01
5.908108e-01
5.745799e-01
5.587157e-01
5.432118e-01
5.280905e-01
5.133707e-01
4.990931e-01
4.853109e-01
4.721301e-01
4.597193e-01
4.484340e-01
4.388509e-01
4.317085e-01
4.274685e-01
4.258127e-01
4.254862e-01
4.257214e-01
4.259866e-01
4.260812e-01
4.260840e-01
4.260701e-01
4.260476e-01
4.260189e-01
4.259829e-01
4.259417e-01
4.259000e-01
4.258564e-01
4.257955e-01
4.257007e-01
4.255515e-01
4.252943e-01
4.247797e-01
4.236463e-01
4.211347e-01
4.158823e-01
4.058656e-01
3.888364e-01
3.636348e-01
3.320637e-01
3.007166e-01
2.773184e-01
2.661698e-01
2.638195e-01
2.637585e-01
2.639232e-01
2.643869e-01
2.650059e-01
2.654546e-01
2.656182e-01
2.656404e-01
2.656379e-01
2.656207e-01
2.655916e-01
2.655633e-01
2.655468e-01
2.655291e-01
2.654840e-01
2.652358e-01
2.639815e-01
2.576190e-01
2.266125e-01
1.586462e-01
1.268533e-01
1.250067e-01
1.250000e-01
1.250000e-01
1.250000e-01
1.250000e-01
1.250000e-01
1.250000e-01
1.250000e-01
1.250000e-01
1.250000e-01
1.250000e-01
1.250000e-01
1.250000e-01
1.250000e-01
1.250000e-01
1.250000e-01
1.250000e-01
1.250000e-01
1.250000e-01
1.250000e-01
1.250000e-01
1.250000e-01
1.250000e-01
1.250000e-01
1.250000e-01
1.250000e-01
1.250000e-01
1.250000e-01
1.250000e-01
1.250000e-01
1.250000e-01
1.250000e-01
1.250000e-01
1.250000e-01
1.250000e-01
1.250000e-01
1.250000e-01
1.250000e-01
1.250000e-01
1.250000e-01
1.250000e-01
1.250000e-01
1.250000e-01
1.250000e-01
1.250000e-01
1.250000e-01
1.250000e-01
1.250000e-01
1.250000e-01
1.250000e-01
1.250000e-01
1.250000e-01
1.250000e-01
1.250000e-01
1.250000e-01
1.250000e-01
1.250000e-01
1.250000e-01
1.250000e-01
1.250000e-01
1.250000e-01
1.250000e-01
1.250000e-01
1.250000e-01
1.250000e-01
1.250000e-01
1.250000e-01
1.250000e-01
1.250000e-01
1.250000e-01
1.250000e-01
1.250000e-01
1.250000e-01
1.250000e-01
1.250000e-01
1.250000e-01
1.250000e-01
1.250000e-01
1.250000e-01
1.250000e-01
1.250000e-01
1.250000e-01
1.250000e-01
1.250000e-01
1.250000e-01
1.250000e-01
1.250000e-01
1.250000e-01
1.250000e-01
1.250000e-01
1.250000e-01
1.250000e-01
1.250000e-01
1.250000e-01
1.250000e-01
1.250000e-01
1.250000e-01
1.250000e-01
1.250000e-01
1.250000e-01
1.250000e-01
1.250000e-01
1.250000e-01
1.250000e-01
1.250000e-01
1.250000e-01
1.250000e-01
1.250000e-01
1.250000e-01
1.250000e-01
1.250000e-01
1.250000e-01
1.250000e-01
1.250000e-01
1.250000e-01
1.250000e-01
1.250000e-01
1.250000e-01
1.250000e-01
1.250000e-01
1.250000e-01
1.250000e-01
1.250000e-01
1.250000e-01
1.250000e-01
1.250000e-01
1.250000e-01
1.250000e-01
1.250000e-01
1.250000e-01
1.250000e-01
1.250000e-01
1.250000e-01
1.250000e-01
1.250000e-01
1.250000e-01
1.250000e-01
1.250000e-01
1.250000e-01
1.250000e-01
1.250000e-01
1.250000e-01
1.250000e-01
1.250000e-01
1.250000e-01
1.250000e-01
1.250000e-01
1.250000e-01
1.250000e-01
1.250000e-01
1.250000e-01
1.250000e-01
1.250003e-01
1.250036e-01
1.250410e-01
1.254553e-01
1.296852e-01
1.586451e-01
2.251506e-01
2.574757e-01
2.639793e-01
2.653549e-01
2.655286e-01
2.655360e-01
2.655325e-01
2.655381e-01
2.655605e-01
2.655872e-01
2.656015e-01
2.656011e-01
2.655641e-01
2.653955e-01
2.650397e-01
2.647060e-01
2.645825e-01
2.646041e-01
2.653550e-01
2.694060e-01
2.812871e-01
3.032796e-01
3.327120e-01
3.630856e-01
3.880261e-01
4.053529e-01
4.155989e-01
4.209093e-01
4.234026e-01
4.245139e-01
4.250240e-01
4.252909e-01
4.254556e-01
4.255689e-01
4.256543e-01
4.257292e-01
4.257994e-01
4.258606e-01
4.259021e-01
4.259270e-01
4.259451e-01
4.259861e-01
4.260213e-01
4.260196e-01
4.258259e-01
4.254678e-01
4.253262e-01
4.263141e-01
