4.304337e-01
4.381609e-01
4.488284e-01
4.614113e-01
4.751508e-01
4.896367e-01
5.047338e-01
5.203391e-01
5.364030e-01
5.528896e-01
5.697972e-01
5.870944e-01
6.047977e-01
6.228980e-01
6.413945e-01
6.602822e-01
6.795415e-01
6.991686e-01
7.191566e-01
7.394897e-01
7.601498e-01
7.811171e-01
8.023450e-01
8.237898e-01
8.453829e-01
8.670292e-01
8.885932e-01
9.098840e-01
9.306024e-01
9.502919e-01
9.682856e-01
9.835118e-01
9.942074e-01
9.990316e-01
9.999538e-01
9.999997e-01
1.000000e+00
1.000000e+00
1.000000e+00
1.000000e+00
1.000000e+00
1.000000e+00
1.000000e+00
1.000000e+00
1.000000e+00
1.000000e+00
1.000000e+00
1.000000e+00
1.000000e+00
1.000000e+00
1.000000e+00
1.000000e+00
1.000000e+00
1.000000e+00
1.000000e+00
1.000000e+00
1.000000e+00
1.000000e+00
1.000000e+00
1.000000e+00
1.000000e+00
1.000000e+00
1.000000e+00
1.000000e+00
1.000000e+00
1.000000e+00
1.000000e+00
1.000000e+00
1.000000e+00
1.000000e+00
1.000000e+00
1.000000e+00
1.000000e+00
1.000000e+00
1.000000e+00
1.000000e+00
1.000000e+00
1.000000e+00
1.000000e+00
1.000000e+00
1.000000e+00
1.000000e+00
1.000000e+00
1.000000e+00
1.000000e+00
1.000000e+00
1.000000e+00
1.000000e+00
1.000000e+00
1.000000e+00
1.000000e+00
1.000000e+00
1.000000e+00
1.000000e+00
1.000000e+00
1.000000e+00
1.000000e+00
1.000000e+00
1.000000e+00
1.000000e+00
1.000000e+00
1.000000e+00
1.000000e+00
1.000000e+00
1.000000e+00
1.000000e+00
1.000000e+00
1.000000e+00
1.000000e+00
1.000000e+00
1.000000e+00
1.000000e+00
1.000000e+00
1.000000e+00
1.000000e+00
1.000000e+00
1.000000e+00
1.000000e+00
1.000000e+00
1.000000e+00
1.000000e+00
1.000000e+00
1.000000e+00
1.000000e+00
1.000000e+00
1.000000e+00
1.000000e+00
1.000000e+00
1.000000e+00
1.000000e+00
1.000000e+00
1.000000e+00
1.000000e+00
1.000000e+00
1.000000e+00
1.000000e+00
1.000000e+00
1.000000e+00
1.000000e+00
1.000000e+00
1.000000e+00
1.000000e+00
1.000000e+00
1.000000e+00
1.000000e+00
1.000000e+00
1.000000e+00
1.000000e+00
1.000000e+00
1.000000e+00
1.000000e+00
1.000000e+00
1.000000e+00
1.000000e+00
1.000000e+00
1.000000e+00
1.000000e+00
1.000000e+00
1.000000e+00
1.000000e+00
1.000000e+00
1.000000e+00
1.000000e+00
1.000000e+00
1.000000e+00
1.000000e+00
1.000000e+00
1.000000e+00
1.000000e+00
1.000000e+00
1.000000e+00
1.000000e+00
1.000000e+00
1.000000e+00
1.000000e+00
1.000000e+00
1.000000e+00
1.000000e+00
1.000000e+00
1.000000e+00
1.000000e+00
1.000000e+00
1.000000e+00
1.000000e+00
1.000000e+00
1.000000e+00
1.000000e+00
1.000000e+00
1.000000e+00
1.000000e+00
1.000000e+00
1.000000e+00
1.000000e+00
1.000000e+00
1.000000e+00
1.000000e+00
1.000000e+00
1.000000e+00
1.000000e+00
1.000000e+00
1.000000e+00
1.000000e+00
1.000000e+00
1.000000e+00
1.000000e+00
1.000000e+00
1.000000e+00
1.000000e+00
1.000000e+00
1.000000e+00
1.000000e+00
1.000000e+00
1.000000e+00
1.000000e+00
1.000000e+00
1.000000e+00
1.000000e+00
9.999998e-01
9.999991e-01
9.999945e-01
9.999682e-01
9.998265e-01
9.991470e-01
9.965175e-01
9.892218e-01
9.754158e-01
9.563638e-01
9.346262e-01
9.119758e-01
8.891885e-01
8.665234e-01
8.440924e-01
8.219634e-01
8.001752e-01
7.787506e-01
7.576995e-01
7.370424e-01
7.167786e-01
6.969108e-01
6.774423e-01
6.583694e-01
6.396909e-01
6.214197e-01
6.035565e-01
5.861012e-01
5.690580e-01
5.524122e-01
5.361925e-01
5.204068e-01
5.050941e-01
4.903182e-01
4.761893e-01
4.628478e-01
4.506717e-01
4.402576e-01
4.324121e-01
4.276728e-01
4.257862e-01
4.254189e-01
4.256826e-01
4.259762e-01
4.260613e-01
4.260547e-01
4.260309e-01
4.260078e-01
4.259841e-01
4.259494e-01
4.258977e-01
4.258308e-01
4.257467e-01
4.256329e-01
4.254608e-01
4.251519e-01
4.244991e-01
4.230143e-01
4.197059e-01
4.128788e-01
4.002124e-01
3.795757e-01
3.507338e-01
3.176567e-01
2.885648e-01
2.704549e-01
2.642991e-01
2.636367e-01
2.637085e-01
2.640529e-01
2.646763e-01
2.652724e-01
2.655812e-01
2.656596e-01
2.656665e-01
2.656530e-01
2.656177e-01
2.655719e-01
2.655324e-01
2.654783e-01
2.653203e-01
2.645573e-01
2.607327e-01
2.411524e-01
1.795914e-01
1.309227e-01
1.250537e-01
1.250000e-01
1.250000e-01
1.250000e-01
1.250000e-01
1.250000e-01
1.250000e-01
1.250000e-01
1.250000e-01
1.250000e-01
1.250000e-01
1.250000e-01
1.250000e-01
1.250000e-01
1.250000e-01
1.250000e-01
1.250000e-01
1.250000e-01
1.250000e-01
1.250000e-01
1.250000e-01
1.250000e-01
1.250000e-01
1.250000e-01
1.250000e-01
1.250000e-01
1.250000e-01
1.250000e-01
1.250000e-01
1.250000e-01
1.250000e-01
1.250000e-01
1.250000e-01
1.250000e-01
1.250000e-01
1.250000e-01
1.250000e-01
1.250000e-01
1.250000e-01
1.250000e-01
1.250000e-01
1.250000e-01
1.250000e-01
1.250000e-01
1.250000e-01
1.250000e-01
1.250000e-01
1.250000e-01
1.250000e-01
1.250000e-01
1.250000e-01
1.250000e-01
1.250000e-01
1.250000e-01
1.250000e-01
1.250000e-01
1.250000e-01
1.250000e-01
1.250000e-01
1.250000e-01
1.250000e-01
1.250000e-01
1.250000e-01
1.250000e-01
1.250000e-01
1.250000e-01
1.250000e-01
1.250000e-01
1.250000e-01
1.250000e-01
1.250000e-01
1.250000e-01
1.250000e-01
1.250000e-01
1.250000e-01
1.250000e-01
1.250000e-01
1.250000e-01
1.250000e-01
1.250000e-01
1.250000e-01
1.250000e-01
1.250000e-01
1.250000e-01
1.250000e-01
1.250000e-01
1.250000e-01
1.250000e-01
1.250000e-01
1.250000e-01
1.250000e-01
1.250000e-01
1.250000e-01
1.250000e-01
1.250000e-01
1.250000e-01
1.250000e-01
1.250000e-01
1.250000e-01
1.250000e-01
1.250000e-01
1.250000e-01
1.250000e-01
1.250000e-01
1.250000e-01
1.250000e-01
1.250000e-01
1.250000e-01
1.250000e-01
1.250000e-01
1.250000e-01
1.250000e-01
1.250000e-01
1.250000e-01
1.250000e-01
1.250000e-01
1.250000e-01
1.250000e-01
1.250000e-01
1.250000e-01
1.250000e-01
1.250000e-01
1.250000e-01
1.250000e-01
1.250000e-01
1.250000e-01
1.250000e-01
1.250000e-01
1.250000e-01
1.250000e-01
1.250000e-01
1.250000e-01
1.250000e-01
1.250000e-01
1.250000e-01
1.250000e-01
1.250000e-01
1.250000e-01
1.250000e-01
1.250000e-01
1.250000e-01
1.250000e-01
1.250000e-01
1.250000e-01
1.250000e-01
1.250000e-01
1.250000e-01
1.250000e-01
1.250000e-01
1.250000e-01
1.250000e-01
1.250000e-01
1.250000e-01
1.250000e-01
1.250000e-01
1.250000e-01
1.250000e-01
1.250001e-01
1.250007e-01
1.250077e-01
1.250867e-01
1.259521e-01
1.341946e-01
1.777221e-01
2.407998e-01
2.603908e-01
2.646350e-01
2.653871e-01
2.654898e-01
2.655185e-01
2.655536e-01
2.656011e-01
2.656346e-01
2.656401e-01
2.656159e-01
2.655064e-01
2.652166e-01
2.647948e-01
2.645247e-01
2.644677e-01
2.646858e-01
2.666471e-01
2.742768e-01
2.919244e-01
3.191802e-01
3.506792e-01
3.788627e-01
3.996242e-01
4.125550e-01
4.194749e-01
4.227725e-01
4.242326e-01
4.248805e-01
4.251988e-01
4.253865e-01
4.255227e-01
4.256361e-01
4.257316e-01
4.258051e-01
4.258512e-01
4.258779e-01
4.259000e-01
4.259523e-01
4.259984e-01
4.259996e-01
4.257861e-01
4.253888e-01
4.252433e-01
4.264022e-01
