4.261728e-01
4.265395e-01
4.274985e-01
4.292628e-01
4.318813e-01
4.352520e-01
4.391918e-01
4.435341e-01
4.481503e-01
4.529561e-01
4.578989e-01
4.629472e-01
4.680820e-01
4.732906e-01
4.785628e-01
4.839002e-01
4.892972e-01
4.947525e-01
5.002644e-01
5.058333e-01
5.114585e-01
5.171387e-01
5.228728e-01
5.286604e-01
5.345014e-01
5.403956e-01
5.463432e-01
5.523444e-01
5.583979e-01
5.645052e-01
5.706633e-01
5.768758e-01
5.831420e-01
5.894621e-01
5.958363e-01
6.022647e-01
6.087474e-01
6.152846e-01
6.218761e-01
6.285227e-01
6.352245e-01
6.419817e-01
6.487940e-01
6.556615e-01
6.625846e-01
6.695626e-01
6.765953e-01
6.836838e-01
6.908278e-01
6.980275e-01
7.052829e-01
7.125939e-01
7.199605e-01
7.273827e-01
7.348603e-01
7.423931e-01
7.499809e-01
7.576234e-01
7.653201e-01
7.730708e-01
7.808754e-01
7.887328e-01
7.966419e-01
8.046021e-01
8.126121e-01
8.206708e-01
8.287764e-01
8.369271e-01
8.451207e-01
8.533544e-01
8.616250e-01
8.699285e-01
8.782601e-01
8.866140e-01
8.949830e-01
9.033579e-01
9.117278e-01
9.200796e-01
9.283937e-01
9.366475e-01
9.448101e-01
9.528410e-01
9.606860e-01
9.682738e-01
9.755109e-01
9.822724e-01
9.883865e-01
9.935889e-01
9.974331e-01
9.994441e-01
9.999590e-01
9.999994e-01
1.000000e+00
1.000000e+00
1.000000e+00
1.000000e+00
1.000000e+00
1.000000e+00
1.000000e+00
1.000000e+00
1.000000e+00
1.000000e+00
1.000000e+00
1.000000e+00
1.000000e+00
1.000000e+00
1.000000e+00
1.000000e+00
1.000000e+00
1.000000e+00
1.000000e+00
1.000000e+00
1.000000e+00
1.000000e+00
1.000000e+00
1.000000e+00
1.000000e+00
1.000000e+00
1.000000e+00
1.000000e+00
1.000000e+00
1.000000e+00
1.000000e+00
1.000000e+00
1.000000e+00
1.000000e+00
1.000000e+00
1.000000e+00
1.000000e+00
1.000000e+00
1.000000e+00
1.000000e+00
1.000000e+00
1.000000e+00
1.000000e+00
1.000000e+00
1.000000e+00
1.000000e+00
1.000000e+00
1.000000e+00
1.000000e+00
1.000000e+00
1.000000e+00
1.000000e+00
1.000000e+00
1.000000e+00
1.000000e+00
1.000000e+00
1.000000e+00
1.000000e+00
1.000000e+00
1.000000e+00
1.000000e+00
1.000000e+00
1.000000e+00
1.000000e+00
1.000000e+00
1.000000e+00
1.000000e+00
1.000000e+00
1.000000e+00
1.000000e+00
9.999998e-01
9.999990e-01
9.999947e-01
9.999731e-01
9.998703e-01
9.994431e-01
9.980387e-01
9.946984e-01
9.890281e-01
9.816110e-01
9.732870e-01
9.646005e-01
9.558050e-01
9.469888e-01
9.381787e-01
9.293894e-01
9.206306e-01
9.119084e-01
9.032291e-01
8.945959e-01
8.860111e-01
8.774769e-01
8.689951e-01
8.605672e-01
8.521943e-01
8.438772e-01
8.356168e-01
8.274135e-01
8.192677e-01
8.111797e-01
8.031498e-01
7.951780e-01
7.872647e-01
7.794094e-01
7.716127e-01
7.638749e-01
7.561953e-01
7.485740e-01
7.410106e-01
7.335052e-01
7.260577e-01
7.186677e-01
7.113353e-01
7.040602e-01
6.968422e-01
6.896812e-01
6.825768e-01
6.755291e-01
6.685378e-01
6.616015e-01
6.547209e-01
6.478962e-01
6.411269e-01
6.344129e-01
6.277547e-01
6.211518e-01
6.146039e-01
6.081106e-01
6.016715e-01
5.952868e-01
5.889562e-01
5.826796e-01
5.764568e-01
5.702878e-01
5.641728e-01
5.581088e-01
5.520983e-01
5.461403e-01
5.402359e-01
5.343849e-01
5.285876e-01
5.228440e-01
5.171546e-01
5.115199e-01
5.059415e-01
5.004209e-01
4.949594e-01
4.895575e-01
4.842173e-01
4.789418e-01
4.737367e-01
4.686025e-01
4.635511e-01
4.585952e-01
4.537541e-01
4.490571e-01
4.445500e-01
4.403021e-01
4.364140e-01
4.330173e-01
4.302576e-01
4.282453e-01
4.269913e-01
4.263630e-01
4.261424e-01
4.260975e-01
4.261210e-01
4.261682e-01
4.262053e-01
4.262214e-01
4.262226e-01
4.262189e-01
4.262121e-01
4.262067e-01
4.262040e-01
4.262049e-01
4.262095e-01
4.262162e-01
4.262224e-01
4.262272e-01
4.262308e-01
4.262335e-01
4.262358e-01
4.262380e-01
4.262401e-01
4.262422e-01
4.262442e-01
4.262459e-01
4.262472e-01
4.262479e-01
4.262481e-01
4.262478e-01
4.262470e-01
4.262458e-01
4.262443e-01
4.262425e-01
4.262403e-01
4.262378e-01
4.262349e-01
4.262315e-01
4.262277e-01
4.262232e-01
4.262182e-01
4.262127e-01
4.262065e-01
4.261997e-01
4.261923e-01
4.261841e-01
4.261750e-01
4.261649e-01
4.261533e-01
4.261401e-01
4.261246e-01
4.261066e-01
4.260851e-01
4.260590e-01
4.260255e-01
4.259790e-01
4.259084e-01
4.257916e-01
4.255865e-01
4.252148e-01
4.245384e-01
4.233246e-01
4.212052e-01
4.176387e-01
4.118985e-01
4.031251e-01
3.905084e-01
3.736382e-01
3.528016e-01
3.294419e-01
3.064919e-01
2.870335e-01
2.734813e-01
2.667740e-01
2.650039e-01
2.648640e-01
2.648772e-01
2.649446e-01
2.650887e-01
2.652839e-01
2.654609e-01
2.655600e-01
2.655845e-01
2.655856e-01
2.655844e-01
2.655812e-01
2.655784e-01
2.655781e-01
2.655786e-01
2.655806e-01
2.655836e-01
2.655851e-01
2.655850e-01
2.655842e-01
2.655822e-01
2.655788e-01
2.655744e-01
2.655703e-01
2.655675e-01
2.655669e-01
2.655670e-01
2.655673e-01
2.655680e-01
2.655688e-01
2.655696e-01
2.655702e-01
2.655705e-01
2.655706e-01
2.655706e-01
2.655707e-01
2.655709e-01
2.655710e-01
2.655711e-01
2.655709e-01
2.655706e-01
2.655700e-01
2.655690e-01
2.655677e-01
2.655660e-01
2.655646e-01
2.655625e-01
2.655622e-01
2.655561e-01
2.655420e-01
2.654601e-01
2.650629e-01
2.630568e-01
2.527025e-01
2.084078e-01
1.474040e-01
1.464749e-01
2.057987e-01
2.528491e-01
2.628865e-01
2.651749e-01
2.655129e-01
2.655573e-01
2.655628e-01
2.655649e-01
2.655654e-01
2.655666e-01
2.655676e-01
2.655685e-01
2.655696e-01
2.655705e-01
2.655712e-01
2.655716e-01
2.655721e-01
2.655730e-01
2.655742e-01
2.655752e-01
2.655755e-01
2.655754e-01
2.655752e-01
2.655747e-01
2.655735e-01
2.655716e-01
2.655695e-01
2.655678e-01
2.655671e-01
2.655672e-01
2.655681e-01
2.655708e-01
2.655760e-01
2.655829e-01
2.655890e-01
2.655929e-01
2.655946e-01
2.655950e-01
2.655942e-01
2.655900e-01
2.655832e-01
2.655771e-01
2.655727e-01
2.655693e-01
2.655655e-01
2.655580e-01
2.655393e-01
2.655014e-01
2.654527e-01
2.654174e-01
2.654053e-01
2.654071e-01
2.654755e-01
2.658857e-01
2.673520e-01
2.711150e-01
2.786805e-01
2.911156e-01
3.083283e-01
3.290717e-01
3.509924e-01
3.713753e-01
3.885309e-01
4.017436e-01
4.110532e-01
4.171500e-01
4.209059e-01
4.231036e-01
4.243398e-01
4.250182e-01
4.253886e-01
4.255950e-01
4.257163e-01
4.257936e-01
4.258478e-01
4.258895e-01
4.259237e-01
4.259527e-01
4.259780e-01
4.260002e-01
4.260200e-01
4.260378e-01
4.260537e-01
4.260679e-01
4.260807e-01
4.260924e-01
4.261030e-01
4.261128e-01
4.261219e-01
4.261302e-01
4.261378e-01
4.261445e-01
4.261503e-01
4.261552e-01
4.261592e-01
4.261627e-01
4.261658e-01
4.261687e-01
4.261711e-01
4.261729e-01
4.261741e-01
4.261744e-01
4.261739e-01
4.261728e-01
4.261714e-01
4.261699e-01
4.261687e-01
4.261678e-01
4.261670e-01
4.261664e-01
4.261656e-01
4.261644e-01
4.261626e-01
4.261611e-01
4.261610e-01
4.261639e-01
4.261695e-01
4.261796e-01
4.261936e-01
4.262078e-01
4.262174e-01
4.262197e-01
4.262179e-01
4.261954e-01
4.261455e-01
4.260991e-01
4.260883e-01
