4.261940e-01
4.267653e-01
4.280636e-01
4.303287e-01
4.335216e-01
4.374814e-01
4.419947e-01
4.468864e-01
4.520340e-01
4.573608e-01
4.628209e-01
4.683870e-01
4.740431e-01
4.797750e-01
4.855841e-01
4.914639e-01
4.974129e-01
5.034292e-01
5.095125e-01
5.156628e-01
5.218765e-01
5.281538e-01
5.344944e-01
5.408980e-01
5.473644e-01
5.538941e-01
5.604866e-01
5.671396e-01
5.738554e-01
5.806346e-01
5.874774e-01
5.943838e-01
6.013539e-01
6.083879e-01
6.154861e-01
6.226483e-01
6.298750e-01
6.371671e-01
6.445241e-01
6.519458e-01
6.594319e-01
6.669844e-01
6.745994e-01
6.822802e-01
6.900259e-01
6.978369e-01
7.057130e-01
7.136542e-01
7.216604e-01
7.297314e-01
7.378670e-01
7.460670e-01
7.543307e-01
7.626579e-01
7.710478e-01
7.795002e-01
7.880143e-01
7.965879e-01
8.052206e-01
8.139104e-01
8.226556e-01
8.314539e-01
8.403025e-01
8.491981e-01
8.581367e-01
8.671134e-01
8.761221e-01
8.851555e-01
8.942043e-01
9.032567e-01
9.122985e-01
9.213118e-01
9.302708e-01
9.391444e-01
9.478898e-01
9.564499e-01
9.647481e-01
9.726836e-01
9.801218e-01
9.868761e-01
9.926604e-01
9.969903e-01
9.993191e-01
9.999460e-01
9.999991e-01
1.000000e+00
1.000000e+00
1.000000e+00
1.000000e+00
1.000000e+00
1.000000e+00
1.000000e+00
1.000000e+00
1.000000e+00
1.000000e+00
1.000000e+00
1.000000e+00
1.000000e+00
1.000000e+00
1.000000e+00
1.000000e+00
1.000000e+00
1.000000e+00
1.000000e+00
1.000000e+00
1.000000e+00
1.000000e+00
1.000000e+00
1.000000e+00
1.000000e+00
1.000000e+00
1.000000e+00
1.000000e+00
1.000000e+00
1.000000e+00
1.000000e+00
1.000000e+00
1.000000e+00
1.000000e+00
1.000000e+00
1.000000e+00
1.000000e+00
1.000000e+00
1.000000e+00
1.000000e+00
1.000000e+00
1.000000e+00
1.000000e+00
1.000000e+00
1.000000e+00
1.000000e+00
1.000000e+00
1.000000e+00
1.000000e+00
1.000000e+00
1.000000e+00
1.000000e+00
1.000000e+00
1.000000e+00
1.000000e+00
1.000000e+00
1.000000e+00
1.000000e+00
1.000000e+00
1.000000e+00
1.000000e+00
1.000000e+00
1.000000e+00
1.000000e+00
1.000000e+00
1.000000e+00
1.000000e+00
1.000000e+00
1.000000e+00
1.000000e+00
1.000000e+00
1.000000e+00
1.000000e+00
1.000000e+00
1.000000e+00
1.000000e+00
1.000000e+00
1.000000e+00
1.000000e+00
1.000000e+00
1.000000e+00
1.000000e+00
1.000000e+00
1.000000e+00
9.999997e-01
9.999986e-01
9.999925e-01
9.999620e-01
9.998188e-01
9.992414e-01
9.974335e-01
9.933823e-01
9.868582e-01
9.786126e-01
9.695175e-01
9.600958e-01
9.505814e-01
9.410520e-01
9.315344e-01
9.220451e-01
9.125944e-01
9.031906e-01
8.938392e-01
8.845431e-01
8.753053e-01
8.661282e-01
8.570138e-01
8.479636e-01
8.389786e-01
8.300598e-01
8.212079e-01
8.124232e-01
8.037062e-01
7.950571e-01
7.864764e-01
7.779631e-01
7.695190e-01
7.611434e-01
7.528360e-01
7.445968e-01
7.364255e-01
7.283220e-01
7.202862e-01
7.123178e-01
7.044168e-01
6.965828e-01
6.888157e-01
6.811151e-01
6.734809e-01
6.659131e-01
6.584088e-01
6.509712e-01
6.435987e-01
6.362914e-01
6.290492e-01
6.218726e-01
6.147608e-01
6.077130e-01
6.007293e-01
5.938095e-01
5.869535e-01
5.801611e-01
5.734321e-01
5.667665e-01
5.601635e-01
5.536212e-01
5.471415e-01
5.407252e-01
5.343720e-01
5.280822e-01
5.218562e-01
5.156946e-01
5.095979e-01
5.035698e-01
4.976109e-01
4.917224e-01
4.859071e-01
4.801686e-01
4.745130e-01
4.689428e-01
4.634727e-01
4.581192e-01
4.529094e-01
4.478846e-01
4.431098e-01
4.386830e-01
4.347411e-01
4.314497e-01
4.289601e-01
4.273355e-01
4.264742e-01
4.261486e-01
4.260762e-01
4.260933e-01
4.261467e-01
4.261948e-01
4.262170e-01
4.262195e-01
4.262167e-01
4.262093e-01
4.262023e-01
4.261989e-01
4.261971e-01
4.262010e-01
4.262069e-01
4.262128e-01
4.262175e-01
4.262212e-01
4.262241e-01
4.262264e-01
4.262283e-01
4.262298e-01
4.262311e-01
4.262323e-01
4.262335e-01
4.262343e-01
4.262346e-01
4.262343e-01
4.262333e-01
4.262315e-01
4.262292e-01
4.262264e-01
4.262232e-01
4.262197e-01
4.262157e-01
4.262111e-01
4.262056e-01
4.261992e-01
4.261917e-01
4.261831e-01
4.261735e-01
4.261628e-01
4.261507e-01
4.261368e-01
4.261207e-01
4.261017e-01
4.260790e-01
4.260515e-01
4.260163e-01
4.259677e-01
4.258938e-01
4.257707e-01
4.255519e-01
4.251500e-01
4.244083e-01
4.230609e-01
4.206844e-01
4.166561e-01
4.101503e-01
4.002182e-01
3.860486e-01
3.673663e-01
3.448046e-01
3.205116e-01
2.979553e-01
2.802491e-01
2.695224e-01
2.654560e-01
2.648110e-01
2.648016e-01
2.648437e-01
2.649695e-01
2.651734e-01
2.653890e-01
2.655361e-01
2.655855e-01
2.655889e-01
2.655876e-01
2.655830e-01
2.655771e-01
2.655746e-01
2.655748e-01
2.655765e-01
2.655802e-01
2.655841e-01
2.655858e-01
2.655857e-01
2.655847e-01
2.655820e-01
2.655776e-01
2.655724e-01
2.655680e-01
2.655655e-01
2.655646e-01
2.655644e-01
2.655648e-01
2.655658e-01
2.655671e-01
2.655685e-01
2.655696e-01
2.655702e-01
2.655704e-01
2.655703e-01
2.655700e-01
2.655692e-01
2.655679e-01
2.655664e-01
2.655652e-01
2.655648e-01
2.655637e-01
2.655636e-01
2.655574e-01
2.655410e-01
2.654458e-01
2.649866e-01
2.626820e-01
2.508970e-01
2.024250e-01
1.398129e-01
1.253175e-01
1.250004e-01
1.250000e-01
1.250000e-01
1.250000e-01
1.250000e-01
1.250000e-01
1.250000e-01
1.250000e-01
1.250000e-01
1.250000e-01
1.250000e-01
1.250000e-01
1.250000e-01
1.250000e-01
1.250001e-01
1.250014e-01
1.250164e-01
1.251839e-01
1.269794e-01
1.422631e-01
1.999141e-01
2.509705e-01
2.624333e-01
2.650944e-01
2.655006e-01
2.655526e-01
2.655601e-01
2.655625e-01
2.655637e-01
2.655661e-01
2.655686e-01
2.655706e-01
2.655719e-01
2.655723e-01
2.655723e-01
2.655721e-01
2.655719e-01
2.655716e-01
2.655715e-01
2.655714e-01
2.655709e-01
2.655699e-01
2.655685e-01
2.655674e-01
2.655668e-01
2.655667e-01
2.655675e-01
2.655711e-01
2.655779e-01
2.655854e-01
2.655915e-01
2.655951e-01
2.655966e-01
2.655968e-01
2.655940e-01
2.655858e-01
2.655776e-01
2.655718e-01
2.655680e-01
2.655653e-01
2.655622e-01
2.655545e-01
2.655304e-01
2.654798e-01
2.654204e-01
2.653832e-01
2.653733e-01
2.653834e-01
2.655359e-01
2.663074e-01
2.687586e-01
2.744576e-01
2.849451e-01
3.007449e-01
3.209655e-01
3.434878e-01
3.652732e-01
3.840419e-01
3.987595e-01
4.092521e-01
4.161437e-01
4.203787e-01
4.228390e-01
4.242082e-01
4.249498e-01
4.253491e-01
4.255689e-01
4.256968e-01
4.257780e-01
4.258353e-01
4.258796e-01
4.259161e-01
4.259471e-01
4.259738e-01
4.259971e-01
4.260176e-01
4.260357e-01
4.260518e-01
4.260663e-01
4.260793e-01
4.260911e-01
4.261015e-01
4.261105e-01
4.261181e-01
4.261246e-01
4.261303e-01
4.261355e-01
4.261402e-01
4.261443e-01
4.261476e-01
4.261500e-01
4.261514e-01
4.261518e-01
4.261516e-01
4.261511e-01
4.261508e-01
4.261507e-01
4.261508e-01
4.261510e-01
4.261510e-01
4.261509e-01
4.261501e-01
4.261484e-01
4.261471e-01
4.261493e-01
4.261535e-01
4.261616e-01
4.261741e-01
4.261892e-01
4.262023e-01
4.262099e-01
4.262116e-01
4.262091e-01
4.261804e-01
4.261175e-01
4.260643e-01
4.260686e-01
