4.261639e-01
4.264754e-01
4.273222e-01
4.289109e-01
4.313285e-01
4.344843e-01
4.382157e-01
4.423575e-01
4.467812e-01
4.513995e-01
4.561577e-01
4.610222e-01
4.659724e-01
4.709942e-01
4.760796e-01
4.812249e-01
4.864279e-01
4.916866e-01
4.969990e-01
5.023639e-01
5.077820e-01
5.132531e-01
5.187749e-01
5.243472e-01
5.299696e-01
5.356422e-01
5.413647e-01
5.471373e-01
5.529603e-01
5.588324e-01
5.647547e-01
5.707252e-01
5.767466e-01
5.828185e-01
5.889411e-01
5.951145e-01
6.013389e-01
6.076143e-01
6.139408e-01
6.203186e-01
6.267480e-01
6.332290e-01
6.397625e-01
6.463477e-01
6.529849e-01
6.596737e-01
6.664158e-01
6.732082e-01
6.800532e-01
6.869505e-01
6.939002e-01
7.009023e-01
7.079569e-01
7.150639e-01
7.222234e-01
7.294351e-01
7.366991e-01
7.440151e-01
7.513830e-01
7.588024e-01
7.662730e-01
7.737945e-01
7.813671e-01
7.889893e-01
7.966605e-01
8.043801e-01
8.121471e-01
8.199603e-01
8.278182e-01
8.357193e-01
8.436616e-01
8.516428e-01
8.596600e-01
8.677100e-01
8.757886e-01
8.838910e-01
8.920110e-01
9.001411e-01
9.082720e-01
9.163933e-01
9.244893e-01
9.325415e-01
9.405255e-01
9.484095e-01
9.561513e-01
9.636947e-01
9.709666e-01
9.778707e-01
9.842782e-01
9.900096e-01
9.947797e-01
9.981194e-01
9.996648e-01
9.999819e-01
9.999998e-01
1.000000e+00
1.000000e+00
1.000000e+00
1.000000e+00
1.000000e+00
1.000000e+00
1.000000e+00
1.000000e+00
1.000000e+00
1.000000e+00
1.000000e+00
1.000000e+00
1.000000e+00
1.000000e+00
1.000000e+00
1.000000e+00
1.000000e+00
1.000000e+00
1.000000e+00
1.000000e+00
1.000000e+00
1.000000e+00
1.000000e+00
1.000000e+00
1.000000e+00
1.000000e+00
1.000000e+00
1.000000e+00
1.000000e+00
1.000000e+00
1.000000e+00
1.000000e+00
1.000000e+00
1.000000e+00
1.000000e+00
1.000000e+00
1.000000e+00
1.000000e+00
1.000000e+00
1.000000e+00
1.000000e+00
1.000000e+00
1.000000e+00
1.000000e+00
1.000000e+00
1.000000e+00
1.000000e+00
1.000000e+00
1.000000e+00
1.000000e+00
1.000000e+00
1.000000e+00
1.000000e+00
1.000000e+00
1.000000e+00
1.000000e+00
1.000000e+00
1.000000e+00
1.000000e+00
1.000000e+00
1.000000e+00
1.000000e+00
1.000000e+00
1.000000e+00
9.999999e-01
9.999994e-01
9.999967e-01
9.999831e-01
9.999168e-01
9.996290e-01
9.986110e-01
9.959548e-01
9.910370e-01
9.842069e-01
9.762938e-01
9.679194e-01
9.593936e-01
9.508348e-01
9.422767e-01
9.337346e-01
9.252187e-01
9.167357e-01
9.082903e-01
8.998879e-01
8.915302e-01
8.832192e-01
8.749568e-01
8.667446e-01
8.585836e-01
8.504750e-01
8.424193e-01
8.344171e-01
8.264690e-01
8.185751e-01
8.107359e-01
8.029514e-01
7.952217e-01
7.875472e-01
7.799274e-01
7.723626e-01
7.648535e-01
7.573992e-01
7.499997e-01
7.426550e-01
7.353648e-01
7.281290e-01
7.209476e-01
7.138204e-01
7.067472e-01
6.997278e-01
6.927621e-01
6.858498e-01
6.789909e-01
6.721850e-01
6.654322e-01
6.587302e-01
6.520817e-01
6.454854e-01
6.389410e-01
6.324487e-01
6.260090e-01
6.196211e-01
6.132847e-01
6.069997e-01
6.007657e-01
5.945827e-01
5.884505e-01
5.823691e-01
5.763383e-01
5.703579e-01
5.644283e-01
5.585469e-01
5.527154e-01
5.469333e-01
5.412014e-01
5.355198e-01
5.298883e-01
5.243073e-01
5.187771e-01
5.132980e-01
5.078706e-01
5.024975e-01
4.971794e-01
4.919160e-01
4.867095e-01
4.815623e-01
4.764774e-01
4.714591e-01
4.665109e-01
4.616426e-01
4.568692e-01
4.522107e-01
4.476978e-01
4.433773e-01
4.393201e-01
4.356269e-01
4.324272e-01
4.298576e-01
4.280119e-01
4.268840e-01
4.263303e-01
4.261413e-01
4.261057e-01
4.261308e-01
4.261759e-01
4.262091e-01
4.262223e-01
4.262230e-01
4.262193e-01
4.262132e-01
4.262090e-01
4.262065e-01
4.262080e-01
4.262125e-01
4.262190e-01
4.262252e-01
4.262301e-01
4.262339e-01
4.262369e-01
4.262394e-01
4.262417e-01
4.262439e-01
4.262459e-01
4.262479e-01
4.262496e-01
4.262511e-01
4.262522e-01
4.262527e-01
4.262526e-01
4.262520e-01
4.262510e-01
4.262497e-01
4.262482e-01
4.262465e-01
4.262445e-01
4.262421e-01
4.262393e-01
4.262359e-01
4.262320e-01
4.262277e-01
4.262230e-01
4.262179e-01
4.262125e-01
4.262066e-01
4.262001e-01
4.261929e-01
4.261848e-01
4.261758e-01
4.261656e-01
4.261542e-01
4.261412e-01
4.261262e-01
4.261087e-01
4.260878e-01
4.260622e-01
4.260293e-01
4.259838e-01
4.259147e-01
4.258005e-01
4.256007e-01
4.252406e-01
4.245888e-01
4.234248e-01
4.213998e-01
4.180010e-01
4.125378e-01
4.041846e-01
3.921387e-01
3.759479e-01
3.557926e-01
3.328917e-01
3.099226e-01
2.899372e-01
2.753965e-01
2.675735e-01
2.651536e-01
2.648890e-01
2.648945e-01
2.649444e-01
2.650657e-01
2.652460e-01
2.654262e-01
2.655442e-01
2.655823e-01
2.655848e-01
2.655841e-01
2.655817e-01
2.655788e-01
2.655782e-01
2.655786e-01
2.655802e-01
2.655830e-01
2.655852e-01
2.655854e-01
2.655849e-01
2.655833e-01
2.655801e-01
2.655757e-01
2.655711e-01
2.655677e-01
2.655666e-01
2.655667e-01
2.655670e-01
2.655677e-01
2.655688e-01
2.655700e-01
2.655711e-01
2.655717e-01
2.655720e-01
2.655720e-01
2.655717e-01
2.655714e-01
2.655711e-01
2.655709e-01
2.655708e-01
2.655706e-01
2.655703e-01
2.655698e-01
2.655692e-01
2.655684e-01
2.655675e-01
2.655662e-01
2.655651e-01
2.655578e-01
2.655498e-01
2.659802e-01
2.795347e-01
3.890119e-01
5.010212e-01
5.008341e-01
3.934874e-01
2.780900e-01
2.654749e-01
2.655180e-01
2.655636e-01
2.655673e-01
2.655674e-01
2.655679e-01
2.655683e-01
2.655689e-01
2.655698e-01
2.655710e-01
2.655723e-01
2.655738e-01
2.655749e-01
2.655755e-01
2.655756e-01
2.655756e-01
2.655756e-01
2.655754e-01
2.655748e-01
2.655740e-01
2.655729e-01
2.655714e-01
2.655701e-01
2.655692e-01
2.655687e-01
2.655686e-01
2.655690e-01
2.655714e-01
2.655765e-01
2.655832e-01
2.655891e-01
2.655928e-01
2.655944e-01
2.655948e-01
2.655943e-01
2.655897e-01
2.655828e-01
2.655769e-01
2.655724e-01
2.655686e-01
2.655638e-01
2.655540e-01
2.655310e-01
2.654909e-01
2.654477e-01
2.654219e-01
2.654153e-01
2.654235e-01
2.655355e-01
2.660968e-01
2.679112e-01
2.722572e-01
2.805689e-01
2.937076e-01
3.113805e-01
3.322227e-01
3.538258e-01
3.736431e-01
3.901839e-01
4.028355e-01
4.117137e-01
4.175222e-01
4.211035e-01
4.232044e-01
4.243911e-01
4.250455e-01
4.254046e-01
4.256057e-01
4.257242e-01
4.257999e-01
4.258531e-01
4.258939e-01
4.259273e-01
4.259558e-01
4.259805e-01
4.260021e-01
4.260213e-01
4.260384e-01
4.260539e-01
4.260680e-01
4.260809e-01
4.260926e-01
4.261032e-01
4.261130e-01
4.261219e-01
4.261301e-01
4.261378e-01
4.261449e-01
4.261514e-01
4.261573e-01
4.261624e-01
4.261666e-01
4.261700e-01
4.261729e-01
4.261754e-01
4.261777e-01
4.261796e-01
4.261811e-01
4.261819e-01
4.261820e-01
4.261812e-01
4.261798e-01
4.261780e-01
4.261763e-01
4.261748e-01
4.261736e-01
4.261727e-01
4.261719e-01
4.261709e-01
4.261693e-01
4.261672e-01
4.261654e-01
4.261649e-01
4.261681e-01
4.261731e-01
4.261821e-01
4.261951e-01
4.262089e-01
4.262184e-01
4.262211e-01
4.262204e-01
4.262014e-01
4.261576e-01
4.261121e-01
4.260970e-01
