4.264534e-01
4.278504e-01
4.305154e-01
4.345105e-01
4.395672e-01
4.453766e-01
4.516815e-01
4.583155e-01
4.651802e-01
4.722165e-01
4.793915e-01
4.866959e-01
4.941181e-01
5.016525e-01
5.092968e-01
5.170499e-01
5.249053e-01
5.328627e-01
5.409213e-01
5.490811e-01
5.573392e-01
5.656982e-01
5.741529e-01
5.827091e-01
5.913657e-01
6.001230e-01
6.089812e-01
6.179399e-01
6.270003e-01
6.361626e-01
6.454268e-01
6.547921e-01
6.642605e-01
6.738273e-01
6.834955e-01
6.932648e-01
7.031351e-01
7.131060e-01
7.231772e-01
7.333478e-01
7.436170e-01
7.539840e-01
7.644469e-01
7.750042e-01
7.856561e-01
7.963959e-01
8.072229e-01
8.181322e-01
8.291190e-01
8.401770e-01
8.512987e-01
8.624742e-01
8.736913e-01
8.849345e-01
8.961834e-01
9.074121e-01
9.185886e-01
9.296643e-01
9.405778e-01
9.512426e-01
9.615393e-01
9.713083e-01
9.803297e-01
9.882737e-01
9.945838e-01
9.984690e-01
9.998236e-01
9.999952e-01
1.000000e+00
1.000000e+00
1.000000e+00
1.000000e+00
1.000000e+00
1.000000e+00
1.000000e+00
1.000000e+00
1.000000e+00
1.000000e+00
1.000000e+00
1.000000e+00
1.000000e+00
1.000000e+00
1.000000e+00
1.000000e+00
1.000000e+00
1.000000e+00
1.000000e+00
1.000000e+00
1.000000e+00
1.000000e+00
1.000000e+00
1.000000e+00
1.000000e+00
1.000000e+00
1.000000e+00
1.000000e+00
1.000000e+00
1.000000e+00
1.000000e+00
1.000000e+00
1.000000e+00
1.000000e+00
1.000000e+00
1.000000e+00
1.000000e+00
1.000000e+00
1.000000e+00
1.000000e+00
1.000000e+00
1.000000e+00
1.000000e+00
1.000000e+00
1.000000e+00
1.000000e+00
1.000000e+00
1.000000e+00
1.000000e+00
1.000000e+00
1.000000e+00
1.000000e+00
1.000000e+00
1.000000e+00
1.000000e+00
1.000000e+00
1.000000e+00
1.000000e+00
1.000000e+00
1.000000e+00
1.000000e+00
1.000000e+00
1.000000e+00
1.000000e+00
1.000000e+00
1.000000e+00
1.000000e+00
1.000000e+00
1.000000e+00
1.000000e+00
1.000000e+00
1.000000e+00
1.000000e+00
1.000000e+00
1.000000e+00
1.000000e+00
1.000000e+00
1.000000e+00
1.000000e+00
1.000000e+00
1.000000e+00
1.000000e+00
1.000000e+00
1.000000e+00
1.000000e+00
1.000000e+00
1.000000e+00
1.000000e+00
1.000000e+00
1.000000e+00
1.000000e+00
1.000000e+00
1.000000e+00
1.000000e+00
1.000000e+00
1.000000e+00
1.000000e+00
1.000000e+00
1.000000e+00
1.000000e+00
1.000000e+00
1.000000e+00
1.000000e+00
1.000000e+00
1.000000e+00
1.000000e+00
1.000000e+00
1.000000e+00
1.000000e+00
1.000000e+00
1.000000e+00
1.000000e+00
1.000000e+00
1.000000e+00
1.000000e+00
1.000000e+00
1.000000e+00
9.999998e-01
9.999992e-01
9.999955e-01
9.999765e-01
9.998826e-01
9.994700e-01
9.980046e-01
9.941998e-01
9.872342e-01
9.776658e-01
9.666550e-01
9.550397e-01
9.432339e-01
9.313913e-01
9.195645e-01
9.077819e-01
8.960655e-01
8.844254e-01
8.728691e-01
8.614025e-01
8.500302e-01
8.387556e-01
8.275810e-01
8.165084e-01
8.055389e-01
7.946737e-01
7.839138e-01
7.732576e-01
7.627092e-01
7.522667e-01
7.419298e-01
7.316986e-01
7.215730e-01
7.115526e-01
7.016373e-01
6.918268e-01
6.821206e-01
6.725185e-01
6.630195e-01
6.536213e-01
6.443270e-01
6.351352e-01
6.260464e-01
6.170601e-01
6.081760e-01
5.993929e-01
5.907107e-01
5.821294e-01
5.736488e-01
5.652696e-01
5.569865e-01
5.488040e-01
5.407206e-01
5.327388e-01
5.248592e-01
5.170829e-01
5.094117e-01
5.018525e-01
4.944080e-01
4.870825e-01
4.798844e-01
4.728286e-01
4.659259e-01
4.592122e-01
4.527427e-01
4.466026e-01
4.409266e-01
4.359124e-01
4.318081e-01
4.288314e-01
4.270448e-01
4.262300e-01
4.260086e-01
4.259912e-01
4.260705e-01
4.261572e-01
4.261999e-01
4.262072e-01
4.262056e-01
4.261974e-01
4.261859e-01
4.261767e-01
4.261717e-01
4.261695e-01
4.261740e-01
4.261796e-01
4.261836e-01
4.261860e-01
4.261870e-01
4.261871e-01
4.261864e-01
4.261853e-01
4.261837e-01
4.261816e-01
4.261788e-01
4.261749e-01
4.261699e-01
4.261636e-01
4.261560e-01
4.261469e-01
4.261357e-01
4.261218e-01
4.261046e-01
4.260838e-01
4.260591e-01
4.260294e-01
4.259919e-01
4.259401e-01
4.258602e-01
4.257241e-01
4.254745e-01
4.249989e-01
4.240859e-01
4.223633e-01
4.192256e-01
4.137832e-01
4.048941e-01
3.913901e-01
3.726020e-01
3.489286e-01
3.226536e-01
2.980487e-01
2.791199e-01
2.684151e-01
2.649644e-01
2.645852e-01
2.645995e-01
2.647001e-01
2.649263e-01
2.652270e-01
2.654766e-01
2.655873e-01
2.655997e-01
2.655979e-01
2.655896e-01
2.655756e-01
2.655663e-01
2.655656e-01
2.655671e-01
2.655719e-01
2.655792e-01
2.655843e-01
2.655852e-01
2.655843e-01
2.655810e-01
2.655753e-01
2.655686e-01
2.655621e-01
2.655578e-01
2.655567e-01
2.655570e-01
2.655585e-01
2.655604e-01
2.655621e-01
2.655624e-01
2.655630e-01
2.655598e-01
2.655545e-01
2.655237e-01
2.653892e-01
2.647276e-01
2.614366e-01
2.445601e-01
1.863981e-01
1.329764e-01
1.250940e-01
1.250000e-01
1.250000e-01
1.250000e-01
1.250000e-01
1.250000e-01
1.250000e-01
1.250000e-01
1.250000e-01
1.250000e-01
1.250000e-01
1.250000e-01
1.250000e-01
1.250000e-01
1.250000e-01
1.250000e-01
1.250000e-01
1.250000e-01
1.250000e-01
1.250000e-01
1.250000e-01
1.250000e-01
1.250000e-01
1.250000e-01
1.250000e-01
1.250000e-01
1.250000e-01
1.250000e-01
1.250000e-01
1.250000e-01
1.250000e-01
1.250000e-01
1.250000e-01
1.250000e-01
1.250000e-01
1.250000e-01
1.250000e-01
1.250000e-01
1.250000e-01
1.250000e-01
1.250000e-01
1.250000e-01
1.250000e-01
1.250000e-01
1.250000e-01
1.250000e-01
1.250000e-01
1.250000e-01
1.250000e-01
1.250000e-01
1.250000e-01
1.250000e-01
1.250000e-01
1.250000e-01
1.250000e-01
1.250000e-01
1.250000e-01
1.250000e-01
1.250000e-01
1.250000e-01
1.250000e-01
1.250000e-01
1.250000e-01
1.250001e-01
1.250008e-01
1.250096e-01
1.251081e-01
1.261821e-01
1.361334e-01
1.841137e-01
2.444028e-01
2.611054e-01
2.648316e-01
2.654677e-01
2.655526e-01
2.655647e-01
2.655653e-01
2.655655e-01
2.655641e-01
2.655610e-01
2.655565e-01
2.655532e-01
2.655518e-01
2.655523e-01
2.655557e-01
2.655630e-01
2.655731e-01
2.655836e-01
2.655917e-01
2.655958e-01
2.655969e-01
2.655957e-01
2.655889e-01
2.655771e-01
2.655664e-01
2.655612e-01
2.655604e-01
2.655620e-01
2.655643e-01
2.655644e-01
2.655588e-01
2.655214e-01
2.654294e-01
2.653220e-01
2.652617e-01
2.652493e-01
2.652927e-01
2.657304e-01
2.676289e-01
2.729030e-01
2.836552e-01
3.007796e-01
3.231008e-01
3.477327e-01
3.708054e-01
3.898236e-01
4.038843e-01
4.132227e-01
4.189129e-01
4.221453e-01
4.238848e-01
4.247903e-01
4.252587e-01
4.255084e-01
4.256512e-01
4.257414e-01
4.258045e-01
4.258522e-01
4.258906e-01
4.259227e-01
4.259502e-01
4.259739e-01
4.259941e-01
4.260111e-01
4.260254e-01
4.260372e-01
4.260468e-01
4.260546e-01
4.260611e-01
4.260670e-01
4.260726e-01
4.260780e-01
4.260829e-01
4.260872e-01
4.260909e-01
4.260940e-01
4.260962e-01
4.260975e-01
4.260989e-01
4.261059e-01
4.261163e-01
4.261321e-01
4.261505e-01
4.261659e-01
4.261762e-01
4.261814e-01
4.261833e-01
4.261763e-01
4.261237e-01
4.260188e-01
4.259402e-01
4.260093e-01
