5.023210e-01
6.012624e-01
7.097749e-01
8.182052e-01
9.131781e-01
9.755182e-01
9.975052e-01
9.999523e-01
9.999999e-01
1.000000e+00
1.000000e+00
1.000000e+00
1.000000e+00
1.000000e+00
1.000000e+00
1.000000e+00
1.000000e+00
1.000000e+00
1.000000e+00
1.000000e+00
1.000000e+00
1.000000e+00
1.000000e+00
1.000000e+00
1.000000e+00
1.000000e+00
1.000000e+00
1.000000e+00
1.000000e+00
1.000000e+00
1.000000e+00
1.000000e+00
1.000000e+00
1.000000e+00
1.000000e+00
1.000000e+00
1.000000e+00
1.000000e+00
1.000000e+00
1.000000e+00
1.000000e+00
1.000000e+00
1.000000e+00
1.000000e+00
1.000000e+00
1.000000e+00
1.000000e+00
1.000000e+00
1.000000e+00
1.000000e+00
1.000000e+00
1.000000e+00
1.000000e+00
1.000000e+00
1.000000e+00
1.000000e+00
1.000000e+00
1.000000e+00
1.000000e+00
1.000000e+00
1.000000e+00
1.000000e+00
1.000000e+00
1.000000e+00
1.000000e+00
1.000000e+00
1.000000e+00
1.000000e+00
1.000000e+00
1.000000e+00
1.000000e+00
1.000000e+00
1.000000e+00
1.000000e+00
1.000000e+00
1.000000e+00
1.000000e+00
1.000000e+00
1.000000e+00
1.000000e+00
1.000000e+00
1.000000e+00
1.000000e+00
1.000000e+00
1.000000e+00
1.000000e+00
1.000000e+00
1.000000e+00
1.000000e+00
1.000000e+00
1.000000e+00
1.000000e+00
1.000000e+00
1.000000e+00
1.000000e+00
1.000000e+00
1.000000e+00
1.000000e+00
1.000000e+00
1.000000e+00
1.000000e+00
1.000000e+00
1.000000e+00
1.000000e+00
1.000000e+00
1.000000e+00
1.000000e+00
1.000000e+00
1.000000e+00
1.000000e+00
1.000000e+00
1.000000e+00
1.000000e+00
1.000000e+00
1.000000e+00
1.000000e+00
1.000000e+00
1.000000e+00
1.000000e+00
1.000000e+00
1.000000e+00
1.000000e+00
1.000000e+00
1.000000e+00
1.000000e+00
1.000000e+00
1.000000e+00
1.000000e+00
1.000000e+00
1.000000e+00
1.000000e+00
1.000000e+00
1.000000e+00
1.000000e+00
1.000000e+00
1.000000e+00
1.000000e+00
1.000000e+00
1.000000e+00
1.000000e+00
1.000000e+00
1.000000e+00
1.000000e+00
1.000000e+00
1.000000e+00
1.000000e+00
1.000000e+00
1.000000e+00
1.000000e+00
1.000000e+00
1.000000e+00
1.000000e+00
1.000000e+00
1.000000e+00
1.000000e+00
1.000000e+00
1.000000e+00
1.000000e+00
1.000000e+00
1.000000e+00
1.000000e+00
1.000000e+00
1.000000e+00
1.000000e+00
1.000000e+00
1.000000e+00
1.000000e+00
1.000000e+00
1.000000e+00
1.000000e+00
1.000000e+00
1.000000e+00
1.000000e+00
1.000000e+00
1.000000e+00
1.000000e+00
1.000000e+00
1.000000e+00
1.000000e+00
1.000000e+00
1.000000e+00
1.000000e+00
1.000000e+00
1.000000e+00
1.000000e+00
1.000000e+00
1.000000e+00
1.000000e+00
1.000000e+00
1.000000e+00
1.000000e+00
1.000000e+00
1.000000e+00
1.000000e+00
1.000000e+00
1.000000e+00
1.000000e+00
1.000000e+00
1.000000e+00
1.000000e+00
1.000000e+00
1.000000e+00
1.000000e+00
1.000000e+00
1.000000e+00
1.000000e+00
1.000000e+00
1.000000e+00
1.000000e+00
1.000000e+00
1.000000e+00
1.000000e+00
1.000000e+00
1.000000e+00
1.000000e+00
1.000000e+00
1.000000e+00
1.000000e+00
1.000000e+00
1.000000e+00
1.000000e+00
1.000000e+00
1.000000e+00
1.000000e+00
1.000000e+00
1.000000e+00
1.000000e+00
1.000000e+00
1.000000e+00
1.000000e+00
1.000000e+00
1.000000e+00
1.000000e+00
1.000000e+00
1.000000e+00
1.000000e+00
1.000000e+00
1.000000e+00
1.000000e+00
1.000000e+00
1.000000e+00
1.000000e+00
1.000000e+00
1.000000e+00
9.999999e-01
9.999994e-01
9.999941e-01
9.999442e-01
9.995115e-01
9.962478e-01
9.780185e-01
9.194993e-01
8.193468e-01
7.069074e-01
5.995880e-01
5.063921e-01
4.416693e-01
4.079395e-01
3.802125e-01
3.329630e-01
2.872853e-01
2.561138e-01
2.155942e-01
1.516096e-01
1.261609e-01
1.250030e-01
1.250000e-01
1.250000e-01
1.250000e-01
1.250000e-01
1.250000e-01
1.250000e-01
1.250000e-01
1.250000e-01
1.250000e-01
1.250000e-01
1.250000e-01
1.250000e-01
1.250000e-01
1.250000e-01
1.250000e-01
1.250000e-01
1.250000e-01
1.250000e-01
1.250000e-01
1.250000e-01
1.250000e-01
1.250000e-01
1.250000e-01
1.250000e-01
1.250000e-01
1.250000e-01
1.250000e-01
1.250000e-01
1.250000e-01
1.250000e-01
1.250000e-01
1.250000e-01
1.250000e-01
1.250000e-01
1.250000e-01
1.250000e-01
1.250000e-01
1.250000e-01
1.250000e-01
1.250000e-01
1.250000e-01
1.250000e-01
1.250000e-01
1.250000e-01
1.250000e-01
1.250000e-01
1.250000e-01
1.250000e-01
1.250000e-01
1.250000e-01
1.250000e-01
1.250000e-01
1.250000e-01
1.250000e-01
1.250000e-01
1.250000e-01
1.250000e-01
1.250000e-01
1.250000e-01
1.250000e-01
1.250000e-01
1.250000e-01
1.250000e-01
1.250000e-01
1.250000e-01
1.250000e-01
1.250000e-01
1.250000e-01
1.250000e-01
1.250000e-01
1.250000e-01
1.250000e-01
1.250000e-01
1.250000e-01
1.250000e-01
1.250000e-01
1.250000e-01
1.250000e-01
1.250000e-01
1.250000e-01
1.250000e-01
1.250000e-01
1.250000e-01
1.250000e-01
1.250000e-01
1.250000e-01
1.250000e-01
1.250000e-01
1.250000e-01
1.250000e-01
1.250000e-01
1.250000e-01
1.250000e-01
1.250000e-01
1.250000e-01
1.250000e-01
1.250000e-01
1.250000e-01
1.250000e-01
1.250000e-01
1.250000e-01
1.250000e-01
1.250000e-01
1.250000e-01
1.250000e-01
1.250000e-01
1.250000e-01
1.250000e-01
1.250000e-01
1.250000e-01
1.250000e-01
1.250000e-01
1.250000e-01
1.250000e-01
1.250000e-01
1.250000e-01
1.250000e-01
1.250000e-01
1.250000e-01
1.250000e-01
1.250000e-01
1.250000e-01
1.250000e-01
1.250000e-01
1.250000e-01
1.250000e-01
1.250000e-01
1.250000e-01
1.250000e-01
1.250000e-01
1.250000e-01
1.250000e-01
1.250000e-01
1.250000e-01
1.250000e-01
1.250000e-01
1.250000e-01
1.250000e-01
1.250000e-01
1.250000e-01
1.250000e-01
1.250000e-01
1.250000e-01
1.250000e-01
1.250000e-01
1.250000e-01
1.250000e-01
1.250000e-01
1.250000e-01
1.250000e-01
1.250000e-01
1.250000e-01
1.250000e-01
1.250000e-01
1.250000e-01
1.250000e-01
1.250000e-01
1.250000e-01
1.250000e-01
1.250000e-01
1.250000e-01
1.250000e-01
1.250000e-01
1.250000e-01
1.250000e-01
1.250000e-01
1.250000e-01
1.250000e-01
1.250000e-01
1.250000e-01
1.250000e-01
1.250000e-01
1.250000e-01
1.250000e-01
1.250000e-01
1.250000e-01
1.250000e-01
1.250000e-01
1.250000e-01
1.250000e-01
1.250000e-01
1.250000e-01
1.250000e-01
1.250000e-01
1.250000e-01
1.250000e-01
1.250000e-01
1.250000e-01
1.250000e-01
1.250000e-01
1.250000e-01
1.250000e-01
1.250000e-01
1.250000e-01
1.250000e-01
1.250000e-01
1.250000e-01
1.250000e-01
1.250000e-01
1.250000e-01
1.250000e-01
1.250000e-01
1.250000e-01
1.250000e-01
1.250000e-01
1.250000e-01
1.250000e-01
1.250000e-01
1.250000e-01
1.250000e-01
1.250000e-01
1.250000e-01
1.250000e-01
1.250000e-01
1.250000e-01
1.250000e-01
1.250000e-01
1.250000e-01
1.250000e-01
1.250000e-01
1.250000e-01
1.250000e-01
1.250000e-01
1.250000e-01
1.250000e-01
1.250000e-01
1.250000e-01
1.250000e-01
1.250000e-01
1.250000e-01
1.250000e-01
1.250000e-01
1.250000e-01
1.250002e-01
1.250029e-01
1.250329e-01
1.253699e-01
1.288637e-01
1.534909e-01
2.147875e-01
2.570983e-01
2.899705e-01
3.375492e-01
3.832680e-01
4.064921e-01
4.353567e-01
