4.262090e-01
4.268386e-01
4.282510e-01
4.306663e-01
4.340300e-01
4.381620e-01
4.428416e-01
4.478936e-01
4.531972e-01
4.586784e-01
4.642925e-01
4.700122e-01
4.758224e-01
4.817134e-01
4.876830e-01
4.937262e-01
4.998407e-01
5.060266e-01
5.122828e-01
5.186071e-01
5.249984e-01
5.314560e-01
5.379797e-01
5.445696e-01
5.512257e-01
5.579466e-01
5.647340e-01
5.715842e-01
5.785016e-01
5.854852e-01
5.925355e-01
5.996525e-01
6.068364e-01
6.140874e-01
6.214053e-01
6.287908e-01
6.362445e-01
6.437662e-01
6.513556e-01
6.590124e-01
6.667386e-01
6.745303e-01
6.823906e-01
6.903189e-01
6.983153e-01
7.063798e-01
7.145123e-01
7.227128e-01
7.309808e-01
7.393163e-01
7.477189e-01
7.561880e-01
7.647230e-01
7.733233e-01
7.819891e-01
7.907178e-01
7.995087e-01
8.083602e-01
8.172706e-01
8.262375e-01
8.352584e-01
8.443298e-01
8.534480e-01
8.626082e-01
8.718043e-01
8.810292e-01
8.902737e-01
8.995264e-01
9.087729e-01
9.179965e-01
9.271717e-01
9.362680e-01
9.452439e-01
9.540436e-01
9.625919e-01
9.707896e-01
9.785044e-01
9.855543e-01
9.916652e-01
9.963727e-01
9.990821e-01
9.999122e-01
9.999982e-01
1.000000e+00
1.000000e+00
1.000000e+00
1.000000e+00
1.000000e+00
1.000000e+00
1.000000e+00
1.000000e+00
1.000000e+00
1.000000e+00
1.000000e+00
1.000000e+00
1.000000e+00
1.000000e+00
1.000000e+00
1.000000e+00
1.000000e+00
1.000000e+00
1.000000e+00
1.000000e+00
1.000000e+00
1.000000e+00
1.000000e+00
1.000000e+00
1.000000e+00
1.000000e+00
1.000000e+00
1.000000e+00
1.000000e+00
1.000000e+00
1.000000e+00
1.000000e+00
1.000000e+00
1.000000e+00
1.000000e+00
1.000000e+00
1.000000e+00
1.000000e+00
1.000000e+00
1.000000e+00
1.000000e+00
1.000000e+00
1.000000e+00
1.000000e+00
1.000000e+00
1.000000e+00
1.000000e+00
1.000000e+00
1.000000e+00
1.000000e+00
1.000000e+00
1.000000e+00
1.000000e+00
1.000000e+00
1.000000e+00
1.000000e+00
1.000000e+00
1.000000e+00
1.000000e+00
1.000000e+00
1.000000e+00
1.000000e+00
1.000000e+00
1.000000e+00
1.000000e+00
1.000000e+00
1.000000e+00
1.000000e+00
1.000000e+00
1.000000e+00
1.000000e+00
1.000000e+00
1.000000e+00
1.000000e+00
1.000000e+00
1.000000e+00
1.000000e+00
1.000000e+00
1.000000e+00
1.000000e+00
1.000000e+00
1.000000e+00
1.000000e+00
1.000000e+00
1.000000e+00
1.000000e+00
1.000000e+00
9.999999e-01
9.999996e-01
9.999981e-01
9.999898e-01
9.999485e-01
9.997584e-01
9.990192e-01
9.968286e-01
9.922156e-01
9.851590e-01
9.765183e-01
9.671334e-01
9.574750e-01
9.477443e-01
9.380051e-01
9.282824e-01
9.185923e-01
9.089442e-01
8.993478e-01
8.898066e-01
8.803243e-01
8.709037e-01
8.615474e-01
8.522572e-01
8.430345e-01
8.338804e-01
8.247957e-01
8.157810e-01
8.068369e-01
7.979636e-01
7.891615e-01
7.804306e-01
7.717707e-01
7.631831e-01
7.546668e-01
7.462218e-01
7.378477e-01
7.295447e-01
7.213124e-01
7.131508e-01
7.050595e-01
6.970384e-01
6.890872e-01
6.812057e-01
6.733936e-01
6.656510e-01
6.579748e-01
6.503685e-01
6.428302e-01
6.353601e-01
6.279583e-01
6.206250e-01
6.133595e-01
6.061610e-01
5.990295e-01
5.919649e-01
5.849670e-01
5.780357e-01
5.711708e-01
5.643727e-01
5.576376e-01
5.509689e-01
5.443650e-01
5.378275e-01
5.313566e-01
5.249522e-01
5.186149e-01
5.123457e-01
5.061462e-01
5.000192e-01
4.939665e-01
4.879892e-01
4.820908e-01
4.762770e-01
4.705538e-01
4.649305e-01
4.594243e-01
4.540622e-01
4.488849e-01
4.439559e-01
4.393718e-01
4.352699e-01
4.318209e-01
4.291879e-01
4.274480e-01
4.265131e-01
4.261531e-01
4.260700e-01
4.260843e-01
4.261393e-01
4.261913e-01
4.262157e-01
4.262189e-01
4.262166e-01
4.262088e-01
4.262010e-01
4.261968e-01
4.261943e-01
4.261979e-01
4.262039e-01
4.262101e-01
4.262151e-01
4.262188e-01
4.262213e-01
4.262232e-01
4.262247e-01
4.262262e-01
4.262275e-01
4.262288e-01
4.262298e-01
4.262303e-01
4.262302e-01
4.262295e-01
4.262282e-01
4.262262e-01
4.262236e-01
4.262204e-01
4.262168e-01
4.262126e-01
4.262079e-01
4.262024e-01
4.261959e-01
4.261883e-01
4.261797e-01
4.261698e-01
4.261585e-01
4.261457e-01
4.261308e-01
4.261134e-01
4.260929e-01
4.260685e-01
4.260385e-01
4.259995e-01
4.259437e-01
4.258559e-01
4.257054e-01
4.254331e-01
4.249291e-01
4.239987e-01
4.223167e-01
4.193780e-01
4.144637e-01
4.066624e-01
3.950122e-01
3.788579e-01
3.582410e-01
3.343737e-01
3.102114e-01
2.892889e-01
2.744443e-01
2.669558e-01
2.649387e-01
2.647777e-01
2.647942e-01
2.648771e-01
2.650512e-01
2.652793e-01
2.654745e-01
2.655728e-01
2.655892e-01
2.655888e-01
2.655855e-01
2.655790e-01
2.655743e-01
2.655739e-01
2.655749e-01
2.655780e-01
2.655825e-01
2.655858e-01
2.655862e-01
2.655857e-01
2.655836e-01
2.655796e-01
2.655744e-01
2.655691e-01
2.655654e-01
2.655640e-01
2.655639e-01
2.655644e-01
2.655654e-01
2.655668e-01
2.655681e-01
2.655690e-01
2.655695e-01
2.655696e-01
2.655693e-01
2.655685e-01
2.655672e-01
2.655660e-01
2.655654e-01
2.655651e-01
2.655651e-01
2.655634e-01
2.655626e-01
2.655488e-01
2.654944e-01
2.652106e-01
2.638128e-01
2.567159e-01
2.227431e-01
1.545985e-01
1.263832e-01
1.250041e-01
1.250000e-01
1.250000e-01
1.250000e-01
1.250000e-01
1.250000e-01
1.250000e-01
1.250000e-01
1.250000e-01
1.250000e-01
1.250000e-01
1.250000e-01
1.250000e-01
1.250000e-01
1.250000e-01
1.250000e-01
1.250000e-01
1.250000e-01
1.250000e-01
1.250000e-01
1.250003e-01
1.250031e-01
1.250347e-01
1.253859e-01
1.290149e-01
1.550773e-01
2.210084e-01
2.566359e-01
2.637557e-01
2.653117e-01
2.655302e-01
2.655569e-01
2.655615e-01
2.655627e-01
2.655645e-01
2.655665e-01
2.655688e-01
2.655706e-01
2.655715e-01
2.655721e-01
2.655722e-01
2.655722e-01
2.655719e-01
2.655711e-01
2.655700e-01
2.655687e-01
2.655673e-01
2.655664e-01
2.655661e-01
2.655662e-01
2.655669e-01
2.655696e-01
2.655751e-01
2.655827e-01
2.655894e-01
2.655937e-01
2.655955e-01
2.655959e-01
2.655952e-01
2.655891e-01
2.655807e-01
2.655741e-01
2.655695e-01
2.655665e-01
2.655639e-01
2.655593e-01
2.655459e-01
2.655084e-01
2.654462e-01
2.653908e-01
2.653660e-01
2.653636e-01
2.654142e-01
2.657909e-01
2.672758e-01
2.712743e-01
2.794830e-01
2.930443e-01
3.116704e-01
3.337347e-01
3.563878e-01
3.767628e-01
3.933347e-01
4.055769e-01
4.138361e-01
4.190178e-01
4.220760e-01
4.237948e-01
4.247290e-01
4.252296e-01
4.255012e-01
4.256554e-01
4.257503e-01
4.258150e-01
4.258636e-01
4.259028e-01
4.259356e-01
4.259638e-01
4.259884e-01
4.260100e-01
4.260291e-01
4.260460e-01
4.260611e-01
4.260745e-01
4.260863e-01
4.260965e-01
4.261052e-01
4.261127e-01
4.261194e-01
4.261254e-01
4.261309e-01
4.261355e-01
4.261393e-01
4.261421e-01
4.261439e-01
4.261448e-01
4.261450e-01
4.261449e-01
4.261448e-01
4.261450e-01
4.261454e-01
4.261459e-01
4.261462e-01
4.261463e-01
4.261457e-01
4.261443e-01
4.261430e-01
4.261457e-01
4.261503e-01
4.261590e-01
4.261722e-01
4.261875e-01
4.262005e-01
4.262081e-01
4.262097e-01
4.262064e-01
4.261750e-01
4.261081e-01
4.260531e-01
4.260626e-01
