4.287296e-01
4.341280e-01
4.420547e-01
4.517801e-01
4.626253e-01
4.741750e-01
4.862053e-01
4.986399e-01
5.114194e-01
5.245268e-01
5.379315e-01
5.516245e-01
5.656082e-01
5.798578e-01
5.943929e-01
6.092044e-01
6.242940e-01
6.396620e-01
6.553022e-01
6.712171e-01
6.873899e-01
7.038287e-01
7.205253e-01
7.374741e-01
7.546658e-01
7.720885e-01
7.897323e-01
8.075663e-01
8.255695e-01
8.437030e-01
8.619171e-01
8.801424e-01
8.982830e-01
9.162089e-01
9.337141e-01
9.505031e-01
9.661491e-01
9.800113e-01
9.909946e-01
9.975931e-01
9.997507e-01
9.999943e-01
1.000000e+00
1.000000e+00
1.000000e+00
1.000000e+00
1.000000e+00
1.000000e+00
1.000000e+00
1.000000e+00
1.000000e+00
1.000000e+00
1.000000e+00
1.000000e+00
1.000000e+00
1.000000e+00
1.000000e+00
1.000000e+00
1.000000e+00
1.000000e+00
1.000000e+00
1.000000e+00
1.000000e+00
1.000000e+00
1.000000e+00
1.000000e+00
1.000000e+00
1.000000e+00
1.000000e+00
1.000000e+00
1.000000e+00
1.000000e+00
1.000000e+00
1.000000e+00
1.000000e+00
1.000000e+00
1.000000e+00
1.000000e+00
1.000000e+00
1.000000e+00
1.000000e+00
1.000000e+00
1.000000e+00
1.000000e+00
1.000000e+00
1.000000e+00
1.000000e+00
1.000000e+00
1.000000e+00
1.000000e+00
1.000000e+00
1.000000e+00
1.000000e+00
1.000000e+00
1.000000e+00
1.000000e+00
1.000000e+00
1.000000e+00
1.000000e+00
1.000000e+00
1.000000e+00
1.000000e+00
1.000000e+00
1.000000e+00
1.000000e+00
1.000000e+00
1.000000e+00
1.000000e+00
1.000000e+00
1.000000e+00
1.000000e+00
1.000000e+00
1.000000e+00
1.000000e+00
1.000000e+00
1.000000e+00
1.000000e+00
1.000000e+00
1.000000e+00
1.000000e+00
1.000000e+00
1.000000e+00
1.000000e+00
1.000000e+00
1.000000e+00
1.000000e+00
1.000000e+00
1.000000e+00
1.000000e+00
1.000000e+00
1.000000e+00
1.000000e+00
1.000000e+00
1.000000e+00
1.000000e+00
1.000000e+00
1.000000e+00
1.000000e+00
1.000000e+00
1.000000e+00
1.000000e+00
1.000000e+00
1.000000e+00
1.000000e+00
1.000000e+00
1.000000e+00
1.000000e+00
1.000000e+00
1.000000e+00
1.000000e+00
1.000000e+00
1.000000e+00
1.000000e+00
1.000000e+00
1.000000e+00
1.000000e+00
1.000000e+00
1.000000e+00
1.000000e+00
1.000000e+00
1.000000e+00
1.000000e+00
1.000000e+00
1.000000e+00
1.000000e+00
1.000000e+00
1.000000e+00
1.000000e+00
1.000000e+00
1.000000e+00
1.000000e+00
1.000000e+00
1.000000e+00
1.000000e+00
1.000000e+00
1.000000e+00
1.000000e+00
1.000000e+00
1.000000e+00
1.000000e+00
1.000000e+00
1.000000e+00
1.000000e+00
1.000000e+00
1.000000e+00
1.000000e+00
1.000000e+00
1.000000e+00
1.000000e+00
1.000000e+00
1.000000e+00
1.000000e+00
1.000000e+00
1.000000e+00
1.000000e+00
1.000000e+00
1.000000e+00
1.000000e+00
1.000000e+00
1.000000e+00
1.000000e+00
1.000000e+00
1.000000e+00
1.000000e+00
1.000000e+00
1.000000e+00
1.000000e+00
1.000000e+00
1.000000e+00
1.000000e+00
9.999999e-01
9.999997e-01
9.999980e-01
9.999888e-01
9.999387e-01
9.996867e-01
9.985993e-01
9.949945e-01
9.866398e-01
9.730732e-01
9.560251e-01
9.373896e-01
9.182603e-01
8.990664e-01
8.799631e-01
8.610225e-01
8.422896e-01
8.237911e-01
8.055438e-01
7.875603e-01
7.698415e-01
7.524030e-01
7.352426e-01
7.183617e-01
7.017618e-01
6.854429e-01
6.694069e-01
6.536422e-01
6.381626e-01
6.229641e-01
6.080493e-01
5.934175e-01
5.790669e-01
5.650030e-01
5.512094e-01
5.377087e-01
5.245015e-01
5.116009e-01
4.990394e-01
4.868458e-01
4.750862e-01
4.638419e-01
4.533239e-01
4.438765e-01
4.360113e-01
4.303243e-01
4.270599e-01
4.258471e-01
4.256275e-01
4.258179e-01
4.260288e-01
4.261119e-01
4.261201e-01
4.261161e-01
4.261079e-01
4.260929e-01
4.260664e-01
4.260326e-01
4.259997e-01
4.259759e-01
4.259583e-01
4.259382e-01
4.259074e-01
4.258577e-01
4.257789e-01
4.256534e-01
4.254371e-01
4.250193e-01
4.241421e-01
4.222654e-01
4.183947e-01
4.109630e-01
3.979732e-01
3.777566e-01
3.503166e-01
3.191063e-01
2.911163e-01
2.724804e-01
2.650534e-01
2.639545e-01
2.639709e-01
2.641697e-01
2.646191e-01
2.651674e-01
2.655447e-01
2.656355e-01
2.656328e-01
2.656155e-01
2.655811e-01
2.655422e-01
2.655245e-01
2.655257e-01
2.655383e-01
2.655608e-01
2.655720e-01
2.655704e-01
2.654997e-01
2.651055e-01
2.631389e-01
2.531785e-01
2.096376e-01
1.440889e-01
1.255358e-01
1.250008e-01
1.250000e-01
1.250000e-01
1.250000e-01
1.250000e-01
1.250000e-01
1.250000e-01
1.250000e-01
1.250000e-01
1.250000e-01
1.250000e-01
1.250000e-01
1.250000e-01
1.250000e-01
1.250000e-01
1.250000e-01
1.250000e-01
1.250000e-01
1.250000e-01
1.250000e-01
1.250000e-01
1.250000e-01
1.250000e-01
1.250000e-01
1.250000e-01
1.250000e-01
1.250000e-01
1.250000e-01
1.250000e-01
1.250000e-01
1.250000e-01
1.250000e-01
1.250000e-01
1.250000e-01
1.250000e-01
1.250000e-01
1.250000e-01
1.250000e-01
1.250000e-01
1.250000e-01
1.250000e-01
1.250000e-01
1.250000e-01
1.250000e-01
1.250000e-01
1.250000e-01
1.250000e-01
1.250000e-01
1.250000e-01
1.250000e-01
1.250000e-01
1.250000e-01
1.250000e-01
1.250000e-01
1.250000e-01
1.250000e-01
1.250000e-01
1.250000e-01
1.250000e-01
1.250000e-01
1.250000e-01
1.250000e-01
1.250000e-01
1.250000e-01
1.250000e-01
1.250000e-01
1.250000e-01
1.250000e-01
1.250000e-01
1.250000e-01
1.250000e-01
1.250000e-01
1.250000e-01
1.250000e-01
1.250000e-01
1.250000e-01
1.250000e-01
1.250000e-01
1.250000e-01
1.250000e-01
1.250000e-01
1.250000e-01
1.250000e-01
1.250000e-01
1.250000e-01
1.250000e-01
1.250000e-01
1.250000e-01
1.250000e-01
1.250000e-01
1.250000e-01
1.250000e-01
1.250000e-01
1.250000e-01
1.250000e-01
1.250000e-01
1.250000e-01
1.250000e-01
1.250000e-01
1.250000e-01
1.250000e-01
1.250000e-01
1.250000e-01
1.250000e-01
1.250000e-01
1.250000e-01
1.250000e-01
1.250000e-01
1.250000e-01
1.250000e-01
1.250000e-01
1.250000e-01
1.250000e-01
1.250000e-01
1.250000e-01
1.250000e-01
1.250000e-01
1.250000e-01
1.250000e-01
1.250000e-01
1.250000e-01
1.250000e-01
1.250000e-01
1.250000e-01
1.250000e-01
1.250000e-01
1.250000e-01
1.250000e-01
1.250000e-01
1.250000e-01
1.250000e-01
1.250000e-01
1.250000e-01
1.250000e-01
1.250000e-01
1.250000e-01
1.250000e-01
1.250000e-01
1.250002e-01
1.250019e-01
1.250211e-01
1.252359e-01
1.275144e-01
1.459663e-01
2.072529e-01
2.532441e-01
2.629720e-01
2.652417e-01
2.655743e-01
2.656042e-01
2.655943e-01
2.655598e-01
2.655156e-01
2.654952e-01
2.654930e-01
2.655093e-01
2.655581e-01
2.656011e-01
2.656166e-01
2.656073e-01
2.654867e-01
2.651738e-01
2.648793e-01
2.647564e-01
2.647540e-01
2.651755e-01
2.679521e-01
2.766644e-01
2.943319e-01
3.203272e-01
3.499345e-01
3.767540e-01
3.971605e-01
4.105193e-01
4.181373e-01
4.220444e-01
4.239020e-01
4.247601e-01
4.251726e-01
4.253946e-01
4.255329e-01
4.256295e-01
4.256998e-01
4.257506e-01
4.257890e-01
4.258254e-01
4.258694e-01
4.259187e-01
4.259649e-01
4.259941e-01
4.260096e-01
4.260203e-01
4.260458e-01
4.260670e-01
4.260631e-01
4.259101e-01
4.256222e-01
4.254886e-01
4.261559e-01
