4.261597e-01
4.264396e-01
4.272161e-01
4.286982e-01
4.309882e-01
4.340072e-01
4.376049e-01
4.416186e-01
4.459196e-01
4.504191e-01
4.550602e-01
4.598080e-01
4.646411e-01
4.695454e-01
4.745134e-01
4.795377e-01
4.846191e-01
4.897538e-01
4.949404e-01
5.001778e-01
5.054662e-01
5.108051e-01
5.161939e-01
5.216311e-01
5.271164e-01
5.326499e-01
5.382314e-01
5.438609e-01
5.495384e-01
5.552641e-01
5.610379e-01
5.668577e-01
5.727258e-01
5.786423e-01
5.846075e-01
5.906214e-01
5.966841e-01
6.027958e-01
6.089566e-01
6.151665e-01
6.214256e-01
6.277344e-01
6.340929e-01
6.405018e-01
6.469604e-01
6.534690e-01
6.600272e-01
6.666366e-01
6.732944e-01
6.800028e-01
6.867614e-01
6.935705e-01
7.004300e-01
7.073400e-01
7.143004e-01
7.213112e-01
7.283725e-01
7.354839e-01
7.426456e-01
7.498572e-01
7.571185e-01
7.644293e-01
7.717892e-01
7.791978e-01
7.866555e-01
7.941601e-01
8.017118e-01
8.093096e-01
8.169524e-01
8.246391e-01
8.323682e-01
8.401381e-01
8.479467e-01
8.557917e-01
8.636703e-01
8.715790e-01
8.795137e-01
8.874692e-01
8.954395e-01
9.034168e-01
9.113917e-01
9.193536e-01
9.272860e-01
9.351703e-01
9.429813e-01
9.506865e-01
9.582423e-01
9.655916e-01
9.726597e-01
9.793485e-01
9.855262e-01
9.910076e-01
9.954915e-01
9.985001e-01
9.997685e-01
9.999900e-01
9.999999e-01
1.000000e+00
1.000000e+00
1.000000e+00
1.000000e+00
1.000000e+00
1.000000e+00
1.000000e+00
1.000000e+00
1.000000e+00
1.000000e+00
1.000000e+00
1.000000e+00
1.000000e+00
1.000000e+00
1.000000e+00
1.000000e+00
1.000000e+00
1.000000e+00
1.000000e+00
1.000000e+00
1.000000e+00
1.000000e+00
1.000000e+00
1.000000e+00
1.000000e+00
1.000000e+00
1.000000e+00
1.000000e+00
1.000000e+00
1.000000e+00
1.000000e+00
1.000000e+00
1.000000e+00
1.000000e+00
1.000000e+00
1.000000e+00
1.000000e+00
1.000000e+00
1.000000e+00
1.000000e+00
1.000000e+00
1.000000e+00
1.000000e+00
1.000000e+00
1.000000e+00
1.000000e+00
1.000000e+00
1.000000e+00
1.000000e+00
1.000000e+00
1.000000e+00
1.000000e+00
1.000000e+00
1.000000e+00
1.000000e+00
1.000000e+00
1.000000e+00
1.000000e+00
1.000000e+00
1.000000e+00
9.999999e-01
9.999995e-01
9.999976e-01
9.999876e-01
9.999383e-01
9.997189e-01
9.989076e-01
9.966594e-01
9.922377e-01
9.858162e-01
9.781880e-01
9.700229e-01
9.616721e-01
9.532775e-01
9.448799e-01
9.364955e-01
9.281346e-01
9.198040e-01
9.115084e-01
9.032531e-01
8.950404e-01
8.868721e-01
8.787501e-01
8.706758e-01
8.626506e-01
8.546753e-01
8.467508e-01
8.388776e-01
8.310562e-01
8.232870e-01
8.155702e-01
8.079060e-01
8.002945e-01
7.927359e-01
7.852304e-01
7.777771e-01
7.703776e-01
7.630311e-01
7.557374e-01
7.484964e-01
7.413079e-01
7.341719e-01
7.270883e-01
7.200569e-01
7.130776e-01
7.061501e-01
6.992744e-01
6.924503e-01
6.856776e-01
6.789561e-01
6.722855e-01
6.656661e-01
6.590955e-01
6.525763e-01
6.461072e-01
6.396881e-01
6.333190e-01
6.270004e-01
6.207316e-01
6.145125e-01
6.083426e-01
6.022218e-01
5.961501e-01
5.901272e-01
5.841530e-01
5.782275e-01
5.723506e-01
5.665220e-01
5.607416e-01
5.550071e-01
5.493207e-01
5.436825e-01
5.380923e-01
5.325503e-01
5.270566e-01
5.216115e-01
5.162150e-01
5.108678e-01
5.055715e-01
5.003271e-01
4.951355e-01
4.899971e-01
4.849138e-01
4.798878e-01
4.749232e-01
4.700219e-01
4.651907e-01
4.604390e-01
4.557812e-01
4.512383e-01
4.468418e-01
4.426398e-01
4.387043e-01
4.351359e-01
4.320617e-01
4.296121e-01
4.278705e-01
4.268194e-01
4.263120e-01
4.261417e-01
4.261108e-01
4.261365e-01
4.261802e-01
4.262113e-01
4.262233e-01
4.262236e-01
4.262196e-01
4.262137e-01
4.262099e-01
4.262079e-01
4.262100e-01
4.262148e-01
4.262211e-01
4.262270e-01
4.262318e-01
4.262356e-01
4.262388e-01
4.262414e-01
4.262439e-01
4.262461e-01
4.262483e-01
4.262504e-01
4.262522e-01
4.262536e-01
4.262547e-01
4.262552e-01
4.262553e-01
4.262549e-01
4.262541e-01
4.262531e-01
4.262518e-01
4.262502e-01
4.262484e-01
4.262462e-01
4.262436e-01
4.262406e-01
4.262371e-01
4.262333e-01
4.262290e-01
4.262245e-01
4.262196e-01
4.262143e-01
4.262087e-01
4.262025e-01
4.261957e-01
4.261880e-01
4.261794e-01
4.261697e-01
4.261588e-01
4.261466e-01
4.261325e-01
4.261162e-01
4.260968e-01
4.260734e-01
4.260440e-01
4.260041e-01
4.259453e-01
4.258507e-01
4.256884e-01
4.253989e-01
4.248763e-01
4.239401e-01
4.222996e-01
4.195161e-01
4.149784e-01
4.079190e-01
3.975132e-01
3.831395e-01
3.646886e-01
3.428678e-01
3.196967e-01
2.982201e-01
2.811237e-01
2.703213e-01
2.658112e-01
2.649372e-01
2.649041e-01
2.649268e-01
2.650096e-01
2.651616e-01
2.653456e-01
2.654963e-01
2.655711e-01
2.655846e-01
2.655845e-01
2.655831e-01
2.655802e-01
2.655785e-01
2.655785e-01
2.655793e-01
2.655815e-01
2.655841e-01
2.655852e-01
2.655851e-01
2.655843e-01
2.655820e-01
2.655783e-01
2.655737e-01
2.655696e-01
2.655673e-01
2.655667e-01
2.655667e-01
2.655671e-01
2.655680e-01
2.655693e-01
2.655706e-01
2.655716e-01
2.655723e-01
2.655726e-01
2.655727e-01
2.655725e-01
2.655722e-01
2.655716e-01
2.655711e-01
2.655707e-01
2.655704e-01
2.655700e-01
2.655696e-01
2.655690e-01
2.655682e-01
2.655695e-01
2.656684e-01
2.688609e-01
3.229064e-01
4.689799e-01
5.054592e-01
5.124507e-01
5.124125e-01
5.049802e-01
4.703758e-01
3.275022e-01
2.670762e-01
2.655529e-01
2.655622e-01
2.655679e-01
2.655690e-01
2.655702e-01
2.655717e-01
2.655732e-01
2.655744e-01
2.655752e-01
2.655756e-01
2.655758e-01
2.655757e-01
2.655754e-01
2.655750e-01
2.655748e-01
2.655746e-01
2.655742e-01
2.655733e-01
2.655718e-01
2.655702e-01
2.655692e-01
2.655687e-01
2.655687e-01
2.655693e-01
2.655732e-01
2.655795e-01
2.655860e-01
2.655910e-01
2.655939e-01
2.655949e-01
2.655949e-01
2.655927e-01
2.655866e-01
2.655801e-01
2.655749e-01
2.655709e-01
2.655668e-01
2.655600e-01
2.655444e-01
2.655129e-01
2.654705e-01
2.654369e-01
2.654231e-01
2.654223e-01
2.654594e-01
2.657222e-01
2.667451e-01
2.695445e-01
2.755076e-01
2.858802e-01
3.010152e-01
3.201485e-01
3.414965e-01
3.624462e-01
3.808911e-01
3.957758e-01
4.067824e-01
4.143011e-01
4.191182e-01
4.220389e-01
4.237317e-01
4.246812e-01
4.252044e-01
4.254936e-01
4.256583e-01
4.257578e-01
4.258234e-01
4.258711e-01
4.259085e-01
4.259397e-01
4.259664e-01
4.259897e-01
4.260101e-01
4.260282e-01
4.260444e-01
4.260591e-01
4.260725e-01
4.260849e-01
4.260962e-01
4.261065e-01
4.261160e-01
4.261246e-01
4.261327e-01
4.261401e-01
4.261471e-01
4.261536e-01
4.261595e-01
4.261649e-01
4.261695e-01
4.261733e-01
4.261764e-01
4.261790e-01
4.261812e-01
4.261832e-01
4.261849e-01
4.261860e-01
4.261866e-01
4.261864e-01
4.261856e-01
4.261842e-01
4.261824e-01
4.261805e-01
4.261787e-01
4.261772e-01
4.261760e-01
4.261750e-01
4.261740e-01
4.261726e-01
4.261706e-01
4.261686e-01
4.261675e-01
4.261700e-01
4.261745e-01
4.261833e-01
4.261961e-01
4.262098e-01
4.262194e-01
4.262225e-01
4.262218e-01
4.262056e-01
4.261648e-01
4.261195e-01
4.261023e-01
