4.273102e-01
4.304701e-01
4.356001e-01
4.423676e-01
4.502379e-01
4.588138e-01
4.678461e-01
4.772050e-01
4.868112e-01
4.966447e-01
5.066865e-01
5.169279e-01
5.273552e-01
5.379640e-01
5.487529e-01
5.597188e-01
5.708548e-01
5.821655e-01
5.936519e-01
6.053141e-01
6.171514e-01
6.291635e-01
6.413529e-01
6.537156e-01
6.662555e-01
6.789619e-01
6.918413e-01
7.048913e-01
7.181103e-01
7.314960e-01
7.450457e-01
7.587552e-01
7.726195e-01
7.866366e-01
8.007911e-01
8.150771e-01
8.294800e-01
8.439827e-01
8.585626e-01
8.731901e-01
8.878252e-01
9.024149e-01
9.168901e-01
9.311446e-01
9.450336e-01
9.583473e-01
9.707969e-01
9.819579e-01
9.911187e-01
9.971739e-01
9.996012e-01
9.999852e-01
9.999999e-01
1.000000e+00
1.000000e+00
1.000000e+00
1.000000e+00
1.000000e+00
1.000000e+00
1.000000e+00
1.000000e+00
1.000000e+00
1.000000e+00
1.000000e+00
1.000000e+00
1.000000e+00
1.000000e+00
1.000000e+00
1.000000e+00
1.000000e+00
1.000000e+00
1.000000e+00
1.000000e+00
1.000000e+00
1.000000e+00
1.000000e+00
1.000000e+00
1.000000e+00
1.000000e+00
1.000000e+00
1.000000e+00
1.000000e+00
1.000000e+00
1.000000e+00
1.000000e+00
1.000000e+00
1.000000e+00
1.000000e+00
1.000000e+00
1.000000e+00
1.000000e+00
1.000000e+00
1.000000e+00
1.000000e+00
1.000000e+00
1.000000e+00
1.000000e+00
1.000000e+00
1.000000e+00
1.000000e+00
1.000000e+00
1.000000e+00
1.000000e+00
1.000000e+00
1.000000e+00
1.000000e+00
1.000000e+00
1.000000e+00
1.000000e+00
1.000000e+00
1.000000e+00
1.000000e+00
1.000000e+00
1.000000e+00
1.000000e+00
1.000000e+00
1.000000e+00
1.000000e+00
1.000000e+00
1.000000e+00
1.000000e+00
1.000000e+00
1.000000e+00
1.000000e+00
1.000000e+00
1.000000e+00
1.000000e+00
1.000000e+00
1.000000e+00
1.000000e+00
1.000000e+00
1.000000e+00
1.000000e+00
1.000000e+00
1.000000e+00
1.000000e+00
1.000000e+00
1.000000e+00
1.000000e+00
1.000000e+00
1.000000e+00
1.000000e+00
1.000000e+00
1.000000e+00
1.000000e+00
1.000000e+00
1.000000e+00
1.000000e+00
1.000000e+00
1.000000e+00
1.000000e+00
1.000000e+00
1.000000e+00
1.000000e+00
1.000000e+00
1.000000e+00
1.000000e+00
1.000000e+00
1.000000e+00
1.000000e+00
1.000000e+00
1.000000e+00
1.000000e+00
1.000000e+00
1.000000e+00
1.000000e+00
1.000000e+00
1.000000e+00
1.000000e+00
1.000000e+00
1.000000e+00
1.000000e+00
1.000000e+00
1.000000e+00
1.000000e+00
1.000000e+00
1.000000e+00
1.000000e+00
1.000000e+00
1.000000e+00
1.000000e+00
1.000000e+00
1.000000e+00
1.000000e+00
1.000000e+00
1.000000e+00
1.000000e+00
1.000000e+00
1.000000e+00
1.000000e+00
1.000000e+00
1.000000e+00
1.000000e+00
1.000000e+00
1.000000e+00
1.000000e+00
1.000000e+00
1.000000e+00
1.000000e+00
1.000000e+00
9.999999e-01
9.999996e-01
9.999979e-01
9.999885e-01
9.999389e-01
9.996989e-01
9.987085e-01
9.955815e-01
9.886349e-01
9.776493e-01
9.639950e-01
9.490969e-01
9.337726e-01
9.183622e-01
9.029754e-01
8.876759e-01
8.724937e-01
8.574491e-01
8.425558e-01
8.278230e-01
8.132574e-01
7.988635e-01
7.846453e-01
7.706008e-01
7.567389e-01
7.430564e-01
7.295536e-01
7.162310e-01
7.030883e-01
6.901253e-01
6.773417e-01
6.647374e-01
6.523054e-01
6.400542e-01
6.279803e-01
6.160860e-01
6.043688e-01
5.928279e-01
5.814640e-01
5.702770e-01
5.592654e-01
5.484250e-01
5.377627e-01
5.272826e-01
5.169875e-01
5.068840e-01
4.969882e-01
4.873145e-01
4.778841e-01
4.687294e-01
4.599248e-01
4.515904e-01
4.439310e-01
4.372611e-01
4.319769e-01
4.284156e-01
4.265465e-01
4.259188e-01
4.258226e-01
4.259490e-01
4.260931e-01
4.261625e-01
4.261747e-01
4.261723e-01
4.261660e-01
4.261521e-01
4.261352e-01
4.261204e-01
4.261086e-01
4.261057e-01
4.261049e-01
4.261034e-01
4.260998e-01
4.260931e-01
4.260823e-01
4.260671e-01
4.260478e-01
4.260252e-01
4.259995e-01
4.259685e-01
4.259272e-01
4.258662e-01
4.257671e-01
4.255920e-01
4.252583e-01
4.245907e-01
4.232403e-01
4.205733e-01
4.155631e-01
4.067759e-01
3.926221e-01
3.720848e-01
3.456798e-01
3.167563e-01
2.910575e-01
2.734605e-01
2.657690e-01
2.643077e-01
2.642764e-01
2.643725e-01
2.646548e-01
2.650725e-01
2.654352e-01
2.655986e-01
2.656202e-01
2.656169e-01
2.656029e-01
2.655789e-01
2.655587e-01
2.655544e-01
2.655556e-01
2.655609e-01
2.655691e-01
2.655737e-01
2.655722e-01
2.655661e-01
2.655588e-01
2.655537e-01
2.655477e-01
2.655396e-01
2.655152e-01
2.654083e-01
2.648777e-01
2.622003e-01
2.484387e-01
1.955886e-01
1.365052e-01
1.251914e-01
1.250002e-01
1.250000e-01
1.250000e-01
1.250000e-01
1.250000e-01
1.250000e-01
1.250000e-01
1.250000e-01
1.250000e-01
1.250000e-01
1.250000e-01
1.250000e-01
1.250000e-01
1.250000e-01
1.250000e-01
1.250000e-01
1.250000e-01
1.250000e-01
1.250000e-01
1.250000e-01
1.250000e-01
1.250000e-01
1.250000e-01
1.250000e-01
1.250000e-01
1.250000e-01
1.250000e-01
1.250000e-01
1.250000e-01
1.250000e-01
1.250000e-01
1.250000e-01
1.250000e-01
1.250000e-01
1.250000e-01
1.250000e-01
1.250000e-01
1.250000e-01
1.250000e-01
1.250000e-01
1.250000e-01
1.250000e-01
1.250000e-01
1.250000e-01
1.250000e-01
1.250000e-01
1.250000e-01
1.250000e-01
1.250000e-01
1.250000e-01
1.250000e-01
1.250000e-01
1.250000e-01
1.250000e-01
1.250000e-01
1.250000e-01
1.250000e-01
1.250000e-01
1.250000e-01
1.250000e-01
1.250000e-01
1.250000e-01
1.250000e-01
1.250000e-01
1.250000e-01
1.250000e-01
1.250000e-01
1.250000e-01
1.250000e-01
1.250000e-01
1.250000e-01
1.250000e-01
1.250000e-01
1.250000e-01
1.250000e-01
1.250000e-01
1.250000e-01
1.250000e-01
1.250000e-01
1.250000e-01
1.250000e-01
1.250000e-01
1.250000e-01
1.250000e-01
1.250000e-01
1.250000e-01
1.250000e-01
1.250000e-01
1.250000e-01
1.250000e-01
1.250000e-01
1.250000e-01
1.250000e-01
1.250000e-01
1.250000e-01
1.250000e-01
1.250000e-01
1.250000e-01
1.250000e-01
1.250000e-01
1.250000e-01
1.250000e-01
1.250000e-01
1.250000e-01
1.250000e-01
1.250000e-01
1.250000e-01
1.250000e-01
1.250001e-01
1.250011e-01
1.250130e-01
1.251464e-01
1.265872e-01
1.393506e-01
1.930925e-01
2.484650e-01
2.618992e-01
2.649750e-01
2.654577e-01
2.655220e-01
2.655372e-01
2.655463e-01
2.655580e-01
2.655727e-01
2.655880e-01
2.655950e-01
2.655946e-01
2.655841e-01
2.655626e-01
2.655446e-01
2.655362e-01
2.655352e-01
2.655458e-01
2.655682e-01
2.655789e-01
2.655805e-01
2.655478e-01
2.653918e-01
2.651822e-01
2.650543e-01
2.650240e-01
2.650861e-01
2.658341e-01
2.691495e-01
2.779210e-01
2.943703e-01
3.179126e-01
3.450777e-01
3.707425e-01
3.914248e-01
4.060585e-01
4.151869e-01
4.203415e-01
4.230335e-01
4.243680e-01
4.250195e-01
4.253480e-01
4.255278e-01
4.256375e-01
4.257120e-01
4.257672e-01
4.258112e-01
4.258479e-01
4.258792e-01
4.259056e-01
4.259278e-01
4.259468e-01
4.259629e-01
4.259762e-01
4.259870e-01
4.259988e-01
4.260172e-01
4.260415e-01
4.260695e-01
4.260923e-01
4.261046e-01
4.261141e-01
4.261242e-01
4.261298e-01
4.261223e-01
4.260267e-01
4.258418e-01
4.257304e-01
4.260176e-01
