4.261712e-01
4.265274e-01
4.274681e-01
4.292011e-01
4.317855e-01
4.351195e-01
4.390239e-01
4.433321e-01
4.479155e-01
4.526892e-01
4.576003e-01
4.626172e-01
4.677205e-01
4.728971e-01
4.781371e-01
4.834417e-01
4.888054e-01
4.942268e-01
4.997045e-01
5.052385e-01
5.108279e-01
5.164724e-01
5.221699e-01
5.279206e-01
5.337240e-01
5.395801e-01
5.454891e-01
5.514509e-01
5.574647e-01
5.635320e-01
5.696491e-01
5.758201e-01
5.820441e-01
5.883216e-01
5.946524e-01
6.010370e-01
6.074753e-01
6.139673e-01
6.205132e-01
6.271136e-01
6.337683e-01
6.404781e-01
6.472424e-01
6.540614e-01
6.609348e-01
6.678638e-01
6.748460e-01
6.818836e-01
6.889761e-01
6.961238e-01
7.033265e-01
7.105843e-01
7.178973e-01
7.252652e-01
7.326880e-01
7.401656e-01
7.476977e-01
7.552841e-01
7.629244e-01
7.706182e-01
7.783651e-01
7.861654e-01
7.940165e-01
8.019189e-01
8.098711e-01
8.178719e-01
8.259198e-01
8.340131e-01
8.421498e-01
8.503274e-01
8.585428e-01
8.667925e-01
8.750721e-01
8.833763e-01
8.916985e-01
9.000306e-01
9.083625e-01
9.166827e-01
9.249741e-01
9.332162e-01
9.413822e-01
9.494366e-01
9.573323e-01
9.650065e-01
9.723774e-01
9.793367e-01
9.857381e-01
9.913708e-01
9.958848e-01
9.987576e-01
9.998387e-01
9.999947e-01
1.000000e+00
1.000000e+00
1.000000e+00
1.000000e+00
1.000000e+00
1.000000e+00
1.000000e+00
1.000000e+00
1.000000e+00
1.000000e+00
1.000000e+00
1.000000e+00
1.000000e+00
1.000000e+00
1.000000e+00
1.000000e+00
1.000000e+00
1.000000e+00
1.000000e+00
1.000000e+00
1.000000e+00
1.000000e+00
1.000000e+00
1.000000e+00
1.000000e+00
1.000000e+00
1.000000e+00
1.000000e+00
1.000000e+00
1.000000e+00
1.000000e+00
1.000000e+00
1.000000e+00
1.000000e+00
1.000000e+00
1.000000e+00
1.000000e+00
1.000000e+00
1.000000e+00
1.000000e+00
1.000000e+00
1.000000e+00
1.000000e+00
1.000000e+00
1.000000e+00
1.000000e+00
1.000000e+00
1.000000e+00
1.000000e+00
1.000000e+00
1.000000e+00
1.000000e+00
1.000000e+00
1.000000e+00
1.000000e+00
1.000000e+00
1.000000e+00
1.000000e+00
1.000000e+00
1.000000e+00
1.000000e+00
1.000000e+00
1.000000e+00
1.000000e+00
1.000000e+00
1.000000e+00
1.000000e+00
1.000000e+00
1.000000e+00
9.999999e-01
9.999996e-01
9.999979e-01
9.999889e-01
9.999447e-01
9.997447e-01
9.989878e-01
9.968232e-01
9.924272e-01
9.858857e-01
9.780042e-01
9.695106e-01
9.607988e-01
9.520323e-01
9.432604e-01
9.345017e-01
9.257684e-01
9.170685e-01
9.084070e-01
8.997903e-01
8.912200e-01
8.826985e-01
8.742280e-01
8.658100e-01
8.574458e-01
8.491365e-01
8.408828e-01
8.326854e-01
8.245447e-01
8.164610e-01
8.084347e-01
8.004660e-01
7.925549e-01
7.847018e-01
7.769055e-01
7.691682e-01
7.614888e-01
7.538669e-01
7.463026e-01
7.387957e-01
7.313461e-01
7.239538e-01
7.166184e-01
7.093399e-01
7.021181e-01
6.949528e-01
6.878439e-01
6.807910e-01
6.737940e-01
6.668529e-01
6.599655e-01
6.531343e-01
6.463578e-01
6.396362e-01
6.329693e-01
6.263578e-01
6.198008e-01
6.132981e-01
6.068494e-01
6.004545e-01
5.941132e-01
5.878254e-01
5.815911e-01
5.754100e-01
5.692821e-01
5.632077e-01
5.571832e-01
5.512121e-01
5.452931e-01
5.394269e-01
5.336137e-01
5.278535e-01
5.221466e-01
5.164933e-01
5.108941e-01
5.053510e-01
4.998652e-01
4.944377e-01
4.890693e-01
4.837623e-01
4.785194e-01
4.733466e-01
4.682441e-01
4.632239e-01
4.582993e-01
4.534895e-01
4.488240e-01
4.443488e-01
4.401333e-01
4.362784e-01
4.329153e-01
4.301881e-01
4.282046e-01
4.269724e-01
4.263570e-01
4.261422e-01
4.260990e-01
4.261227e-01
4.261696e-01
4.262059e-01
4.262215e-01
4.262227e-01
4.262190e-01
4.262123e-01
4.262072e-01
4.262043e-01
4.262054e-01
4.262100e-01
4.262167e-01
4.262229e-01
4.262277e-01
4.262313e-01
4.262341e-01
4.262365e-01
4.262386e-01
4.262407e-01
4.262428e-01
4.262448e-01
4.262466e-01
4.262480e-01
4.262488e-01
4.262490e-01
4.262486e-01
4.262478e-01
4.262467e-01
4.262452e-01
4.262435e-01
4.262415e-01
4.262391e-01
4.262362e-01
4.262329e-01
4.262291e-01
4.262248e-01
4.262199e-01
4.262146e-01
4.262086e-01
4.262021e-01
4.261949e-01
4.261870e-01
4.261783e-01
4.261685e-01
4.261575e-01
4.261449e-01
4.261303e-01
4.261132e-01
4.260931e-01
4.260689e-01
4.260384e-01
4.259972e-01
4.259366e-01
4.258390e-01
4.256706e-01
4.253677e-01
4.248164e-01
4.238218e-01
4.220683e-01
4.190798e-01
4.141955e-01
4.065945e-01
3.954208e-01
3.800882e-01
3.605994e-01
3.379153e-01
3.144768e-01
2.934847e-01
2.776053e-01
2.684828e-01
2.653082e-01
2.648741e-01
2.648728e-01
2.649147e-01
2.650296e-01
2.652110e-01
2.654020e-01
2.655337e-01
2.655806e-01
2.655855e-01
2.655849e-01
2.655825e-01
2.655791e-01
2.655781e-01
2.655783e-01
2.655797e-01
2.655826e-01
2.655849e-01
2.655852e-01
2.655848e-01
2.655832e-01
2.655802e-01
2.655761e-01
2.655717e-01
2.655681e-01
2.655669e-01
2.655669e-01
2.655671e-01
2.655677e-01
2.655686e-01
2.655695e-01
2.655702e-01
2.655707e-01
2.655708e-01
2.655708e-01
2.655708e-01
2.655708e-01
2.655709e-01
2.655710e-01
2.655710e-01
2.655708e-01
2.655703e-01
2.655696e-01
2.655686e-01
2.655671e-01
2.655657e-01
2.655637e-01
2.655631e-01
2.655595e-01
2.655555e-01
2.655261e-01
2.653907e-01
2.646759e-01
2.609522e-01
2.436637e-01
1.986610e-01
1.923086e-01
2.422317e-01
2.606791e-01
2.648032e-01
2.654675e-01
2.655508e-01
2.655626e-01
2.655643e-01
2.655658e-01
2.655663e-01
2.655672e-01
2.655680e-01
2.655689e-01
2.655699e-01
2.655708e-01
2.655715e-01
2.655720e-01
2.655727e-01
2.655738e-01
2.655749e-01
2.655756e-01
2.655757e-01
2.655754e-01
2.655750e-01
2.655742e-01
2.655727e-01
2.655708e-01
2.655689e-01
2.655677e-01
2.655673e-01
2.655677e-01
2.655690e-01
2.655725e-01
2.655784e-01
2.655852e-01
2.655905e-01
2.655935e-01
2.655947e-01
2.655948e-01
2.655933e-01
2.655878e-01
2.655810e-01
2.655755e-01
2.655714e-01
2.655680e-01
2.655633e-01
2.655527e-01
2.655273e-01
2.654834e-01
2.654379e-01
2.654122e-01
2.654063e-01
2.654190e-01
2.655641e-01
2.662518e-01
2.683919e-01
2.733659e-01
2.826120e-01
2.968224e-01
3.154663e-01
3.369116e-01
3.585182e-01
3.778524e-01
3.936355e-01
4.054137e-01
4.134929e-01
4.186717e-01
4.218047e-01
4.236124e-01
4.246198e-01
4.251708e-01
4.254730e-01
4.256439e-01
4.257468e-01
4.258145e-01
4.258636e-01
4.259022e-01
4.259344e-01
4.259620e-01
4.259860e-01
4.260073e-01
4.260263e-01
4.260434e-01
4.260587e-01
4.260724e-01
4.260848e-01
4.260961e-01
4.261064e-01
4.261160e-01
4.261247e-01
4.261328e-01
4.261402e-01
4.261467e-01
4.261524e-01
4.261572e-01
4.261612e-01
4.261645e-01
4.261675e-01
4.261702e-01
4.261726e-01
4.261744e-01
4.261754e-01
4.261757e-01
4.261752e-01
4.261741e-01
4.261726e-01
4.261710e-01
4.261697e-01
4.261687e-01
4.261679e-01
4.261673e-01
4.261666e-01
4.261654e-01
4.261635e-01
4.261619e-01
4.261615e-01
4.261644e-01
4.261700e-01
4.261802e-01
4.261941e-01
4.262083e-01
4.262177e-01
4.262197e-01
4.262180e-01
4.261963e-01
4.261476e-01
4.261016e-01
4.260901e-01
