4.277057e-01
4.315380e-01
4.375301e-01
4.452211e-01
4.540194e-01
4.635196e-01
4.734786e-01
4.837658e-01
4.943380e-01
5.051626e-01
5.162255e-01
5.275107e-01
5.390099e-01
5.507191e-01
5.626387e-01
5.747533e-01
5.870765e-01
5.996048e-01
6.123371e-01
6.252745e-01
6.384174e-01
6.517634e-01
6.653153e-01
6.790609e-01
6.930067e-01
7.071495e-01
7.214874e-01
7.360164e-01
7.507319e-01
7.656285e-01
7.807013e-01
7.959360e-01
8.113214e-01
8.268409e-01
8.424725e-01
8.581873e-01
8.739468e-01
8.896989e-01
9.053728e-01
9.208740e-01
9.360550e-01
9.507116e-01
9.645510e-01
9.771573e-01
9.878557e-01
9.955200e-01
9.991752e-01
9.999537e-01
9.999996e-01
1.000000e+00
1.000000e+00
1.000000e+00
1.000000e+00
1.000000e+00
1.000000e+00
1.000000e+00
1.000000e+00
1.000000e+00
1.000000e+00
1.000000e+00
1.000000e+00
1.000000e+00
1.000000e+00
1.000000e+00
1.000000e+00
1.000000e+00
1.000000e+00
1.000000e+00
1.000000e+00
1.000000e+00
1.000000e+00
1.000000e+00
1.000000e+00
1.000000e+00
1.000000e+00
1.000000e+00
1.000000e+00
1.000000e+00
1.000000e+00
1.000000e+00
1.000000e+00
1.000000e+00
1.000000e+00
1.000000e+00
1.000000e+00
1.000000e+00
1.000000e+00
1.000000e+00
1.000000e+00
1.000000e+00
1.000000e+00
1.000000e+00
1.000000e+00
1.000000e+00
1.000000e+00
1.000000e+00
1.000000e+00
1.000000e+00
1.000000e+00
1.000000e+00
1.000000e+00
1.000000e+00
1.000000e+00
1.000000e+00
1.000000e+00
1.000000e+00
1.000000e+00
1.000000e+00
1.000000e+00
1.000000e+00
1.000000e+00
1.000000e+00
1.000000e+00
1.000000e+00
1.000000e+00
1.000000e+00
1.000000e+00
1.000000e+00
1.000000e+00
1.000000e+00
1.000000e+00
1.000000e+00
1.000000e+00
1.000000e+00
1.000000e+00
1.000000e+00
1.000000e+00
1.000000e+00
1.000000e+00
1.000000e+00
1.000000e+00
1.000000e+00
1.000000e+00
1.000000e+00
1.000000e+00
1.000000e+00
1.000000e+00
1.000000e+00
1.000000e+00
1.000000e+00
1.000000e+00
1.000000e+00
1.000000e+00
1.000000e+00
1.000000e+00
1.000000e+00
1.000000e+00
1.000000e+00
1.000000e+00
1.000000e+00
1.000000e+00
1.000000e+00
1.000000e+00
1.000000e+00
1.000000e+00
1.000000e+00
1.000000e+00
1.000000e+00
1.000000e+00
1.000000e+00
1.000000e+00
1.000000e+00
1.000000e+00
1.000000e+00
1.000000e+00
1.000000e+00
1.000000e+00
1.000000e+00
1.000000e+00
1.000000e+00
1.000000e+00
1.000000e+00
1.000000e+00
1.000000e+00
1.000000e+00
1.000000e+00
1.000000e+00
1.000000e+00
1.000000e+00
1.000000e+00
1.000000e+00
1.000000e+00
1.000000e+00
1.000000e+00
1.000000e+00
1.000000e+00
1.000000e+00
1.000000e+00
1.000000e+00
1.000000e+00
1.000000e+00
1.000000e+00
1.000000e+00
1.000000e+00
1.000000e+00
1.000000e+00
1.000000e+00
1.000000e+00
1.000000e+00
1.000000e+00
1.000000e+00
1.000000e+00
1.000000e+00
1.000000e+00
9.999999e-01
9.999993e-01
9.999961e-01
9.999787e-01
9.998885e-01
9.994663e-01
9.978413e-01
9.932323e-01
9.841444e-01
9.710764e-01
9.557233e-01
9.394231e-01
9.228547e-01
9.062611e-01
8.897387e-01
8.733389e-01
8.570910e-01
8.410143e-01
8.251216e-01
8.094215e-01
7.939203e-01
7.786214e-01
7.635270e-01
7.486428e-01
7.339674e-01
7.195008e-01
7.052433e-01
6.911950e-01
6.773556e-01
6.637247e-01
6.502952e-01
6.370762e-01
6.240655e-01
6.112631e-01
5.986686e-01
5.862801e-01
5.740986e-01
5.621262e-01
5.503511e-01
5.387875e-01
5.274369e-01
5.163046e-01
5.054018e-01
4.947481e-01
4.843647e-01
4.742905e-01
4.645724e-01
4.553382e-01
4.467936e-01
4.392627e-01
4.331821e-01
4.289726e-01
4.266880e-01
4.258959e-01
4.257643e-01
4.259085e-01
4.260712e-01
4.261467e-01
4.261605e-01
4.261588e-01
4.261517e-01
4.261365e-01
4.261153e-01
4.260955e-01
4.260809e-01
4.260758e-01
4.260732e-01
4.260673e-01
4.260552e-01
4.260372e-01
4.260157e-01
4.259917e-01
4.259635e-01
4.259260e-01
4.258714e-01
4.257856e-01
4.256404e-01
4.253721e-01
4.248386e-01
4.237411e-01
4.215067e-01
4.171554e-01
4.092402e-01
3.960293e-01
3.762052e-01
3.499323e-01
3.202621e-01
2.932475e-01
2.743512e-01
2.658839e-01
2.642126e-01
2.641718e-01
2.642781e-01
2.645932e-01
2.650535e-01
2.654406e-01
2.656102e-01
2.656342e-01
2.656305e-01
2.656134e-01
2.655841e-01
2.655580e-01
2.655447e-01
2.655405e-01
2.655406e-01
2.655455e-01
2.655534e-01
2.655604e-01
2.655649e-01
2.655656e-01
2.655565e-01
2.655153e-01
2.653131e-01
2.643206e-01
2.593235e-01
2.341527e-01
1.680660e-01
1.283054e-01
1.250185e-01
1.250000e-01
1.250000e-01
1.250000e-01
1.250000e-01
1.250000e-01
1.250000e-01
1.250000e-01
1.250000e-01
1.250000e-01
1.250000e-01
1.250000e-01
1.250000e-01
1.250000e-01
1.250000e-01
1.250000e-01
1.250000e-01
1.250000e-01
1.250000e-01
1.250000e-01
1.250000e-01
1.250000e-01
1.250000e-01
1.250000e-01
1.250000e-01
1.250000e-01
1.250000e-01
1.250000e-01
1.250000e-01
1.250000e-01
1.250000e-01
1.250000e-01
1.250000e-01
1.250000e-01
1.250000e-01
1.250000e-01
1.250000e-01
1.250000e-01
1.250000e-01
1.250000e-01
1.250000e-01
1.250000e-01
1.250000e-01
1.250000e-01
1.250000e-01
1.250000e-01
1.250000e-01
1.250000e-01
1.250000e-01
1.250000e-01
1.250000e-01
1.250000e-01
1.250000e-01
1.250000e-01
1.250000e-01
1.250000e-01
1.250000e-01
1.250000e-01
1.250000e-01
1.250000e-01
1.250000e-01
1.250000e-01
1.250000e-01
1.250000e-01
1.250000e-01
1.250000e-01
1.250000e-01
1.250000e-01
1.250000e-01
1.250000e-01
1.250000e-01
1.250000e-01
1.250000e-01
1.250000e-01
1.250000e-01
1.250000e-01
1.250000e-01
1.250000e-01
1.250000e-01
1.250000e-01
1.250000e-01
1.250000e-01
1.250000e-01
1.250000e-01
1.250000e-01
1.250000e-01
1.250000e-01
1.250000e-01
1.250000e-01
1.250000e-01
1.250000e-01
1.250000e-01
1.250000e-01
1.250000e-01
1.250000e-01
1.250000e-01
1.250000e-01
1.250000e-01
1.250000e-01
1.250000e-01
1.250000e-01
1.250000e-01
1.250000e-01
1.250000e-01
1.250000e-01
1.250000e-01
1.250000e-01
1.250000e-01
1.250000e-01
1.250000e-01
1.250000e-01
1.250000e-01
1.250000e-01
1.250000e-01
1.250000e-01
1.250000e-01
1.250000e-01
1.250000e-01
1.250000e-01
1.250000e-01
1.250005e-01
1.250051e-01
1.250581e-01
1.256428e-01
1.314510e-01
1.670342e-01
2.332592e-01
2.590626e-01
2.643569e-01
2.653927e-01
2.655412e-01
2.655656e-01
2.655722e-01
2.655713e-01
2.655710e-01
2.655678e-01
2.655617e-01
2.655514e-01
2.655429e-01
2.655398e-01
2.655419e-01
2.655587e-01
2.655792e-01
2.655880e-01
2.655858e-01
2.655422e-01
2.653865e-01
2.651455e-01
2.649845e-01
2.649433e-01
2.650043e-01
2.657696e-01
2.692451e-01
2.787090e-01
2.963562e-01
3.212384e-01
3.492848e-01
3.749592e-01
3.950091e-01
4.086649e-01
4.168495e-01
4.212909e-01
4.235251e-01
4.246011e-01
4.251206e-01
4.253870e-01
4.255403e-01
4.256403e-01
4.257118e-01
4.257656e-01
4.258079e-01
4.258430e-01
4.258736e-01
4.259001e-01
4.259213e-01
4.259377e-01
4.259542e-01
4.259782e-01
4.260088e-01
4.260418e-01
4.260660e-01
4.260788e-01
4.260880e-01
4.261012e-01
4.261101e-01
4.261040e-01
4.259928e-01
4.257766e-01
4.256566e-01
4.260454e-01
