4.262938e-01
4.272384e-01
4.291847e-01
4.323008e-01
4.364293e-01
4.413253e-01
4.467435e-01
4.525102e-01
4.585145e-01
4.646914e-01
4.710012e-01
4.774219e-01
4.839436e-01
4.905600e-01
4.972666e-01
5.040615e-01
5.109428e-01
5.179093e-01
5.249574e-01
5.320869e-01
5.392974e-01
5.465882e-01
5.539597e-01
5.614120e-01
5.689406e-01
5.765503e-01
5.842406e-01
5.920120e-01
5.998645e-01
6.077981e-01
6.158131e-01
6.239100e-01
6.320885e-01
6.403502e-01
6.486937e-01
6.571190e-01
6.656281e-01
6.742165e-01
6.828876e-01
6.916408e-01
7.004762e-01
7.093936e-01
7.183928e-01
7.274736e-01
7.366354e-01
7.458778e-01
7.552001e-01
7.646012e-01
7.740801e-01
7.836373e-01
7.932682e-01
8.029725e-01
8.127473e-01
8.225897e-01
8.324962e-01
8.424622e-01
8.524823e-01
8.625499e-01
8.726566e-01
8.827918e-01
8.929423e-01
9.030911e-01
9.132175e-01
9.232932e-01
9.332798e-01
9.431274e-01
9.527671e-01
9.621053e-01
9.710172e-01
9.793350e-01
9.868189e-01
9.930839e-01
9.974962e-01
9.995512e-01
9.999757e-01
9.999998e-01
1.000000e+00
1.000000e+00
1.000000e+00
1.000000e+00
1.000000e+00
1.000000e+00
1.000000e+00
1.000000e+00
1.000000e+00
1.000000e+00
1.000000e+00
1.000000e+00
1.000000e+00
1.000000e+00
1.000000e+00
1.000000e+00
1.000000e+00
1.000000e+00
1.000000e+00
1.000000e+00
1.000000e+00
1.000000e+00
1.000000e+00
1.000000e+00
1.000000e+00
1.000000e+00
1.000000e+00
1.000000e+00
1.000000e+00
1.000000e+00
1.000000e+00
1.000000e+00
1.000000e+00
1.000000e+00
1.000000e+00
1.000000e+00
1.000000e+00
1.000000e+00
1.000000e+00
1.000000e+00
1.000000e+00
1.000000e+00
1.000000e+00
1.000000e+00
1.000000e+00
1.000000e+00
1.000000e+00
1.000000e+00
1.000000e+00
1.000000e+00
1.000000e+00
1.000000e+00
1.000000e+00
1.000000e+00
1.000000e+00
1.000000e+00
1.000000e+00
1.000000e+00
1.000000e+00
1.000000e+00
1.000000e+00
1.000000e+00
1.000000e+00
1.000000e+00
1.000000e+00
1.000000e+00
1.000000e+00
1.000000e+00
1.000000e+00
1.000000e+00
1.000000e+00
1.000000e+00
1.000000e+00
1.000000e+00
1.000000e+00
1.000000e+00
1.000000e+00
1.000000e+00
1.000000e+00
1.000000e+00
1.000000e+00
1.000000e+00
1.000000e+00
1.000000e+00
1.000000e+00
1.000000e+00
1.000000e+00
1.000000e+00
1.000000e+00
1.000000e+00
1.000000e+00
1.000000e+00
1.000000e+00
1.000000e+00
1.000000e+00
1.000000e+00
1.000000e+00
1.000000e+00
1.000000e+00
1.000000e+00
1.000000e+00
1.000000e+00
9.999998e-01
9.999987e-01
9.999932e-01
9.999649e-01
9.998301e-01
9.992712e-01
9.974548e-01
9.932161e-01
9.861609e-01
9.770606e-01
9.669214e-01
9.563735e-01
9.457065e-01
9.350198e-01
9.243491e-01
9.137161e-01
9.031348e-01
8.926160e-01
8.821642e-01
8.717842e-01
8.614797e-01
8.512536e-01
8.411080e-01
8.310445e-01
8.210642e-01
8.111682e-01
8.013571e-01
7.916313e-01
7.819914e-01
7.724364e-01
7.629690e-01
7.535876e-01
7.442921e-01
7.350824e-01
7.259583e-01
7.169198e-01
7.079665e-01
6.990982e-01
6.903146e-01
6.816155e-01
6.730004e-01
6.644692e-01
6.560189e-01
6.476530e-01
6.393697e-01
6.311690e-01
6.230519e-01
6.150170e-01
6.070639e-01
5.991925e-01
5.914023e-01
5.836931e-01
5.760650e-01
5.685178e-01
5.610513e-01
5.536615e-01
5.463523e-01
5.391241e-01
5.319766e-01
5.249108e-01
5.179275e-01
5.110275e-01
5.042149e-01
4.974919e-01
4.908615e-01
4.843274e-01
4.778957e-01
4.715763e-01
4.653792e-01
4.593289e-01
4.534638e-01
4.478419e-01
4.425545e-01
4.377398e-01
4.335848e-01
4.302966e-01
4.280160e-01
4.267246e-01
4.261731e-01
4.260444e-01
4.260434e-01
4.261088e-01
4.261773e-01
4.262098e-01
4.262137e-01
4.262118e-01
4.262035e-01
4.261942e-01
4.261881e-01
4.261844e-01
4.261863e-01
4.261911e-01
4.261970e-01
4.262016e-01
4.262049e-01
4.262071e-01
4.262085e-01
4.262094e-01
4.262099e-01
4.262100e-01
4.262099e-01
4.262095e-01
4.262088e-01
4.262074e-01
4.262053e-01
4.262022e-01
4.261981e-01
4.261927e-01
4.261863e-01
4.261788e-01
4.261703e-01
4.261609e-01
4.261500e-01
4.261370e-01
4.261212e-01
4.261021e-01
4.260790e-01
4.260514e-01
4.260172e-01
4.259718e-01
4.259051e-01
4.257963e-01
4.256033e-01
4.252446e-01
4.245682e-01
4.233054e-01
4.210134e-01
4.170198e-01
4.104088e-01
4.001074e-01
3.851918e-01
3.653681e-01
3.414603e-01
3.161563e-01
2.934189e-01
2.766082e-01
2.676105e-01
2.649461e-01
2.646904e-01
2.647058e-01
2.647958e-01
2.649922e-01
2.652527e-01
2.654724e-01
2.655765e-01
2.655941e-01
2.655935e-01
2.655886e-01
2.655795e-01
2.655725e-01
2.655710e-01
2.655717e-01
2.655747e-01
2.655796e-01
2.655834e-01
2.655841e-01
2.655838e-01
2.655822e-01
2.655788e-01
2.655739e-01
2.655691e-01
2.655656e-01
2.655636e-01
2.655628e-01
2.655623e-01
2.655618e-01
2.655617e-01
2.655619e-01
2.655625e-01
2.655633e-01
2.655643e-01
2.655652e-01
2.655661e-01
2.655657e-01
2.655652e-01
2.655564e-01
2.655176e-01
2.653229e-01
2.643616e-01
2.595326e-01
2.351534e-01
1.695328e-01
1.285841e-01
1.250214e-01
1.250000e-01
1.250000e-01
1.250000e-01
1.250000e-01
1.250000e-01
1.250000e-01
1.250000e-01
1.250000e-01
1.250000e-01
1.250000e-01
1.250000e-01
1.250000e-01
1.250000e-01
1.250000e-01
1.250000e-01
1.250000e-01
1.250000e-01
1.250000e-01
1.250000e-01
1.250000e-01
1.250000e-01
1.250000e-01
1.250000e-01
1.250000e-01
1.250000e-01
1.250000e-01
1.250000e-01
1.250000e-01
1.250000e-01
1.250000e-01
1.250000e-01
1.250000e-01
1.250000e-01
1.250000e-01
1.250000e-01
1.250000e-01
1.250000e-01
1.250000e-01
1.250000e-01
1.250000e-01
1.250000e-01
1.250005e-01
1.250054e-01
1.250612e-01
1.256766e-01
1.317594e-01
1.683586e-01
2.343326e-01
2.592591e-01
2.644134e-01
2.654124e-01
2.655481e-01
2.655627e-01
2.655650e-01
2.655643e-01
2.655643e-01
2.655642e-01
2.655644e-01
2.655654e-01
2.655672e-01
2.655682e-01
2.655680e-01
2.655664e-01
2.655643e-01
2.655627e-01
2.655619e-01
2.655618e-01
2.655646e-01
2.655727e-01
2.655820e-01
2.655904e-01
2.655958e-01
2.655980e-01
2.655981e-01
2.655951e-01
2.655856e-01
2.655749e-01
2.655676e-01
2.655638e-01
2.655623e-01
2.655619e-01
2.655609e-01
2.655523e-01
2.655139e-01
2.654373e-01
2.653601e-01
2.653213e-01
2.653151e-01
2.653611e-01
2.657697e-01
2.674555e-01
2.720435e-01
2.814295e-01
2.966688e-01
3.170814e-01
3.404871e-01
3.634900e-01
3.833251e-01
3.987648e-01
4.096069e-01
4.165740e-01
4.207430e-01
4.230952e-01
4.243667e-01
4.250383e-01
4.253940e-01
4.255897e-01
4.257056e-01
4.257816e-01
4.258370e-01
4.258807e-01
4.259170e-01
4.259480e-01
4.259747e-01
4.259974e-01
4.260167e-01
4.260329e-01
4.260470e-01
4.260594e-01
4.260706e-01
4.260804e-01
4.260889e-01
4.260961e-01
4.261018e-01
4.261061e-01
4.261092e-01
4.261115e-01
4.261134e-01
4.261154e-01
4.261175e-01
4.261197e-01
4.261216e-01
4.261232e-01
4.261243e-01
4.261247e-01
4.261243e-01
4.261240e-01
4.261288e-01
4.261357e-01
4.261475e-01
4.261634e-01
4.261791e-01
4.261907e-01
4.261966e-01
4.261984e-01
4.261935e-01
4.261530e-01
4.260695e-01
4.260034e-01
4.260333e-01
