4.261823e-01
4.266808e-01
4.278534e-01
4.299394e-01
4.329307e-01
4.366846e-01
4.409984e-01
4.456981e-01
4.506593e-01
4.558030e-01
4.610814e-01
4.664658e-01
4.719369e-01
4.774832e-01
4.831028e-01
4.887903e-01
4.945436e-01
5.003604e-01
5.062411e-01
5.121850e-01
5.181901e-01
5.242555e-01
5.303805e-01
5.365651e-01
5.428093e-01
5.491128e-01
5.554757e-01
5.618986e-01
5.683777e-01
5.749170e-01
5.815161e-01
5.881754e-01
5.948947e-01
6.016744e-01
6.085146e-01
6.154154e-01
6.223766e-01
6.293990e-01
6.364832e-01
6.436288e-01
6.508356e-01
6.581035e-01
6.654341e-01
6.728242e-01
6.802762e-01
6.877899e-01
6.953653e-01
7.030024e-01
7.107013e-01
7.184618e-01
7.262839e-01
7.341673e-01
7.421119e-01
7.501173e-01
7.581831e-01
7.663088e-01
7.744939e-01
7.827388e-01
7.910408e-01
7.993998e-01
8.078144e-01
8.162831e-01
8.248041e-01
8.333752e-01
8.419940e-01
8.506574e-01
8.593615e-01
8.681018e-01
8.768728e-01
8.856676e-01
8.944777e-01
9.032923e-01
9.120984e-01
9.208800e-01
9.296135e-01
9.382710e-01
9.468143e-01
9.551926e-01
9.633377e-01
9.711600e-01
9.785409e-01
9.853185e-01
9.912557e-01
9.959549e-01
9.988490e-01
9.998654e-01
9.999962e-01
1.000000e+00
1.000000e+00
1.000000e+00
1.000000e+00
1.000000e+00
1.000000e+00
1.000000e+00
1.000000e+00
1.000000e+00
1.000000e+00
1.000000e+00
1.000000e+00
1.000000e+00
1.000000e+00
1.000000e+00
1.000000e+00
1.000000e+00
1.000000e+00
1.000000e+00
1.000000e+00
1.000000e+00
1.000000e+00
1.000000e+00
1.000000e+00
1.000000e+00
1.000000e+00
1.000000e+00
1.000000e+00
1.000000e+00
1.000000e+00
1.000000e+00
1.000000e+00
1.000000e+00
1.000000e+00
1.000000e+00
1.000000e+00
1.000000e+00
1.000000e+00
1.000000e+00
1.000000e+00
1.000000e+00
1.000000e+00
1.000000e+00
1.000000e+00
1.000000e+00
1.000000e+00
1.000000e+00
1.000000e+00
1.000000e+00
1.000000e+00
1.000000e+00
1.000000e+00
1.000000e+00
1.000000e+00
1.000000e+00
1.000000e+00
1.000000e+00
1.000000e+00
1.000000e+00
1.000000e+00
1.000000e+00
1.000000e+00
1.000000e+00
1.000000e+00
1.000000e+00
1.000000e+00
1.000000e+00
1.000000e+00
1.000000e+00
1.000000e+00
1.000000e+00
1.000000e+00
1.000000e+00
1.000000e+00
1.000000e+00
1.000000e+00
1.000000e+00
1.000000e+00
1.000000e+00
9.999999e-01
9.999996e-01
9.999978e-01
9.999885e-01
9.999423e-01
9.997332e-01
9.989390e-01
9.966609e-01
9.920241e-01
9.851155e-01
9.767862e-01
9.678062e-01
9.585931e-01
9.493209e-01
9.400430e-01
9.307806e-01
9.215478e-01
9.123530e-01
9.032037e-01
8.941047e-01
8.850585e-01
8.760678e-01
8.671349e-01
8.582615e-01
8.494490e-01
8.406983e-01
8.320104e-01
8.233858e-01
8.148249e-01
8.063282e-01
7.978959e-01
7.895281e-01
7.812250e-01
7.729862e-01
7.648130e-01
7.567046e-01
7.486607e-01
7.406811e-01
7.327659e-01
7.249149e-01
7.171279e-01
7.094047e-01
7.017451e-01
6.941489e-01
6.866160e-01
6.791459e-01
6.717387e-01
6.643939e-01
6.571095e-01
6.498881e-01
6.427283e-01
6.356300e-01
6.285935e-01
6.216189e-01
6.147056e-01
6.078528e-01
6.010606e-01
5.943289e-01
5.876575e-01
5.810461e-01
5.744948e-01
5.680032e-01
5.615717e-01
5.551965e-01
5.488811e-01
5.426252e-01
5.364288e-01
5.302922e-01
5.242157e-01
5.181996e-01
5.122446e-01
5.063522e-01
5.005249e-01
4.947640e-01
4.890700e-01
4.834458e-01
4.778953e-01
4.724254e-01
4.670386e-01
4.617488e-01
4.565757e-01
4.515465e-01
4.467038e-01
4.421135e-01
4.378747e-01
4.341232e-01
4.310186e-01
4.286984e-01
4.272077e-01
4.264329e-01
4.261447e-01
4.260831e-01
4.261031e-01
4.261548e-01
4.261993e-01
4.262186e-01
4.262204e-01
4.262171e-01
4.262100e-01
4.262039e-01
4.262010e-01
4.261999e-01
4.262040e-01
4.262103e-01
4.262163e-01
4.262211e-01
4.262247e-01
4.262274e-01
4.262296e-01
4.262316e-01
4.262335e-01
4.262353e-01
4.262369e-01
4.262381e-01
4.262390e-01
4.262394e-01
4.262393e-01
4.262386e-01
4.262373e-01
4.262355e-01
4.262332e-01
4.262306e-01
4.262276e-01
4.262242e-01
4.262202e-01
4.262156e-01
4.262103e-01
4.262042e-01
4.261972e-01
4.261893e-01
4.261804e-01
4.261705e-01
4.261595e-01
4.261471e-01
4.261328e-01
4.261162e-01
4.260965e-01
4.260728e-01
4.260435e-01
4.260052e-01
4.259507e-01
4.258652e-01
4.257196e-01
4.254580e-01
4.249780e-01
4.240994e-01
4.225232e-01
4.197854e-01
4.152244e-01
4.079935e-01
3.971718e-01
3.820685e-01
3.625889e-01
3.396250e-01
3.156403e-01
2.940438e-01
2.777068e-01
2.683987e-01
2.652356e-01
2.648252e-01
2.648267e-01
2.648776e-01
2.650102e-01
2.652124e-01
2.654153e-01
2.655452e-01
2.655853e-01
2.655880e-01
2.655868e-01
2.655828e-01
2.655780e-01
2.655761e-01
2.655763e-01
2.655778e-01
2.655810e-01
2.655841e-01
2.655851e-01
2.655849e-01
2.655838e-01
2.655810e-01
2.655768e-01
2.655721e-01
2.655685e-01
2.655666e-01
2.655658e-01
2.655656e-01
2.655657e-01
2.655663e-01
2.655673e-01
2.655683e-01
2.655693e-01
2.655701e-01
2.655707e-01
2.655710e-01
2.655710e-01
2.655707e-01
2.655702e-01
2.655692e-01
2.655678e-01
2.655662e-01
2.655645e-01
2.655639e-01
2.655618e-01
2.655608e-01
2.655475e-01
2.654987e-01
2.652390e-01
2.639607e-01
2.574790e-01
2.259254e-01
1.578595e-01
1.267532e-01
1.250061e-01
1.250000e-01
1.250000e-01
1.250000e-01
1.250000e-01
1.250000e-01
1.250000e-01
1.250000e-01
1.250003e-01
1.250035e-01
1.250396e-01
1.254404e-01
1.295448e-01
1.579327e-01
2.244048e-01
2.573470e-01
2.639341e-01
2.653375e-01
2.655329e-01
2.655571e-01
2.655610e-01
2.655624e-01
2.655643e-01
2.655673e-01
2.655699e-01
2.655713e-01
2.655718e-01
2.655719e-01
2.655720e-01
2.655720e-01
2.655722e-01
2.655722e-01
2.655726e-01
2.655731e-01
2.655733e-01
2.655729e-01
2.655716e-01
2.655696e-01
2.655678e-01
2.655666e-01
2.655662e-01
2.655665e-01
2.655697e-01
2.655770e-01
2.655849e-01
2.655914e-01
2.655954e-01
2.655967e-01
2.655968e-01
2.655943e-01
2.655871e-01
2.655790e-01
2.655729e-01
2.655690e-01
2.655665e-01
2.655636e-01
2.655563e-01
2.655341e-01
2.654881e-01
2.654322e-01
2.653953e-01
2.653846e-01
2.653908e-01
2.655078e-01
2.661377e-01
2.682107e-01
2.731912e-01
2.826370e-01
2.972893e-01
3.165383e-01
3.385769e-01
3.605440e-01
3.799427e-01
3.955338e-01
4.069452e-01
4.146158e-01
4.194309e-01
4.222831e-01
4.238963e-01
4.247799e-01
4.252576e-01
4.255188e-01
4.256680e-01
4.257599e-01
4.258223e-01
4.258691e-01
4.259069e-01
4.259390e-01
4.259668e-01
4.259910e-01
4.260122e-01
4.260308e-01
4.260474e-01
4.260623e-01
4.260757e-01
4.260879e-01
4.260990e-01
4.261091e-01
4.261180e-01
4.261257e-01
4.261322e-01
4.261377e-01
4.261425e-01
4.261469e-01
4.261509e-01
4.261543e-01
4.261569e-01
4.261587e-01
4.261597e-01
4.261599e-01
4.261594e-01
4.261586e-01
4.261578e-01
4.261572e-01
4.261568e-01
4.261566e-01
4.261565e-01
4.261561e-01
4.261553e-01
4.261536e-01
4.261521e-01
4.261534e-01
4.261571e-01
4.261644e-01
4.261761e-01
4.261908e-01
4.262043e-01
4.262127e-01
4.262146e-01
4.262124e-01
4.261858e-01
4.261264e-01
4.260776e-01
4.260764e-01
