4.265934e-01
4.283303e-01
4.315001e-01
4.360893e-01
4.417585e-01
4.481697e-01
4.550618e-01
4.622752e-01
4.697159e-01
4.773346e-01
4.851036e-01
4.930140e-01
5.010548e-01
5.092229e-01
5.175162e-01
5.259272e-01
5.344555e-01
5.430990e-01
5.518583e-01
5.607326e-01
5.697164e-01
5.788149e-01
5.880282e-01
5.973566e-01
6.067999e-01
6.163579e-01
6.260319e-01
6.358219e-01
6.457281e-01
6.557492e-01
6.658879e-01
6.761377e-01
6.865033e-01
6.969835e-01
7.075781e-01
7.182865e-01
7.291079e-01
7.400412e-01
7.510852e-01
7.622378e-01
7.734970e-01
7.848627e-01
7.963269e-01
8.078882e-01
8.195404e-01
8.312773e-01
8.430904e-01
8.549693e-01
8.669008e-01
8.788680e-01
8.908487e-01
9.028142e-01
9.147289e-01
9.265403e-01
9.381787e-01
9.495471e-01
9.605101e-01
9.708853e-01
9.804188e-01
9.887199e-01
9.951230e-01
9.987859e-01
9.998876e-01
9.999978e-01
1.000000e+00
1.000000e+00
1.000000e+00
1.000000e+00
1.000000e+00
1.000000e+00
1.000000e+00
1.000000e+00
1.000000e+00
1.000000e+00
1.000000e+00
1.000000e+00
1.000000e+00
1.000000e+00
1.000000e+00
1.000000e+00
1.000000e+00
1.000000e+00
1.000000e+00
1.000000e+00
1.000000e+00
1.000000e+00
1.000000e+00
1.000000e+00
1.000000e+00
1.000000e+00
1.000000e+00
1.000000e+00
1.000000e+00
1.000000e+00
1.000000e+00
1.000000e+00
1.000000e+00
1.000000e+00
1.000000e+00
1.000000e+00
1.000000e+00
1.000000e+00
1.000000e+00
1.000000e+00
1.000000e+00
1.000000e+00
1.000000e+00
1.000000e+00
1.000000e+00
1.000000e+00
1.000000e+00
1.000000e+00
1.000000e+00
1.000000e+00
1.000000e+00
1.000000e+00
1.000000e+00
1.000000e+00
1.000000e+00
1.000000e+00
1.000000e+00
1.000000e+00
1.000000e+00
1.000000e+00
1.000000e+00
1.000000e+00
1.000000e+00
1.000000e+00
1.000000e+00
1.000000e+00
1.000000e+00
1.000000e+00
1.000000e+00
1.000000e+00
1.000000e+00
1.000000e+00
1.000000e+00
1.000000e+00
1.000000e+00
1.000000e+00
1.000000e+00
1.000000e+00
1.000000e+00
1.000000e+00
1.000000e+00
1.000000e+00
1.000000e+00
1.000000e+00
1.000000e+00
1.000000e+00
1.000000e+00
1.000000e+00
1.000000e+00
1.000000e+00
1.000000e+00
1.000000e+00
1.000000e+00
1.000000e+00
1.000000e+00
1.000000e+00
1.000000e+00
1.000000e+00
1.000000e+00
1.000000e+00
1.000000e+00
1.000000e+00
1.000000e+00
1.000000e+00
1.000000e+00
1.000000e+00
1.000000e+00
1.000000e+00
1.000000e+00
1.000000e+00
1.000000e+00
1.000000e+00
1.000000e+00
1.000000e+00
1.000000e+00
1.000000e+00
1.000000e+00
1.000000e+00
1.000000e+00
1.000000e+00
1.000000e+00
1.000000e+00
1.000000e+00
1.000000e+00
1.000000e+00
9.999999e-01
9.999993e-01
9.999961e-01
9.999794e-01
9.998956e-01
9.995195e-01
9.981398e-01
9.944117e-01
9.873296e-01
9.773522e-01
9.657184e-01
9.533765e-01
9.408078e-01
9.281952e-01
9.156007e-01
9.030581e-01
8.905925e-01
8.782146e-01
8.659332e-01
8.537553e-01
8.416857e-01
8.297279e-01
8.178847e-01
8.061578e-01
7.945488e-01
7.830589e-01
7.716867e-01
7.604367e-01
7.493070e-01
7.382972e-01
7.274074e-01
7.166375e-01
7.059872e-01
6.954563e-01
6.850443e-01
6.747510e-01
6.645759e-01
6.545147e-01
6.445727e-01
6.347472e-01
6.250394e-01
6.154484e-01
6.059739e-01
5.966149e-01
5.873710e-01
5.782424e-01
5.692291e-01
5.603304e-01
5.515418e-01
5.428683e-01
5.343112e-01
5.258707e-01
5.175490e-01
5.093482e-01
5.012767e-01
4.933383e-01
4.855393e-01
4.778924e-01
4.704135e-01
4.631298e-01
4.560909e-01
4.493810e-01
4.431327e-01
4.375485e-01
4.328960e-01
4.294385e-01
4.272962e-01
4.262781e-01
4.259877e-01
4.259568e-01
4.260453e-01
4.261433e-01
4.261916e-01
4.262012e-01
4.262002e-01
4.261930e-01
4.261805e-01
4.261689e-01
4.261619e-01
4.261573e-01
4.261615e-01
4.261666e-01
4.261700e-01
4.261716e-01
4.261717e-01
4.261706e-01
4.261686e-01
4.261656e-01
4.261616e-01
4.261567e-01
4.261510e-01
4.261445e-01
4.261366e-01
4.261265e-01
4.261133e-01
4.260964e-01
4.260754e-01
4.260502e-01
4.260200e-01
4.259821e-01
4.259299e-01
4.258493e-01
4.257111e-01
4.254555e-01
4.249631e-01
4.240063e-01
4.221787e-01
4.188138e-01
4.129320e-01
4.032895e-01
3.886693e-01
3.684890e-01
3.434602e-01
3.165536e-01
2.924731e-01
2.752223e-01
2.667342e-01
2.646424e-01
2.645157e-01
2.645554e-01
2.647140e-01
2.650044e-01
2.653261e-01
2.655381e-01
2.656014e-01
2.656045e-01
2.656001e-01
2.655873e-01
2.655717e-01
2.655640e-01
2.655636e-01
2.655657e-01
2.655708e-01
2.655773e-01
2.655802e-01
2.655798e-01
2.655786e-01
2.655759e-01
2.655717e-01
2.655671e-01
2.655632e-01
2.655605e-01
2.655587e-01
2.655577e-01
2.655561e-01
2.655549e-01
2.655499e-01
2.655439e-01
2.655096e-01
2.653655e-01
2.646437e-01
2.610499e-01
2.426302e-01
1.823902e-01
1.317120e-01
1.250678e-01
1.250000e-01
1.250000e-01
1.250000e-01
1.250000e-01
1.250000e-01
1.250000e-01
1.250000e-01
1.250000e-01
1.250000e-01
1.250000e-01
1.250000e-01
1.250000e-01
1.250000e-01
1.250000e-01
1.250000e-01
1.250000e-01
1.250000e-01
1.250000e-01
1.250000e-01
1.250000e-01
1.250000e-01
1.250000e-01
1.250000e-01
1.250000e-01
1.250000e-01
1.250000e-01
1.250000e-01
1.250000e-01
1.250000e-01
1.250000e-01
1.250000e-01
1.250000e-01
1.250000e-01
1.250000e-01
1.250000e-01
1.250000e-01
1.250000e-01
1.250000e-01
1.250000e-01
1.250000e-01
1.250000e-01
1.250000e-01
1.250000e-01
1.250000e-01
1.250000e-01
1.250000e-01
1.250000e-01
1.250000e-01
1.250000e-01
1.250000e-01
1.250000e-01
1.250000e-01
1.250000e-01
1.250000e-01
1.250000e-01
1.250000e-01
1.250000e-01
1.250000e-01
1.250000e-01
1.250000e-01
1.250000e-01
1.250000e-01
1.250000e-01
1.250000e-01
1.250000e-01
1.250000e-01
1.250000e-01
1.250000e-01
1.250000e-01
1.250000e-01
1.250000e-01
1.250000e-01
1.250000e-01
1.250000e-01
1.250001e-01
1.250007e-01
1.250084e-01
1.250948e-01
1.260390e-01
1.349399e-01
1.802948e-01
2.423544e-01
2.607106e-01
2.647369e-01
2.654463e-01
2.655425e-01
2.655569e-01
2.655591e-01
2.655590e-01
2.655572e-01
2.655548e-01
2.655529e-01
2.655517e-01
2.655532e-01
2.655609e-01
2.655715e-01
2.655824e-01
2.655914e-01
2.655964e-01
2.655975e-01
2.655950e-01
2.655833e-01
2.655681e-01
2.655584e-01
2.655548e-01
2.655547e-01
2.655591e-01
2.655635e-01
2.655640e-01
2.655511e-01
2.654755e-01
2.653462e-01
2.652436e-01
2.652074e-01
2.652125e-01
2.654204e-01
2.666564e-01
2.707088e-01
2.798954e-01
2.957449e-01
3.175576e-01
3.426254e-01
3.668395e-01
3.871116e-01
4.022603e-01
4.123628e-01
4.185014e-01
4.219626e-01
4.238047e-01
4.247514e-01
4.252354e-01
4.254906e-01
4.256350e-01
4.257256e-01
4.257892e-01
4.258382e-01
4.258780e-01
4.259110e-01
4.259386e-01
4.259616e-01
4.259805e-01
4.259960e-01
4.260088e-01
4.260197e-01
4.260294e-01
4.260385e-01
4.260467e-01
4.260540e-01
4.260606e-01
4.260664e-01
4.260714e-01
4.260751e-01
4.260776e-01
4.260805e-01
4.260892e-01
4.261023e-01
4.261211e-01
4.261407e-01
4.261553e-01
4.261646e-01
4.261700e-01
4.261723e-01
4.261649e-01
4.261044e-01
4.259836e-01
4.258966e-01
4.259987e-01
