4.266304e-01
4.284532e-01
4.317479e-01
4.364805e-01
4.422962e-01
4.488509e-01
4.558840e-01
4.632377e-01
4.708188e-01
4.785780e-01
4.864923e-01
4.945498e-01
5.027427e-01
5.110660e-01
5.195171e-01
5.280894e-01
5.367826e-01
5.455948e-01
5.545246e-01
5.635747e-01
5.727360e-01
5.820174e-01
5.914168e-01
6.009348e-01
6.105717e-01
6.203271e-01
6.302014e-01
6.401964e-01
6.503105e-01
6.605435e-01
6.708953e-01
6.813631e-01
6.919499e-01
7.026547e-01
7.134768e-01
7.244156e-01
7.354702e-01
7.466391e-01
7.579204e-01
7.693123e-01
7.808137e-01
7.924191e-01
8.041247e-01
8.159257e-01
8.278153e-01
8.397854e-01
8.518257e-01
8.639231e-01
8.760608e-01
8.882168e-01
9.003628e-01
9.124626e-01
9.244660e-01
9.363027e-01
9.478773e-01
9.590550e-01
9.696539e-01
9.794221e-01
9.879750e-01
9.946580e-01
9.986001e-01
9.998586e-01
9.999968e-01
1.000000e+00
1.000000e+00
1.000000e+00
1.000000e+00
1.000000e+00
1.000000e+00
1.000000e+00
1.000000e+00
1.000000e+00
1.000000e+00
1.000000e+00
1.000000e+00
1.000000e+00
1.000000e+00
1.000000e+00
1.000000e+00
1.000000e+00
1.000000e+00
1.000000e+00
1.000000e+00
1.000000e+00
1.000000e+00
1.000000e+00
1.000000e+00
1.000000e+00
1.000000e+00
1.000000e+00
1.000000e+00
1.000000e+00
1.000000e+00
1.000000e+00
1.000000e+00
1.000000e+00
1.000000e+00
1.000000e+00
1.000000e+00
1.000000e+00
1.000000e+00
1.000000e+00
1.000000e+00
1.000000e+00
1.000000e+00
1.000000e+00
1.000000e+00
1.000000e+00
1.000000e+00
1.000000e+00
1.000000e+00
1.000000e+00
1.000000e+00
1.000000e+00
1.000000e+00
1.000000e+00
1.000000e+00
1.000000e+00
1.000000e+00
1.000000e+00
1.000000e+00
1.000000e+00
1.000000e+00
1.000000e+00
1.000000e+00
1.000000e+00
1.000000e+00
1.000000e+00
1.000000e+00
1.000000e+00
1.000000e+00
1.000000e+00
1.000000e+00
1.000000e+00
1.000000e+00
1.000000e+00
1.000000e+00
1.000000e+00
1.000000e+00
1.000000e+00
1.000000e+00
1.000000e+00
1.000000e+00
1.000000e+00
1.000000e+00
1.000000e+00
1.000000e+00
1.000000e+00
1.000000e+00
1.000000e+00
1.000000e+00
1.000000e+00
1.000000e+00
1.000000e+00
1.000000e+00
1.000000e+00
1.000000e+00
1.000000e+00
1.000000e+00
1.000000e+00
1.000000e+00
1.000000e+00
1.000000e+00
1.000000e+00
1.000000e+00
1.000000e+00
1.000000e+00
1.000000e+00
1.000000e+00
1.000000e+00
1.000000e+00
1.000000e+00
1.000000e+00
1.000000e+00
1.000000e+00
1.000000e+00
1.000000e+00
1.000000e+00
1.000000e+00
1.000000e+00
1.000000e+00
1.000000e+00
1.000000e+00
1.000000e+00
1.000000e+00
1.000000e+00
1.000000e+00
1.000000e+00
1.000000e+00
1.000000e+00
9.999998e-01
9.999992e-01
9.999955e-01
9.999759e-01
9.998788e-01
9.994480e-01
9.979013e-01
9.938433e-01
9.863567e-01
9.760298e-01
9.641272e-01
9.515671e-01
9.388042e-01
9.260062e-01
9.132314e-01
9.005144e-01
8.878785e-01
8.753343e-01
8.628908e-01
8.505548e-01
8.383311e-01
8.262232e-01
8.142336e-01
8.023643e-01
7.906167e-01
7.789912e-01
7.674885e-01
7.561109e-01
7.448571e-01
7.337270e-01
7.227203e-01
7.118370e-01
7.010769e-01
6.904395e-01
6.799245e-01
6.695321e-01
6.592581e-01
6.491057e-01
6.390736e-01
6.291623e-01
6.193727e-01
6.097030e-01
6.001524e-01
5.907210e-01
5.814086e-01
5.722147e-01
5.631407e-01
5.541787e-01
5.453367e-01
5.366134e-01
5.280101e-01
5.195292e-01
5.111726e-01
5.029474e-01
4.948586e-01
4.869135e-01
4.791229e-01
4.715046e-01
4.640815e-01
4.569046e-01
4.500576e-01
4.436724e-01
4.379515e-01
4.331663e-01
4.295910e-01
4.273597e-01
4.262926e-01
4.259827e-01
4.259479e-01
4.260387e-01
4.261397e-01
4.261902e-01
4.262002e-01
4.261989e-01
4.261914e-01
4.261786e-01
4.261666e-01
4.261594e-01
4.261546e-01
4.261587e-01
4.261634e-01
4.261665e-01
4.261677e-01
4.261675e-01
4.261662e-01
4.261637e-01
4.261602e-01
4.261555e-01
4.261500e-01
4.261437e-01
4.261364e-01
4.261273e-01
4.261154e-01
4.261000e-01
4.260805e-01
4.260569e-01
4.260286e-01
4.259937e-01
4.259471e-01
4.258779e-01
4.257632e-01
4.255555e-01
4.251584e-01
4.243842e-01
4.228886e-01
4.200882e-01
4.150896e-01
4.066963e-01
3.936097e-01
3.749739e-01
3.510418e-01
3.240688e-01
2.986112e-01
2.790607e-01
2.681866e-01
2.648324e-01
2.644979e-01
2.645200e-01
2.646463e-01
2.649140e-01
2.652485e-01
2.655015e-01
2.655972e-01
2.656065e-01
2.656035e-01
2.655920e-01
2.655754e-01
2.655643e-01
2.655622e-01
2.655633e-01
2.655675e-01
2.655739e-01
2.655787e-01
2.655796e-01
2.655791e-01
2.655773e-01
2.655739e-01
2.655694e-01
2.655650e-01
2.655612e-01
2.655585e-01
2.655560e-01
2.655540e-01
2.655500e-01
2.655475e-01
2.655323e-01
2.654823e-01
2.652269e-01
2.639790e-01
2.576605e-01
2.267774e-01
1.588053e-01
1.268718e-01
1.250069e-01
1.250000e-01
1.250000e-01
1.250000e-01
1.250000e-01
1.250000e-01
1.250000e-01
1.250000e-01
1.250000e-01
1.250000e-01
1.250000e-01
1.250000e-01
1.250000e-01
1.250000e-01
1.250000e-01
1.250000e-01
1.250000e-01
1.250000e-01
1.250000e-01
1.250000e-01
1.250000e-01
1.250000e-01
1.250000e-01
1.250000e-01
1.250000e-01
1.250000e-01
1.250000e-01
1.250000e-01
1.250000e-01
1.250000e-01
1.250000e-01
1.250000e-01
1.250000e-01
1.250000e-01
1.250000e-01
1.250000e-01
1.250000e-01
1.250000e-01
1.250000e-01
1.250000e-01
1.250000e-01
1.250000e-01
1.250000e-01
1.250000e-01
1.250000e-01
1.250000e-01
1.250000e-01
1.250000e-01
1.250000e-01
1.250000e-01
1.250000e-01
1.250000e-01
1.250000e-01
1.250000e-01
1.250000e-01
1.250000e-01
1.250000e-01
1.250000e-01
1.250000e-01
1.250000e-01
1.250000e-01
1.250000e-01
1.250000e-01
1.250000e-01
1.250000e-01
1.250000e-01
1.250000e-01
1.250000e-01
1.250000e-01
1.250000e-01
1.250000e-01
1.250000e-01
1.250000e-01
1.250000e-01
1.250000e-01
1.250000e-01
1.250000e-01
1.250000e-01
1.250003e-01
1.250036e-01
1.250411e-01
1.254570e-01
1.297040e-01
1.587566e-01
2.253086e-01
2.575117e-01
2.639616e-01
2.653302e-01
2.655254e-01
2.655513e-01
2.655557e-01
2.655564e-01
2.655558e-01
2.655541e-01
2.655533e-01
2.655532e-01
2.655562e-01
2.655634e-01
2.655732e-01
2.655827e-01
2.655903e-01
2.655952e-01
2.655964e-01
2.655926e-01
2.655792e-01
2.655648e-01
2.655569e-01
2.655545e-01
2.655550e-01
2.655606e-01
2.655638e-01
2.655632e-01
2.655399e-01
2.654458e-01
2.653108e-01
2.652199e-01
2.651949e-01
2.652169e-01
2.655696e-01
2.673273e-01
2.725412e-01
2.835128e-01
3.012726e-01
3.244877e-01
3.498861e-01
3.732954e-01
3.922114e-01
4.058380e-01
4.146273e-01
4.198221e-01
4.226831e-01
4.241798e-01
4.249423e-01
4.253331e-01
4.255425e-01
4.256650e-01
4.257451e-01
4.258036e-01
4.258494e-01
4.258867e-01
4.259177e-01
4.259434e-01
4.259646e-01
4.259820e-01
4.259963e-01
4.260085e-01
4.260194e-01
4.260295e-01
4.260386e-01
4.260466e-01
4.260536e-01
4.260599e-01
4.260654e-01
4.260696e-01
4.260726e-01
4.260760e-01
4.260851e-01
4.260988e-01
4.261181e-01
4.261380e-01
4.261525e-01
4.261616e-01
4.261673e-01
4.261697e-01
4.261620e-01
4.260994e-01
4.259750e-01
4.258861e-01
4.259975e-01
