4.263260e-01
4.273679e-01
4.294743e-01
4.327914e-01
4.371353e-01
4.422442e-01
4.478683e-01
4.538349e-01
4.600366e-01
4.664110e-01
4.729199e-01
4.795397e-01
4.862674e-01
4.930925e-01
5.000114e-01
5.070234e-01
5.141269e-01
5.213177e-01
5.285949e-01
5.359574e-01
5.434052e-01
5.509384e-01
5.585552e-01
5.662560e-01
5.740390e-01
5.819077e-01
5.898617e-01
5.979010e-01
6.060258e-01
6.142363e-01
6.225327e-01
6.309151e-01
6.393850e-01
6.479411e-01
6.565832e-01
6.653135e-01
6.741272e-01
6.830278e-01
6.920147e-01
7.010880e-01
7.102475e-01
7.194928e-01
7.288238e-01
7.382397e-01
7.477400e-01
7.573240e-01
7.669904e-01
7.767381e-01
7.865672e-01
7.964726e-01
8.064540e-01
8.165079e-01
8.266309e-01
8.368186e-01
8.470657e-01
8.573656e-01
8.677101e-01
8.780890e-01
8.884892e-01
8.988941e-01
9.092826e-01
9.196288e-01
9.298938e-01
9.400293e-01
9.499682e-01
9.596182e-01
9.688563e-01
9.775169e-01
9.853665e-01
9.920365e-01
9.969076e-01
9.993695e-01
9.999580e-01
9.999995e-01
1.000000e+00
1.000000e+00
1.000000e+00
1.000000e+00
1.000000e+00
1.000000e+00
1.000000e+00
1.000000e+00
1.000000e+00
1.000000e+00
1.000000e+00
1.000000e+00
1.000000e+00
1.000000e+00
1.000000e+00
1.000000e+00
1.000000e+00
1.000000e+00
1.000000e+00
1.000000e+00
1.000000e+00
1.000000e+00
1.000000e+00
1.000000e+00
1.000000e+00
1.000000e+00
1.000000e+00
1.000000e+00
1.000000e+00
1.000000e+00
1.000000e+00
1.000000e+00
1.000000e+00
1.000000e+00
1.000000e+00
1.000000e+00
1.000000e+00
1.000000e+00
1.000000e+00
1.000000e+00
1.000000e+00
1.000000e+00
1.000000e+00
1.000000e+00
1.000000e+00
1.000000e+00
1.000000e+00
1.000000e+00
1.000000e+00
1.000000e+00
1.000000e+00
1.000000e+00
1.000000e+00
1.000000e+00
1.000000e+00
1.000000e+00
1.000000e+00
1.000000e+00
1.000000e+00
1.000000e+00
1.000000e+00
1.000000e+00
1.000000e+00
1.000000e+00
1.000000e+00
1.000000e+00
1.000000e+00
1.000000e+00
1.000000e+00
1.000000e+00
1.000000e+00
1.000000e+00
1.000000e+00
1.000000e+00
1.000000e+00
1.000000e+00
1.000000e+00
1.000000e+00
1.000000e+00
1.000000e+00
1.000000e+00
1.000000e+00
1.000000e+00
1.000000e+00
1.000000e+00
1.000000e+00
1.000000e+00
1.000000e+00
1.000000e+00
1.000000e+00
1.000000e+00
1.000000e+00
1.000000e+00
1.000000e+00
1.000000e+00
1.000000e+00
1.000000e+00
1.000000e+00
1.000000e+00
1.000000e+00
1.000000e+00
1.000000e+00
1.000000e+00
1.000000e+00
1.000000e+00
9.999999e-01
9.999997e-01
9.999982e-01
9.999907e-01
9.999524e-01
9.997728e-01
9.990530e-01
9.968335e-01
9.919646e-01
9.842781e-01
9.746911e-01
9.641866e-01
9.533379e-01
9.423960e-01
9.314435e-01
9.205140e-01
9.096275e-01
8.987998e-01
8.880387e-01
8.773497e-01
8.667375e-01
8.562058e-01
8.457573e-01
8.353941e-01
8.251177e-01
8.149293e-01
8.048297e-01
7.948196e-01
7.848997e-01
7.750685e-01
7.653295e-01
7.556810e-01
7.461228e-01
7.366548e-01
7.272770e-01
7.179890e-01
7.087908e-01
6.996820e-01
6.906624e-01
6.817316e-01
6.728893e-01
6.641352e-01
6.554663e-01
6.468862e-01
6.383930e-01
6.299869e-01
6.216687e-01
6.134371e-01
6.052914e-01
5.972317e-01
5.892575e-01
5.813688e-01
5.735653e-01
5.658475e-01
5.582121e-01
5.506606e-01
5.431929e-01
5.358109e-01
5.285148e-01
5.213050e-01
5.141830e-01
5.071504e-01
5.002124e-01
4.933716e-01
4.866302e-01
4.799944e-01
4.734763e-01
4.670812e-01
4.608358e-01
4.547766e-01
4.489597e-01
4.434749e-01
4.384602e-01
4.341063e-01
4.306308e-01
4.281939e-01
4.267927e-01
4.261829e-01
4.260369e-01
4.260316e-01
4.261001e-01
4.261724e-01
4.262067e-01
4.262123e-01
4.262110e-01
4.262027e-01
4.261927e-01
4.261855e-01
4.261812e-01
4.261823e-01
4.261871e-01
4.261932e-01
4.261979e-01
4.262010e-01
4.262029e-01
4.262039e-01
4.262043e-01
4.262045e-01
4.262044e-01
4.262040e-01
4.262033e-01
4.262020e-01
4.262000e-01
4.261971e-01
4.261932e-01
4.261880e-01
4.261815e-01
4.261739e-01
4.261652e-01
4.261552e-01
4.261437e-01
4.261299e-01
4.261132e-01
4.260928e-01
4.260683e-01
4.260386e-01
4.260012e-01
4.259499e-01
4.258715e-01
4.257392e-01
4.254992e-01
4.250479e-01
4.241939e-01
4.226050e-01
4.197460e-01
4.148305e-01
4.068364e-01
3.946674e-01
3.775768e-01
3.556598e-01
3.304691e-01
3.055927e-01
2.849488e-01
2.714953e-01
2.657940e-01
2.647025e-01
2.646688e-01
2.647134e-01
2.648611e-01
2.651093e-01
2.653714e-01
2.655425e-01
2.655935e-01
2.655960e-01
2.655931e-01
2.655844e-01
2.655742e-01
2.655694e-01
2.655692e-01
2.655711e-01
2.655757e-01
2.655812e-01
2.655843e-01
2.655846e-01
2.655839e-01
2.655814e-01
2.655769e-01
2.655713e-01
2.655664e-01
2.655629e-01
2.655610e-01
2.655598e-01
2.655592e-01
2.655595e-01
2.655605e-01
2.655619e-01
2.655634e-01
2.655650e-01
2.655657e-01
2.655662e-01
2.655647e-01
2.655606e-01
2.655353e-01
2.654171e-01
2.648296e-01
2.619057e-01
2.469102e-01
1.917670e-01
1.349242e-01
1.251432e-01
1.250001e-01
1.250000e-01
1.250000e-01
1.250000e-01
1.250000e-01
1.250000e-01
1.250000e-01
1.250000e-01
1.250000e-01
1.250000e-01
1.250000e-01
1.250000e-01
1.250000e-01
1.250000e-01
1.250000e-01
1.250000e-01
1.250000e-01
1.250000e-01
1.250000e-01
1.250000e-01
1.250000e-01
1.250000e-01
1.250000e-01
1.250000e-01
1.250000e-01
1.250000e-01
1.250000e-01
1.250000e-01
1.250000e-01
1.250000e-01
1.250000e-01
1.250000e-01
1.250000e-01
1.250000e-01
1.250000e-01
1.250000e-01
1.250000e-01
1.250000e-01
1.250000e-01
1.250000e-01
1.250000e-01
1.250000e-01
1.250000e-01
1.250000e-01
1.250000e-01
1.250000e-01
1.250001e-01
1.250010e-01
1.250115e-01
1.251290e-01
1.264039e-01
1.379226e-01
1.893185e-01
2.468757e-01
2.615930e-01
2.649386e-01
2.654867e-01
2.655561e-01
2.655653e-01
2.655650e-01
2.655650e-01
2.655640e-01
2.655637e-01
2.655636e-01
2.655639e-01
2.655644e-01
2.655645e-01
2.655637e-01
2.655627e-01
2.655621e-01
2.655621e-01
2.655639e-01
2.655687e-01
2.655767e-01
2.655852e-01
2.655917e-01
2.655957e-01
2.655973e-01
2.655968e-01
2.655907e-01
2.655792e-01
2.655703e-01
2.655653e-01
2.655631e-01
2.655620e-01
2.655611e-01
2.655576e-01
2.655390e-01
2.654794e-01
2.653903e-01
2.653242e-01
2.653025e-01
2.653082e-01
2.654675e-01
2.663721e-01
2.693724e-01
2.763822e-01
2.890633e-01
3.075500e-01
3.302427e-01
3.540744e-01
3.756515e-01
3.931169e-01
4.058588e-01
4.142828e-01
4.194331e-01
4.223843e-01
4.239929e-01
4.248428e-01
4.252889e-01
4.255293e-01
4.256676e-01
4.257552e-01
4.258167e-01
4.258642e-01
4.259031e-01
4.259359e-01
4.259637e-01
4.259871e-01
4.260068e-01
4.260237e-01
4.260387e-01
4.260519e-01
4.260635e-01
4.260734e-01
4.260817e-01
4.260885e-01
4.260938e-01
4.260978e-01
4.261010e-01
4.261037e-01
4.261063e-01
4.261090e-01
4.261116e-01
4.261141e-01
4.261162e-01
4.261178e-01
4.261185e-01
4.261184e-01
4.261183e-01
4.261236e-01
4.261314e-01
4.261442e-01
4.261607e-01
4.261764e-01
4.261876e-01
4.261932e-01
4.261950e-01
4.261897e-01
4.261465e-01
4.260579e-01
4.259888e-01
4.260265e-01
