4.263349e-01
4.274026e-01
4.295508e-01
4.329199e-01
4.373192e-01
4.424829e-01
4.481602e-01
4.541784e-01
4.604310e-01
4.668563e-01
4.734169e-01
4.800884e-01
4.868694e-01
4.937487e-01
5.007229e-01
5.077912e-01
5.149523e-01
5.222014e-01
5.295381e-01
5.369613e-01
5.444706e-01
5.520666e-01
5.597479e-01
5.675126e-01
5.753622e-01
5.832983e-01
5.913208e-01
5.994300e-01
6.076256e-01
6.159080e-01
6.242779e-01
6.327348e-01
6.412804e-01
6.499133e-01
6.586331e-01
6.674423e-01
6.763358e-01
6.853176e-01
6.943868e-01
7.035434e-01
7.127872e-01
7.221179e-01
7.315351e-01
7.410382e-01
7.506265e-01
7.602990e-01
7.700547e-01
7.798929e-01
7.898114e-01
7.998074e-01
8.098789e-01
8.200227e-01
8.302347e-01
8.405104e-01
8.508437e-01
8.612273e-01
8.716522e-01
8.821069e-01
8.925767e-01
9.030429e-01
9.134825e-01
9.238637e-01
9.341437e-01
9.442658e-01
9.541518e-01
9.636951e-01
9.727540e-01
9.811345e-01
9.885507e-01
9.945251e-01
9.983439e-01
9.997850e-01
9.999930e-01
1.000000e+00
1.000000e+00
1.000000e+00
1.000000e+00
1.000000e+00
1.000000e+00
1.000000e+00
1.000000e+00
1.000000e+00
1.000000e+00
1.000000e+00
1.000000e+00
1.000000e+00
1.000000e+00
1.000000e+00
1.000000e+00
1.000000e+00
1.000000e+00
1.000000e+00
1.000000e+00
1.000000e+00
1.000000e+00
1.000000e+00
1.000000e+00
1.000000e+00
1.000000e+00
1.000000e+00
1.000000e+00
1.000000e+00
1.000000e+00
1.000000e+00
1.000000e+00
1.000000e+00
1.000000e+00
1.000000e+00
1.000000e+00
1.000000e+00
1.000000e+00
1.000000e+00
1.000000e+00
1.000000e+00
1.000000e+00
1.000000e+00
1.000000e+00
1.000000e+00
1.000000e+00
1.000000e+00
1.000000e+00
1.000000e+00
1.000000e+00
1.000000e+00
1.000000e+00
1.000000e+00
1.000000e+00
1.000000e+00
1.000000e+00
1.000000e+00
1.000000e+00
1.000000e+00
1.000000e+00
1.000000e+00
1.000000e+00
1.000000e+00
1.000000e+00
1.000000e+00
1.000000e+00
1.000000e+00
1.000000e+00
1.000000e+00
1.000000e+00
1.000000e+00
1.000000e+00
1.000000e+00
1.000000e+00
1.000000e+00
1.000000e+00
1.000000e+00
1.000000e+00
1.000000e+00
1.000000e+00
1.000000e+00
1.000000e+00
1.000000e+00
1.000000e+00
1.000000e+00
1.000000e+00
1.000000e+00
1.000000e+00
1.000000e+00
1.000000e+00
1.000000e+00
1.000000e+00
1.000000e+00
1.000000e+00
1.000000e+00
1.000000e+00
1.000000e+00
1.000000e+00
1.000000e+00
1.000000e+00
1.000000e+00
1.000000e+00
1.000000e+00
1.000000e+00
1.000000e+00
1.000000e+00
1.000000e+00
9.999998e-01
9.999992e-01
9.999956e-01
9.999772e-01
9.998866e-01
9.994919e-01
9.981020e-01
9.945229e-01
9.880099e-01
9.790923e-01
9.688444e-01
9.580377e-01
9.470525e-01
9.360306e-01
9.250189e-01
9.140432e-01
9.031201e-01
8.922622e-01
8.814750e-01
8.707636e-01
8.601323e-01
8.495842e-01
8.391218e-01
8.287466e-01
8.184602e-01
8.082633e-01
7.981569e-01
7.881415e-01
7.782166e-01
7.683837e-01
7.586431e-01
7.489941e-01
7.394365e-01
7.299702e-01
7.205950e-01
7.113108e-01
7.021172e-01
6.930140e-01
6.840009e-01
6.750775e-01
6.662439e-01
6.574963e-01
6.488389e-01
6.402695e-01
6.317882e-01
6.233962e-01
6.150917e-01
6.068748e-01
5.987450e-01
5.907018e-01
5.827452e-01
5.748751e-01
5.670915e-01
5.593929e-01
5.517777e-01
5.442480e-01
5.368052e-01
5.294492e-01
5.221806e-01
5.150008e-01
5.079113e-01
5.009175e-01
4.940219e-01
4.872266e-01
4.805381e-01
4.739683e-01
4.675220e-01
4.612264e-01
4.551169e-01
4.492495e-01
4.437137e-01
4.386476e-01
4.342424e-01
4.307186e-01
4.282410e-01
4.268107e-01
4.261859e-01
4.260348e-01
4.260284e-01
4.260978e-01
4.261711e-01
4.262062e-01
4.262121e-01
4.262107e-01
4.262024e-01
4.261921e-01
4.261847e-01
4.261804e-01
4.261814e-01
4.261861e-01
4.261923e-01
4.261969e-01
4.261999e-01
4.262017e-01
4.262026e-01
4.262030e-01
4.262031e-01
4.262030e-01
4.262025e-01
4.262016e-01
4.262002e-01
4.261980e-01
4.261949e-01
4.261907e-01
4.261852e-01
4.261785e-01
4.261706e-01
4.261614e-01
4.261510e-01
4.261387e-01
4.261241e-01
4.261062e-01
4.260846e-01
4.260585e-01
4.260267e-01
4.259855e-01
4.259270e-01
4.258343e-01
4.256735e-01
4.253768e-01
4.248155e-01
4.237558e-01
4.218009e-01
4.183291e-01
4.124599e-01
4.031086e-01
3.892327e-01
3.703257e-01
3.469098e-01
3.212860e-01
2.974670e-01
2.791203e-01
2.686048e-01
2.650883e-01
2.646616e-01
2.646695e-01
2.647495e-01
2.649411e-01
2.652105e-01
2.654504e-01
2.655740e-01
2.655964e-01
2.655959e-01
2.655906e-01
2.655800e-01
2.655711e-01
2.655686e-01
2.655691e-01
2.655722e-01
2.655778e-01
2.655829e-01
2.655848e-01
2.655847e-01
2.655834e-01
2.655800e-01
2.655748e-01
2.655691e-01
2.655644e-01
2.655614e-01
2.655597e-01
2.655588e-01
2.655588e-01
2.655596e-01
2.655610e-01
2.655627e-01
2.655643e-01
2.655657e-01
2.655657e-01
2.655659e-01
2.655621e-01
2.655482e-01
2.654764e-01
2.651292e-01
2.634039e-01
2.546385e-01
2.147494e-01
1.477034e-01
1.257734e-01
1.250015e-01
1.250000e-01
1.250000e-01
1.250000e-01
1.250000e-01
1.250000e-01
1.250000e-01
1.250000e-01
1.250000e-01
1.250000e-01
1.250000e-01
1.250000e-01
1.250000e-01
1.250000e-01
1.250000e-01
1.250000e-01
1.250000e-01
1.250000e-01
1.250000e-01
1.250000e-01
1.250000e-01
1.250000e-01
1.250000e-01
1.250000e-01
1.250000e-01
1.250000e-01
1.250000e-01
1.250000e-01
1.250000e-01
1.250000e-01
1.250000e-01
1.250000e-01
1.250000e-01
1.250000e-01
1.250000e-01
1.250000e-01
1.250000e-01
1.250000e-01
1.250000e-01
1.250000e-01
1.250000e-01
1.250000e-01
1.250000e-01
1.250000e-01
1.250000e-01
1.250000e-01
1.250000e-01
1.250000e-01
1.250002e-01
1.250022e-01
1.250254e-01
1.252835e-01
1.279974e-01
1.490880e-01
2.125621e-01
2.546657e-01
2.632763e-01
2.652426e-01
2.655258e-01
2.655622e-01
2.655648e-01
2.655654e-01
2.655646e-01
2.655640e-01
2.655636e-01
2.655633e-01
2.655633e-01
2.655634e-01
2.655631e-01
2.655625e-01
2.655619e-01
2.655620e-01
2.655632e-01
2.655667e-01
2.655736e-01
2.655822e-01
2.655894e-01
2.655941e-01
2.655964e-01
2.655969e-01
2.655936e-01
2.655831e-01
2.655729e-01
2.655668e-01
2.655638e-01
2.655625e-01
2.655616e-01
2.655596e-01
2.655494e-01
2.655075e-01
2.654231e-01
2.653413e-01
2.653028e-01
2.652979e-01
2.653629e-01
2.658760e-01
2.678994e-01
2.732192e-01
2.837389e-01
3.002727e-01
3.217824e-01
3.456948e-01
3.684296e-01
3.875076e-01
4.019436e-01
4.117894e-01
4.179569e-01
4.215610e-01
4.235529e-01
4.246125e-01
4.251674e-01
4.254623e-01
4.256276e-01
4.257286e-01
4.257972e-01
4.258487e-01
4.258902e-01
4.259249e-01
4.259542e-01
4.259788e-01
4.259995e-01
4.260173e-01
4.260329e-01
4.260468e-01
4.260589e-01
4.260692e-01
4.260779e-01
4.260849e-01
4.260904e-01
4.260948e-01
4.260982e-01
4.261011e-01
4.261040e-01
4.261068e-01
4.261096e-01
4.261121e-01
4.261143e-01
4.261160e-01
4.261169e-01
4.261168e-01
4.261168e-01
4.261223e-01
4.261303e-01
4.261434e-01
4.261600e-01
4.261756e-01
4.261867e-01
4.261923e-01
4.261942e-01
4.261887e-01
4.261449e-01
4.260549e-01
4.259850e-01
4.260246e-01
