4.282249e-01
4.328813e-01
4.399038e-01
4.486821e-01
4.585720e-01
4.691577e-01
4.802155e-01
4.916323e-01
5.033698e-01
5.153956e-01
5.276922e-01
5.402456e-01
5.530460e-01
5.660985e-01
5.793824e-01
5.929144e-01
6.066878e-01
6.207048e-01
6.349628e-01
6.494624e-01
6.642040e-01
6.791738e-01
6.943779e-01
7.098125e-01
7.254734e-01
7.413557e-01
7.574521e-01
7.737530e-01
7.902508e-01
8.069211e-01
8.237480e-01
8.407019e-01
8.577455e-01
8.748275e-01
8.918785e-01
9.088035e-01
9.254661e-01
9.416595e-01
9.570898e-01
9.713380e-01
9.837551e-01
9.932275e-01
9.984362e-01
9.998733e-01
9.999980e-01
1.000000e+00
1.000000e+00
1.000000e+00
1.000000e+00
1.000000e+00
1.000000e+00
1.000000e+00
1.000000e+00
1.000000e+00
1.000000e+00
1.000000e+00
1.000000e+00
1.000000e+00
1.000000e+00
1.000000e+00
1.000000e+00
1.000000e+00
1.000000e+00
1.000000e+00
1.000000e+00
1.000000e+00
1.000000e+00
1.000000e+00
1.000000e+00
1.000000e+00
1.000000e+00
1.000000e+00
1.000000e+00
1.000000e+00
1.000000e+00
1.000000e+00
1.000000e+00
1.000000e+00
1.000000e+00
1.000000e+00
1.000000e+00
1.000000e+00
1.000000e+00
1.000000e+00
1.000000e+00
1.000000e+00
1.000000e+00
1.000000e+00
1.000000e+00
1.000000e+00
1.000000e+00
1.000000e+00
1.000000e+00
1.000000e+00
1.000000e+00
1.000000e+00
1.000000e+00
1.000000e+00
1.000000e+00
1.000000e+00
1.000000e+00
1.000000e+00
1.000000e+00
1.000000e+00
1.000000e+00
1.000000e+00
1.000000e+00
1.000000e+00
1.000000e+00
1.000000e+00
1.000000e+00
1.000000e+00
1.000000e+00
1.000000e+00
1.000000e+00
1.000000e+00
1.000000e+00
1.000000e+00
1.000000e+00
1.000000e+00
1.000000e+00
1.000000e+00
1.000000e+00
1.000000e+00
1.000000e+00
1.000000e+00
1.000000e+00
1.000000e+00
1.000000e+00
1.000000e+00
1.000000e+00
1.000000e+00
1.000000e+00
1.000000e+00
1.000000e+00
1.000000e+00
1.000000e+00
1.000000e+00
1.000000e+00
1.000000e+00
1.000000e+00
1.000000e+00
1.000000e+00
1.000000e+00
1.000000e+00
1.000000e+00
1.000000e+00
1.000000e+00
1.000000e+00
1.000000e+00
1.000000e+00
1.000000e+00
1.000000e+00
1.000000e+00
1.000000e+00
1.000000e+00
1.000000e+00
1.000000e+00
1.000000e+00
1.000000e+00
1.000000e+00
1.000000e+00
1.000000e+00
1.000000e+00
1.000000e+00
1.000000e+00
1.000000e+00
1.000000e+00
1.000000e+00
1.000000e+00
1.000000e+00
1.000000e+00
1.000000e+00
1.000000e+00
1.000000e+00
1.000000e+00
1.000000e+00
1.000000e+00
1.000000e+00
1.000000e+00
1.000000e+00
1.000000e+00
1.000000e+00
1.000000e+00
1.000000e+00
1.000000e+00
1.000000e+00
1.000000e+00
1.000000e+00
1.000000e+00
1.000000e+00
1.000000e+00
1.000000e+00
1.000000e+00
1.000000e+00
1.000000e+00
1.000000e+00
1.000000e+00
1.000000e+00
1.000000e+00
1.000000e+00
1.000000e+00
1.000000e+00
1.000000e+00
1.000000e+00
1.000000e+00
1.000000e+00
1.000000e+00
9.999998e-01
9.999987e-01
9.999929e-01
9.999610e-01
9.997981e-01
9.990680e-01
9.964768e-01
9.899202e-01
9.783855e-01
9.631053e-01
9.459400e-01
9.280969e-01
9.101119e-01
8.921631e-01
8.743364e-01
8.566761e-01
8.392106e-01
8.219580e-01
8.049302e-01
7.881361e-01
7.715760e-01
7.552621e-01
7.391926e-01
7.233683e-01
7.077903e-01
6.924585e-01
6.773731e-01
6.625331e-01
6.479316e-01
6.335787e-01
6.194736e-01
6.056139e-01
5.920005e-01
5.786325e-01
5.655131e-01
5.526286e-01
5.399973e-01
5.276175e-01
5.155002e-01
5.036624e-01
4.921289e-01
4.809364e-01
4.701384e-01
4.598415e-01
4.502464e-01
4.416930e-01
4.346623e-01
4.296726e-01
4.268826e-01
4.258699e-01
4.256911e-01
4.258584e-01
4.260486e-01
4.261307e-01
4.261411e-01
4.261370e-01
4.261277e-01
4.261128e-01
4.260912e-01
4.260683e-01
4.260470e-01
4.260311e-01
4.260164e-01
4.259997e-01
4.259802e-01
4.259561e-01
4.259232e-01
4.258741e-01
4.257977e-01
4.256737e-01
4.254562e-01
4.250348e-01
4.241613e-01
4.223289e-01
4.186177e-01
4.115863e-01
3.993817e-01
3.803749e-01
3.543391e-01
3.239690e-01
2.955838e-01
2.753027e-01
2.659749e-01
2.640968e-01
2.640536e-01
2.641760e-01
2.645333e-01
2.650449e-01
2.654637e-01
2.656303e-01
2.656439e-01
2.656358e-01
2.656076e-01
2.655651e-01
2.655304e-01
2.655196e-01
2.655208e-01
2.655308e-01
2.655514e-01
2.655732e-01
2.655783e-01
2.655709e-01
2.654982e-01
2.651235e-01
2.632750e-01
2.539056e-01
2.121087e-01
1.457635e-01
1.256393e-01
1.250011e-01
1.250000e-01
1.250000e-01
1.250000e-01
1.250000e-01
1.250000e-01
1.250000e-01
1.250000e-01
1.250000e-01
1.250000e-01
1.250000e-01
1.250000e-01
1.250000e-01
1.250000e-01
1.250000e-01
1.250000e-01
1.250000e-01
1.250000e-01
1.250000e-01
1.250000e-01
1.250000e-01
1.250000e-01
1.250000e-01
1.250000e-01
1.250000e-01
1.250000e-01
1.250000e-01
1.250000e-01
1.250000e-01
1.250000e-01
1.250000e-01
1.250000e-01
1.250000e-01
1.250000e-01
1.250000e-01
1.250000e-01
1.250000e-01
1.250000e-01
1.250000e-01
1.250000e-01
1.250000e-01
1.250000e-01
1.250000e-01
1.250000e-01
1.250000e-01
1.250000e-01
1.250000e-01
1.250000e-01
1.250000e-01
1.250000e-01
1.250000e-01
1.250000e-01
1.250000e-01
1.250000e-01
1.250000e-01
1.250000e-01
1.250000e-01
1.250000e-01
1.250000e-01
1.250000e-01
1.250000e-01
1.250000e-01
1.250000e-01
1.250000e-01
1.250000e-01
1.250000e-01
1.250000e-01
1.250000e-01
1.250000e-01
1.250000e-01
1.250000e-01
1.250000e-01
1.250000e-01
1.250000e-01
1.250000e-01
1.250000e-01
1.250000e-01
1.250000e-01
1.250000e-01
1.250000e-01
1.250000e-01
1.250000e-01
1.250000e-01
1.250000e-01
1.250000e-01
1.250000e-01
1.250000e-01
1.250000e-01
1.250000e-01
1.250000e-01
1.250000e-01
1.250000e-01
1.250000e-01
1.250000e-01
1.250000e-01
1.250000e-01
1.250000e-01
1.250000e-01
1.250000e-01
1.250000e-01
1.250000e-01
1.250000e-01
1.250000e-01
1.250000e-01
1.250000e-01
1.250000e-01
1.250000e-01
1.250000e-01
1.250000e-01
1.250000e-01
1.250000e-01
1.250000e-01
1.250000e-01
1.250000e-01
1.250000e-01
1.250000e-01
1.250000e-01
1.250000e-01
1.250000e-01
1.250000e-01
1.250000e-01
1.250000e-01
1.250000e-01
1.250000e-01
1.250000e-01
1.250000e-01
1.250000e-01
1.250000e-01
1.250000e-01
1.250000e-01
1.250002e-01
1.250020e-01
1.250230e-01
1.252575e-01
1.277344e-01
1.474144e-01
2.098128e-01
2.539559e-01
2.631217e-01
2.652429e-01
2.655586e-01
2.655974e-01
2.655976e-01
2.655811e-01
2.655498e-01
2.655223e-01
2.655067e-01
2.655050e-01
2.655185e-01
2.655540e-01
2.655936e-01
2.656119e-01
2.656127e-01
2.655714e-01
2.653920e-01
2.651059e-01
2.648948e-01
2.648344e-01
2.648828e-01
2.656606e-01
2.693652e-01
2.795212e-01
2.984785e-01
3.248066e-01
3.536843e-01
3.792535e-01
3.985396e-01
4.111328e-01
4.183594e-01
4.221134e-01
4.239284e-01
4.247811e-01
4.251950e-01
4.254172e-01
4.255533e-01
4.256458e-01
4.257126e-01
4.257636e-01
4.258045e-01
4.258379e-01
4.258656e-01
4.258926e-01
4.259262e-01
4.259647e-01
4.260033e-01
4.260295e-01
4.260442e-01
4.260544e-01
4.260732e-01
4.260870e-01
4.260815e-01
4.259482e-01
4.256960e-01
4.255687e-01
4.261006e-01
