4.263091e-01
4.273014e-01
4.293262e-01
4.325415e-01
4.367764e-01
4.417776e-01
4.472976e-01
4.531629e-01
4.592647e-01
4.655391e-01
4.719469e-01
4.784657e-01
4.850891e-01
4.918082e-01
4.986193e-01
5.055211e-01
5.125118e-01
5.195888e-01
5.267497e-01
5.339938e-01
5.413213e-01
5.487314e-01
5.562230e-01
5.637985e-01
5.714517e-01
5.791890e-01
5.870090e-01
5.949121e-01
6.028986e-01
6.109686e-01
6.191218e-01
6.273591e-01
6.356809e-01
6.440874e-01
6.525782e-01
6.611530e-01
6.698123e-01
6.785541e-01
6.873805e-01
6.962912e-01
7.052860e-01
7.143648e-01
7.235272e-01
7.327729e-01
7.421015e-01
7.515120e-01
7.610037e-01
7.705757e-01
7.802273e-01
7.899563e-01
7.997603e-01
8.096374e-01
8.195845e-01
8.295982e-01
8.396739e-01
8.498064e-01
8.599890e-01
8.702133e-01
8.804691e-01
8.907432e-01
9.010187e-01
9.112747e-01
9.214844e-01
9.316086e-01
9.415988e-01
9.513866e-01
9.608792e-01
9.699527e-01
9.784404e-01
9.861058e-01
9.925723e-01
9.972127e-01
9.994664e-01
9.999679e-01
9.999997e-01
1.000000e+00
1.000000e+00
1.000000e+00
1.000000e+00
1.000000e+00
1.000000e+00
1.000000e+00
1.000000e+00
1.000000e+00
1.000000e+00
1.000000e+00
1.000000e+00
1.000000e+00
1.000000e+00
1.000000e+00
1.000000e+00
1.000000e+00
1.000000e+00
1.000000e+00
1.000000e+00
1.000000e+00
1.000000e+00
1.000000e+00
1.000000e+00
1.000000e+00
1.000000e+00
1.000000e+00
1.000000e+00
1.000000e+00
1.000000e+00
1.000000e+00
1.000000e+00
1.000000e+00
1.000000e+00
1.000000e+00
1.000000e+00
1.000000e+00
1.000000e+00
1.000000e+00
1.000000e+00
1.000000e+00
1.000000e+00
1.000000e+00
1.000000e+00
1.000000e+00
1.000000e+00
1.000000e+00
1.000000e+00
1.000000e+00
1.000000e+00
1.000000e+00
1.000000e+00
1.000000e+00
1.000000e+00
1.000000e+00
1.000000e+00
1.000000e+00
1.000000e+00
1.000000e+00
1.000000e+00
1.000000e+00
1.000000e+00
1.000000e+00
1.000000e+00
1.000000e+00
1.000000e+00
1.000000e+00
1.000000e+00
1.000000e+00
1.000000e+00
1.000000e+00
1.000000e+00
1.000000e+00
1.000000e+00
1.000000e+00
1.000000e+00
1.000000e+00
1.000000e+00
1.000000e+00
1.000000e+00
1.000000e+00
1.000000e+00
1.000000e+00
1.000000e+00
1.000000e+00
1.000000e+00
1.000000e+00
1.000000e+00
1.000000e+00
1.000000e+00
1.000000e+00
1.000000e+00
1.000000e+00
1.000000e+00
1.000000e+00
1.000000e+00
1.000000e+00
1.000000e+00
1.000000e+00
1.000000e+00
1.000000e+00
1.000000e+00
1.000000e+00
9.999999e-01
9.999997e-01
9.999985e-01
9.999921e-01
9.999591e-01
9.998034e-01
9.991686e-01
9.971581e-01
9.926095e-01
9.852388e-01
9.758941e-01
9.655722e-01
9.548747e-01
9.440717e-01
9.332536e-01
9.224549e-01
9.116965e-01
9.009934e-01
8.903548e-01
8.797857e-01
8.692908e-01
8.588739e-01
8.485377e-01
8.382844e-01
8.281155e-01
8.180322e-01
8.080354e-01
7.981257e-01
7.883037e-01
7.785691e-01
7.689229e-01
7.593657e-01
7.498966e-01
7.405156e-01
7.312225e-01
7.220171e-01
7.128993e-01
7.038689e-01
6.949254e-01
6.860687e-01
6.772984e-01
6.686146e-01
6.600143e-01
6.514999e-01
6.430704e-01
6.347258e-01
6.264667e-01
6.182923e-01
6.102025e-01
6.021961e-01
5.942732e-01
5.864337e-01
5.786774e-01
5.710041e-01
5.634144e-01
5.559029e-01
5.484749e-01
5.411289e-01
5.338659e-01
5.266867e-01
5.195919e-01
5.125825e-01
5.056615e-01
4.988326e-01
4.920987e-01
4.854626e-01
4.789302e-01
4.725129e-01
4.662183e-01
4.600715e-01
4.541107e-01
4.483927e-01
4.430078e-01
4.380943e-01
4.338410e-01
4.304604e-01
4.281028e-01
4.267579e-01
4.261775e-01
4.260408e-01
4.260377e-01
4.261046e-01
4.261750e-01
4.262081e-01
4.262128e-01
4.262113e-01
4.262032e-01
4.261935e-01
4.261870e-01
4.261829e-01
4.261843e-01
4.261890e-01
4.261950e-01
4.261998e-01
4.262030e-01
4.262051e-01
4.262063e-01
4.262070e-01
4.262072e-01
4.262072e-01
4.262070e-01
4.262065e-01
4.262055e-01
4.262039e-01
4.262014e-01
4.261979e-01
4.261932e-01
4.261873e-01
4.261803e-01
4.261722e-01
4.261631e-01
4.261527e-01
4.261406e-01
4.261259e-01
4.261079e-01
4.260862e-01
4.260602e-01
4.260284e-01
4.259874e-01
4.259292e-01
4.258373e-01
4.256779e-01
4.253848e-01
4.248317e-01
4.237911e-01
4.218776e-01
4.184878e-01
4.127674e-01
4.036587e-01
3.901282e-01
3.716421e-01
3.486349e-01
3.232195e-01
2.992769e-01
2.804664e-01
2.692723e-01
2.652495e-01
2.646851e-01
2.646854e-01
2.647516e-01
2.649250e-01
2.651826e-01
2.654262e-01
2.655631e-01
2.655944e-01
2.655948e-01
2.655909e-01
2.655818e-01
2.655732e-01
2.655702e-01
2.655704e-01
2.655728e-01
2.655777e-01
2.655824e-01
2.655842e-01
2.655842e-01
2.655831e-01
2.655801e-01
2.655754e-01
2.655702e-01
2.655660e-01
2.655633e-01
2.655620e-01
2.655611e-01
2.655605e-01
2.655604e-01
2.655610e-01
2.655621e-01
2.655634e-01
2.655646e-01
2.655658e-01
2.655657e-01
2.655661e-01
2.655627e-01
2.655497e-01
2.654802e-01
2.651429e-01
2.634685e-01
2.549632e-01
2.159356e-01
1.486230e-01
1.258423e-01
1.250018e-01
1.250000e-01
1.250000e-01
1.250000e-01
1.250000e-01
1.250000e-01
1.250000e-01
1.250000e-01
1.250000e-01
1.250000e-01
1.250000e-01
1.250000e-01
1.250000e-01
1.250000e-01
1.250000e-01
1.250000e-01
1.250000e-01
1.250000e-01
1.250000e-01
1.250000e-01
1.250000e-01
1.250000e-01
1.250000e-01
1.250000e-01
1.250000e-01
1.250000e-01
1.250000e-01
1.250000e-01
1.250000e-01
1.250000e-01
1.250000e-01
1.250000e-01
1.250000e-01
1.250000e-01
1.250000e-01
1.250000e-01
1.250000e-01
1.250000e-01
1.250000e-01
1.250000e-01
1.250000e-01
1.250000e-01
1.250000e-01
1.250000e-01
1.250002e-01
1.250023e-01
1.250265e-01
1.252962e-01
1.281256e-01
1.498843e-01
2.138058e-01
2.549774e-01
2.633516e-01
2.652547e-01
2.655272e-01
2.655618e-01
2.655642e-01
2.655653e-01
2.655645e-01
2.655641e-01
2.655639e-01
2.655642e-01
2.655654e-01
2.655666e-01
2.655665e-01
2.655653e-01
2.655636e-01
2.655624e-01
2.655620e-01
2.655624e-01
2.655667e-01
2.655746e-01
2.655836e-01
2.655910e-01
2.655958e-01
2.655977e-01
2.655977e-01
2.655933e-01
2.655826e-01
2.655725e-01
2.655662e-01
2.655632e-01
2.655621e-01
2.655615e-01
2.655595e-01
2.655466e-01
2.654982e-01
2.654142e-01
2.653416e-01
2.653113e-01
2.653100e-01
2.653993e-01
2.660173e-01
2.682902e-01
2.740089e-01
2.850011e-01
3.018936e-01
3.235394e-01
3.473106e-01
3.697050e-01
3.884050e-01
4.025040e-01
4.121028e-01
4.181168e-01
4.216368e-01
4.235875e-01
4.246289e-01
4.251763e-01
4.254681e-01
4.256318e-01
4.257319e-01
4.258000e-01
4.258511e-01
4.258922e-01
4.259268e-01
4.259563e-01
4.259814e-01
4.260026e-01
4.260204e-01
4.260358e-01
4.260494e-01
4.260616e-01
4.260722e-01
4.260814e-01
4.260891e-01
4.260953e-01
4.261002e-01
4.261037e-01
4.261064e-01
4.261087e-01
4.261109e-01
4.261133e-01
4.261157e-01
4.261179e-01
4.261198e-01
4.261211e-01
4.261217e-01
4.261214e-01
4.261211e-01
4.261262e-01
4.261336e-01
4.261460e-01
4.261621e-01
4.261778e-01
4.261892e-01
4.261950e-01
4.261967e-01
4.261916e-01
4.261498e-01
4.260638e-01
4.259963e-01
4.260300e-01
