4.267129e-01
4.287192e-01
4.322780e-01
4.373118e-01
4.434342e-01
4.502890e-01
4.576163e-01
4.652633e-01
4.731400e-01
4.811957e-01
4.894172e-01
4.977858e-01
5.062988e-01
5.149507e-01
5.237349e-01
5.326486e-01
5.416896e-01
5.508583e-01
5.601531e-01
5.695692e-01
5.791108e-01
5.887786e-01
5.985727e-01
6.084933e-01
6.185398e-01
6.287130e-01
6.390144e-01
6.494427e-01
6.599971e-01
6.706783e-01
6.814824e-01
6.924129e-01
7.034685e-01
7.146486e-01
7.259523e-01
7.373785e-01
7.489255e-01
7.605910e-01
7.723726e-01
7.842699e-01
7.962740e-01
8.083827e-01
8.205889e-01
8.328846e-01
8.452597e-01
8.577014e-01
8.701930e-01
8.827133e-01
8.952342e-01
9.077190e-01
9.201212e-01
9.323698e-01
9.443721e-01
9.559951e-01
9.670578e-01
9.773112e-01
9.863817e-01
9.936374e-01
9.981646e-01
9.997814e-01
9.999937e-01
1.000000e+00
1.000000e+00
1.000000e+00
1.000000e+00
1.000000e+00
1.000000e+00
1.000000e+00
1.000000e+00
1.000000e+00
1.000000e+00
1.000000e+00
1.000000e+00
1.000000e+00
1.000000e+00
1.000000e+00
1.000000e+00
1.000000e+00
1.000000e+00
1.000000e+00
1.000000e+00
1.000000e+00
1.000000e+00
1.000000e+00
1.000000e+00
1.000000e+00
1.000000e+00
1.000000e+00
1.000000e+00
1.000000e+00
1.000000e+00
1.000000e+00
1.000000e+00
1.000000e+00
1.000000e+00
1.000000e+00
1.000000e+00
1.000000e+00
1.000000e+00
1.000000e+00
1.000000e+00
1.000000e+00
1.000000e+00
1.000000e+00
1.000000e+00
1.000000e+00
1.000000e+00
1.000000e+00
1.000000e+00
1.000000e+00
1.000000e+00
1.000000e+00
1.000000e+00
1.000000e+00
1.000000e+00
1.000000e+00
1.000000e+00
1.000000e+00
1.000000e+00
1.000000e+00
1.000000e+00
1.000000e+00
1.000000e+00
1.000000e+00
1.000000e+00
1.000000e+00
1.000000e+00
1.000000e+00
1.000000e+00
1.000000e+00
1.000000e+00
1.000000e+00
1.000000e+00
1.000000e+00
1.000000e+00
1.000000e+00
1.000000e+00
1.000000e+00
1.000000e+00
1.000000e+00
1.000000e+00
1.000000e+00
1.000000e+00
1.000000e+00
1.000000e+00
1.000000e+00
1.000000e+00
1.000000e+00
1.000000e+00
1.000000e+00
1.000000e+00
1.000000e+00
1.000000e+00
1.000000e+00
1.000000e+00
1.000000e+00
1.000000e+00
1.000000e+00
1.000000e+00
1.000000e+00
1.000000e+00
1.000000e+00
1.000000e+00
1.000000e+00
1.000000e+00
1.000000e+00
1.000000e+00
1.000000e+00
1.000000e+00
1.000000e+00
1.000000e+00
1.000000e+00
1.000000e+00
1.000000e+00
1.000000e+00
1.000000e+00
1.000000e+00
1.000000e+00
1.000000e+00
1.000000e+00
1.000000e+00
1.000000e+00
1.000000e+00
1.000000e+00
1.000000e+00
1.000000e+00
1.000000e+00
1.000000e+00
1.000000e+00
1.000000e+00
1.000000e+00
1.000000e+00
9.999998e-01
9.999989e-01
9.999938e-01
9.999673e-01
9.998369e-01
9.992740e-01
9.973430e-01
9.925712e-01
9.842551e-01
9.732290e-01
9.607854e-01
9.477796e-01
9.346144e-01
9.214305e-01
9.082805e-01
8.952010e-01
8.822104e-01
8.693205e-01
8.565403e-01
8.438761e-01
8.313327e-01
8.189135e-01
8.066209e-01
7.944566e-01
7.824223e-01
7.705166e-01
7.587446e-01
7.471039e-01
7.355944e-01
7.242161e-01
7.129691e-01
7.018530e-01
6.908675e-01
6.800121e-01
6.692870e-01
6.586876e-01
6.482180e-01
6.378763e-01
6.276632e-01
6.175794e-01
6.076234e-01
5.977941e-01
5.880916e-01
5.785158e-01
5.690668e-01
5.597433e-01
5.505416e-01
5.414665e-01
5.325199e-01
5.237024e-01
5.150165e-01
5.064665e-01
4.980612e-01
4.898077e-01
4.817136e-01
4.738000e-01
4.660838e-01
4.586186e-01
4.514852e-01
4.448128e-01
4.388047e-01
4.337412e-01
4.299173e-01
4.274992e-01
4.263244e-01
4.259715e-01
4.259297e-01
4.260256e-01
4.261333e-01
4.261871e-01
4.261967e-01
4.261950e-01
4.261880e-01
4.261752e-01
4.261627e-01
4.261547e-01
4.261489e-01
4.261520e-01
4.261558e-01
4.261585e-01
4.261595e-01
4.261588e-01
4.261566e-01
4.261529e-01
4.261479e-01
4.261419e-01
4.261352e-01
4.261273e-01
4.261176e-01
4.261049e-01
4.260884e-01
4.260679e-01
4.260431e-01
4.260132e-01
4.259752e-01
4.259223e-01
4.258406e-01
4.257008e-01
4.254417e-01
4.249393e-01
4.239542e-01
4.220546e-01
4.185289e-01
4.123305e-01
4.021412e-01
3.867151e-01
3.655453e-01
3.396079e-01
3.123951e-01
2.888415e-01
2.729076e-01
2.659017e-01
2.645105e-01
2.644677e-01
2.645319e-01
2.647389e-01
2.650709e-01
2.653933e-01
2.655723e-01
2.656098e-01
2.656092e-01
2.656010e-01
2.655837e-01
2.655667e-01
2.655593e-01
2.655586e-01
2.655610e-01
2.655673e-01
2.655747e-01
2.655796e-01
2.655809e-01
2.655806e-01
2.655784e-01
2.655738e-01
2.655679e-01
2.655618e-01
2.655564e-01
2.655510e-01
2.655474e-01
2.655413e-01
2.655350e-01
2.655004e-01
2.653502e-01
2.645876e-01
2.607764e-01
2.412589e-01
1.797324e-01
1.309546e-01
1.250542e-01
1.250000e-01
1.250000e-01
1.250000e-01
1.250000e-01
1.250000e-01
1.250000e-01
1.250000e-01
1.250000e-01
1.250000e-01
1.250000e-01
1.250000e-01
1.250000e-01
1.250000e-01
1.250000e-01
1.250000e-01
1.250000e-01
1.250000e-01
1.250000e-01
1.250000e-01
1.250000e-01
1.250000e-01
1.250000e-01
1.250000e-01
1.250000e-01
1.250000e-01
1.250000e-01
1.250000e-01
1.250000e-01
1.250000e-01
1.250000e-01
1.250000e-01
1.250000e-01
1.250000e-01
1.250000e-01
1.250000e-01
1.250000e-01
1.250000e-01
1.250000e-01
1.250000e-01
1.250000e-01
1.250000e-01
1.250000e-01
1.250000e-01
1.250000e-01
1.250000e-01
1.250000e-01
1.250000e-01
1.250000e-01
1.250000e-01
1.250000e-01
1.250000e-01
1.250000e-01
1.250000e-01
1.250000e-01
1.250000e-01
1.250000e-01
1.250000e-01
1.250000e-01
1.250000e-01
1.250000e-01
1.250000e-01
1.250000e-01
1.250000e-01
1.250000e-01
1.250000e-01
1.250000e-01
1.250000e-01
1.250000e-01
1.250000e-01
1.250000e-01
1.250000e-01
1.250000e-01
1.250000e-01
1.250000e-01
1.250000e-01
1.250000e-01
1.250000e-01
1.250000e-01
1.250000e-01
1.250000e-01
1.250000e-01
1.250000e-01
1.250001e-01
1.250007e-01
1.250077e-01
1.250868e-01
1.259531e-01
1.342072e-01
1.777924e-01
2.408926e-01
2.604382e-01
2.646717e-01
2.654305e-01
2.655325e-01
2.655457e-01
2.655479e-01
2.655497e-01
2.655518e-01
2.655542e-01
2.655577e-01
2.655627e-01
2.655698e-01
2.655781e-01
2.655851e-01
2.655892e-01
2.655914e-01
2.655916e-01
2.655832e-01
2.655693e-01
2.655595e-01
2.655554e-01
2.655548e-01
2.655588e-01
2.655649e-01
2.655659e-01
2.655575e-01
2.655029e-01
2.653738e-01
2.652410e-01
2.651788e-01
2.651717e-01
2.652864e-01
2.661541e-01
2.694398e-01
2.775727e-01
2.924385e-01
3.137852e-01
3.390474e-01
3.640203e-01
3.851768e-01
4.011028e-01
4.117567e-01
4.182170e-01
4.218398e-01
4.237522e-01
4.247253e-01
4.252173e-01
4.254749e-01
4.256211e-01
4.257138e-01
4.257790e-01
4.258286e-01
4.258683e-01
4.259009e-01
4.259278e-01
4.259499e-01
4.259679e-01
4.259832e-01
4.259968e-01
4.260092e-01
4.260205e-01
4.260303e-01
4.260387e-01
4.260461e-01
4.260525e-01
4.260576e-01
4.260614e-01
4.260660e-01
4.260764e-01
4.260915e-01
4.261120e-01
4.261322e-01
4.261464e-01
4.261553e-01
4.261613e-01
4.261640e-01
4.261561e-01
4.260888e-01
4.259566e-01
4.258641e-01
4.259966e-01
