4.266911e-01
4.286500e-01
4.321410e-01
4.370977e-01
4.431416e-01
4.499196e-01
4.571717e-01
4.647438e-01
4.725446e-01
4.805242e-01
4.886669e-01
4.969553e-01
5.053861e-01
5.139537e-01
5.226523e-01
5.314781e-01
5.404296e-01
5.495071e-01
5.587076e-01
5.680297e-01
5.774733e-01
5.870417e-01
5.967343e-01
6.065513e-01
6.164921e-01
6.265580e-01
6.367494e-01
6.470663e-01
6.575066e-01
6.680738e-01
6.787605e-01
6.895722e-01
7.005072e-01
7.115650e-01
7.227449e-01
7.340459e-01
7.454663e-01
7.570043e-01
7.686578e-01
7.804254e-01
7.923014e-01
8.042815e-01
8.163604e-01
8.285307e-01
8.407835e-01
8.531073e-01
8.654873e-01
8.779049e-01
8.903352e-01
9.027462e-01
9.150975e-01
9.273293e-01
9.393617e-01
9.510827e-01
9.623360e-01
9.729104e-01
9.825041e-01
9.906320e-01
9.964834e-01
9.993285e-01
9.999599e-01
9.999996e-01
1.000000e+00
1.000000e+00
1.000000e+00
1.000000e+00
1.000000e+00
1.000000e+00
1.000000e+00
1.000000e+00
1.000000e+00
1.000000e+00
1.000000e+00
1.000000e+00
1.000000e+00
1.000000e+00
1.000000e+00
1.000000e+00
1.000000e+00
1.000000e+00
1.000000e+00
1.000000e+00
1.000000e+00
1.000000e+00
1.000000e+00
1.000000e+00
1.000000e+00
1.000000e+00
1.000000e+00
1.000000e+00
1.000000e+00
1.000000e+00
1.000000e+00
1.000000e+00
1.000000e+00
1.000000e+00
1.000000e+00
1.000000e+00
1.000000e+00
1.000000e+00
1.000000e+00
1.000000e+00
1.000000e+00
1.000000e+00
1.000000e+00
1.000000e+00
1.000000e+00
1.000000e+00
1.000000e+00
1.000000e+00
1.000000e+00
1.000000e+00
1.000000e+00
1.000000e+00
1.000000e+00
1.000000e+00
1.000000e+00
1.000000e+00
1.000000e+00
1.000000e+00
1.000000e+00
1.000000e+00
1.000000e+00
1.000000e+00
1.000000e+00
1.000000e+00
1.000000e+00
1.000000e+00
1.000000e+00
1.000000e+00
1.000000e+00
1.000000e+00
1.000000e+00
1.000000e+00
1.000000e+00
1.000000e+00
1.000000e+00
1.000000e+00
1.000000e+00
1.000000e+00
1.000000e+00
1.000000e+00
1.000000e+00
1.000000e+00
1.000000e+00
1.000000e+00
1.000000e+00
1.000000e+00
1.000000e+00
1.000000e+00
1.000000e+00
1.000000e+00
1.000000e+00
1.000000e+00
1.000000e+00
1.000000e+00
1.000000e+00
1.000000e+00
1.000000e+00
1.000000e+00
1.000000e+00
1.000000e+00
1.000000e+00
1.000000e+00
1.000000e+00
1.000000e+00
1.000000e+00
1.000000e+00
1.000000e+00
1.000000e+00
1.000000e+00
1.000000e+00
1.000000e+00
1.000000e+00
1.000000e+00
1.000000e+00
1.000000e+00
1.000000e+00
1.000000e+00
1.000000e+00
1.000000e+00
1.000000e+00
1.000000e+00
1.000000e+00
1.000000e+00
1.000000e+00
1.000000e+00
1.000000e+00
1.000000e+00
1.000000e+00
1.000000e+00
9.999999e-01
9.999996e-01
9.999975e-01
9.999868e-01
9.999316e-01
9.996735e-01
9.986569e-01
9.956289e-01
9.892750e-01
9.796329e-01
9.679101e-01
9.552335e-01
9.422250e-01
9.291414e-01
9.160668e-01
9.030419e-01
8.900970e-01
8.772447e-01
8.644957e-01
8.518575e-01
8.393357e-01
8.269343e-01
8.146563e-01
8.025038e-01
7.904783e-01
7.785803e-01
7.668110e-01
7.551723e-01
7.436631e-01
7.322832e-01
7.210325e-01
7.099109e-01
6.989182e-01
6.880539e-01
6.773176e-01
6.667095e-01
6.562242e-01
6.458676e-01
6.356367e-01
6.255328e-01
6.155554e-01
6.057040e-01
5.959772e-01
5.863750e-01
5.768975e-01
5.675450e-01
5.583144e-01
5.492056e-01
5.402206e-01
5.313623e-01
5.226314e-01
5.140301e-01
5.055635e-01
4.972394e-01
4.890653e-01
4.810491e-01
4.732114e-01
4.655703e-01
4.581786e-01
4.511186e-01
4.445199e-01
4.385853e-01
4.335930e-01
4.298328e-01
4.274628e-01
4.263162e-01
4.259743e-01
4.259343e-01
4.260289e-01
4.261349e-01
4.261881e-01
4.261978e-01
4.261960e-01
4.261888e-01
4.261759e-01
4.261636e-01
4.261559e-01
4.261505e-01
4.261539e-01
4.261578e-01
4.261605e-01
4.261615e-01
4.261610e-01
4.261591e-01
4.261558e-01
4.261512e-01
4.261455e-01
4.261391e-01
4.261317e-01
4.261227e-01
4.261110e-01
4.260959e-01
4.260766e-01
4.260533e-01
4.260252e-01
4.259903e-01
4.259434e-01
4.258738e-01
4.257583e-01
4.255493e-01
4.251487e-01
4.243645e-01
4.228422e-01
4.199791e-01
4.148518e-01
4.062259e-01
3.927762e-01
3.736653e-01
3.492404e-01
3.219908e-01
2.966608e-01
2.776581e-01
2.675597e-01
2.647062e-01
2.644712e-01
2.645027e-01
2.646505e-01
2.649426e-01
2.652846e-01
2.655248e-01
2.656041e-01
2.656091e-01
2.656047e-01
2.655907e-01
2.655727e-01
2.655617e-01
2.655596e-01
2.655607e-01
2.655654e-01
2.655725e-01
2.655782e-01
2.655802e-01
2.655802e-01
2.655788e-01
2.655753e-01
2.655701e-01
2.655645e-01
2.655593e-01
2.655547e-01
2.655511e-01
2.655460e-01
2.655428e-01
2.655278e-01
2.654775e-01
2.652159e-01
2.639319e-01
2.574224e-01
2.257571e-01
1.576907e-01
1.267331e-01
1.250060e-01
1.250000e-01
1.250000e-01
1.250000e-01
1.250000e-01
1.250000e-01
1.250000e-01
1.250000e-01
1.250000e-01
1.250000e-01
1.250000e-01
1.250000e-01
1.250000e-01
1.250000e-01
1.250000e-01
1.250000e-01
1.250000e-01
1.250000e-01
1.250000e-01
1.250000e-01
1.250000e-01
1.250000e-01
1.250000e-01
1.250000e-01
1.250000e-01
1.250000e-01
1.250000e-01
1.250000e-01
1.250000e-01
1.250000e-01
1.250000e-01
1.250000e-01
1.250000e-01
1.250000e-01
1.250000e-01
1.250000e-01
1.250000e-01
1.250000e-01
1.250000e-01
1.250000e-01
1.250000e-01
1.250000e-01
1.250000e-01
1.250000e-01
1.250000e-01
1.250000e-01
1.250000e-01
1.250000e-01
1.250000e-01
1.250000e-01
1.250000e-01
1.250000e-01
1.250000e-01
1.250000e-01
1.250000e-01
1.250000e-01
1.250000e-01
1.250000e-01
1.250000e-01
1.250000e-01
1.250000e-01
1.250000e-01
1.250000e-01
1.250000e-01
1.250000e-01
1.250000e-01
1.250000e-01
1.250000e-01
1.250000e-01
1.250000e-01
1.250000e-01
1.250000e-01
1.250000e-01
1.250000e-01
1.250000e-01
1.250000e-01
1.250000e-01
1.250000e-01
1.250000e-01
1.250000e-01
1.250000e-01
1.250000e-01
1.250003e-01
1.250035e-01
1.250393e-01
1.254375e-01
1.295159e-01
1.577786e-01
2.242180e-01
2.572888e-01
2.639035e-01
2.653195e-01
2.655199e-01
2.655457e-01
2.655498e-01
2.655509e-01
2.655520e-01
2.655531e-01
2.655553e-01
2.655587e-01
2.655642e-01
2.655722e-01
2.655807e-01
2.655871e-01
2.655911e-01
2.655933e-01
2.655912e-01
2.655790e-01
2.655654e-01
2.655576e-01
2.655550e-01
2.655551e-01
2.655609e-01
2.655649e-01
2.655645e-01
2.655451e-01
2.654619e-01
2.653207e-01
2.652133e-01
2.651788e-01
2.651899e-01
2.654657e-01
2.669750e-01
2.717485e-01
2.821753e-01
2.995082e-01
3.225903e-01
3.481969e-01
3.720289e-01
3.913794e-01
4.053632e-01
4.143883e-01
4.197136e-01
4.226371e-01
4.241596e-01
4.249311e-01
4.253244e-01
4.255348e-01
4.256583e-01
4.257396e-01
4.257986e-01
4.258446e-01
4.258817e-01
4.259124e-01
4.259378e-01
4.259585e-01
4.259755e-01
4.259899e-01
4.260028e-01
4.260146e-01
4.260253e-01
4.260346e-01
4.260426e-01
4.260497e-01
4.260558e-01
4.260607e-01
4.260644e-01
4.260687e-01
4.260787e-01
4.260934e-01
4.261135e-01
4.261337e-01
4.261480e-01
4.261569e-01
4.261628e-01
4.261655e-01
4.261576e-01
4.260916e-01
4.259614e-01
4.258697e-01
4.259965e-01
