4.269500e-01
4.294369e-01
4.336656e-01
4.394509e-01
4.463345e-01
4.539379e-01
4.620038e-01
4.703849e-01
4.790029e-01
4.878185e-01
4.968139e-01
5.059803e-01
5.153101e-01
5.247947e-01
5.344309e-01
5.442159e-01
5.541471e-01
5.642277e-01
5.744463e-01
5.848137e-01
5.953272e-01
6.059877e-01
6.167942e-01
6.277474e-01
6.388488e-01
6.500970e-01
6.614922e-01
6.730312e-01
6.847137e-01
6.965413e-01
7.085127e-01
7.206267e-01
7.328818e-01
7.452761e-01
7.578065e-01
7.704700e-01
7.832653e-01
7.961821e-01
8.092164e-01
8.223589e-01
8.355989e-01
8.489222e-01
8.623108e-01
8.757413e-01
8.891827e-01
9.025938e-01
9.159225e-01
9.290899e-01
9.419898e-01
9.544700e-01
9.663207e-01
9.772506e-01
9.868116e-01
9.942378e-01
9.985395e-01
9.998609e-01
9.999971e-01
1.000000e+00
1.000000e+00
1.000000e+00
1.000000e+00
1.000000e+00
1.000000e+00
1.000000e+00
1.000000e+00
1.000000e+00
1.000000e+00
1.000000e+00
1.000000e+00
1.000000e+00
1.000000e+00
1.000000e+00
1.000000e+00
1.000000e+00
1.000000e+00
1.000000e+00
1.000000e+00
1.000000e+00
1.000000e+00
1.000000e+00
1.000000e+00
1.000000e+00
1.000000e+00
1.000000e+00
1.000000e+00
1.000000e+00
1.000000e+00
1.000000e+00
1.000000e+00
1.000000e+00
1.000000e+00
1.000000e+00
1.000000e+00
1.000000e+00
1.000000e+00
1.000000e+00
1.000000e+00
1.000000e+00
1.000000e+00
1.000000e+00
1.000000e+00
1.000000e+00
1.000000e+00
1.000000e+00
1.000000e+00
1.000000e+00
1.000000e+00
1.000000e+00
1.000000e+00
1.000000e+00
1.000000e+00
1.000000e+00
1.000000e+00
1.000000e+00
1.000000e+00
1.000000e+00
1.000000e+00
1.000000e+00
1.000000e+00
1.000000e+00
1.000000e+00
1.000000e+00
1.000000e+00
1.000000e+00
1.000000e+00
1.000000e+00
1.000000e+00
1.000000e+00
1.000000e+00
1.000000e+00
1.000000e+00
1.000000e+00
1.000000e+00
1.000000e+00
1.000000e+00
1.000000e+00
1.000000e+00
1.000000e+00
1.000000e+00
1.000000e+00
1.000000e+00
1.000000e+00
1.000000e+00
1.000000e+00
1.000000e+00
1.000000e+00
1.000000e+00
1.000000e+00
1.000000e+00
1.000000e+00
1.000000e+00
1.000000e+00
1.000000e+00
1.000000e+00
1.000000e+00
1.000000e+00
1.000000e+00
1.000000e+00
1.000000e+00
1.000000e+00
1.000000e+00
1.000000e+00
1.000000e+00
1.000000e+00
1.000000e+00
1.000000e+00
1.000000e+00
1.000000e+00
1.000000e+00
1.000000e+00
1.000000e+00
1.000000e+00
1.000000e+00
1.000000e+00
1.000000e+00
1.000000e+00
1.000000e+00
1.000000e+00
1.000000e+00
1.000000e+00
1.000000e+00
1.000000e+00
1.000000e+00
1.000000e+00
1.000000e+00
1.000000e+00
1.000000e+00
1.000000e+00
1.000000e+00
1.000000e+00
1.000000e+00
1.000000e+00
1.000000e+00
1.000000e+00
1.000000e+00
1.000000e+00
9.999998e-01
9.999990e-01
9.999947e-01
9.999714e-01
9.998554e-01
9.993410e-01
9.975100e-01
9.927843e-01
9.842301e-01
9.726086e-01
9.593351e-01
9.453963e-01
9.312675e-01
9.171177e-01
9.030090e-01
8.889850e-01
8.750653e-01
8.612641e-01
8.475914e-01
8.340546e-01
8.206586e-01
8.074070e-01
7.943026e-01
7.813472e-01
7.685401e-01
7.558867e-01
7.433848e-01
7.310342e-01
7.188350e-01
7.067873e-01
6.948907e-01
6.831447e-01
6.715494e-01
6.601015e-01
6.488015e-01
6.376508e-01
6.266493e-01
6.157976e-01
6.050942e-01
5.945377e-01
5.841285e-01
5.738667e-01
5.637536e-01
5.537795e-01
5.439549e-01
5.342780e-01
5.247518e-01
5.153798e-01
5.061672e-01
4.971249e-01
4.882637e-01
4.795960e-01
4.711476e-01
4.629570e-01
4.551009e-01
4.477087e-01
4.409849e-01
4.352269e-01
4.307772e-01
4.278760e-01
4.264095e-01
4.259467e-01
4.258846e-01
4.259934e-01
4.261161e-01
4.261763e-01
4.261877e-01
4.261859e-01
4.261798e-01
4.261662e-01
4.261512e-01
4.261402e-01
4.261323e-01
4.261343e-01
4.261368e-01
4.261377e-01
4.261361e-01
4.261324e-01
4.261274e-01
4.261213e-01
4.261137e-01
4.261037e-01
4.260902e-01
4.260729e-01
4.260521e-01
4.260279e-01
4.259991e-01
4.259622e-01
4.259097e-01
4.258273e-01
4.256851e-01
4.254205e-01
4.249035e-01
4.238766e-01
4.218667e-01
4.180857e-01
4.113733e-01
4.002885e-01
3.835481e-01
3.607981e-01
3.335184e-01
3.060540e-01
2.836026e-01
2.699263e-01
2.650212e-01
2.643806e-01
2.643929e-01
2.645178e-01
2.648085e-01
2.651901e-01
2.654926e-01
2.656081e-01
2.656157e-01
2.656105e-01
2.655938e-01
2.655694e-01
2.655538e-01
2.655520e-01
2.655542e-01
2.655617e-01
2.655731e-01
2.655823e-01
2.655852e-01
2.655846e-01
2.655808e-01
2.655725e-01
2.655610e-01
2.655492e-01
2.655406e-01
2.655328e-01
2.655260e-01
2.654913e-01
2.653305e-01
2.645027e-01
2.603377e-01
2.390655e-01
1.757774e-01
1.299384e-01
1.250383e-01
1.250000e-01
1.250000e-01
1.250000e-01
1.250000e-01
1.250000e-01
1.250000e-01
1.250000e-01
1.250000e-01
1.250000e-01
1.250000e-01
1.250000e-01
1.250000e-01
1.250000e-01
1.250000e-01
1.250000e-01
1.250000e-01
1.250000e-01
1.250000e-01
1.250000e-01
1.250000e-01
1.250000e-01
1.250000e-01
1.250000e-01
1.250000e-01
1.250000e-01
1.250000e-01
1.250000e-01
1.250000e-01
1.250000e-01
1.250000e-01
1.250000e-01
1.250000e-01
1.250000e-01
1.250000e-01
1.250000e-01
1.250000e-01
1.250000e-01
1.250000e-01
1.250000e-01
1.250000e-01
1.250000e-01
1.250000e-01
1.250000e-01
1.250000e-01
1.250000e-01
1.250000e-01
1.250000e-01
1.250000e-01
1.250000e-01
1.250000e-01
1.250000e-01
1.250000e-01
1.250000e-01
1.250000e-01
1.250000e-01
1.250000e-01
1.250000e-01
1.250000e-01
1.250000e-01
1.250000e-01
1.250000e-01
1.250000e-01
1.250000e-01
1.250000e-01
1.250000e-01
1.250000e-01
1.250000e-01
1.250000e-01
1.250000e-01
1.250000e-01
1.250000e-01
1.250000e-01
1.250000e-01
1.250000e-01
1.250000e-01
1.250000e-01
1.250000e-01
1.250000e-01
1.250000e-01
1.250000e-01
1.250000e-01
1.250000e-01
1.250000e-01
1.250000e-01
1.250000e-01
1.250000e-01
1.250000e-01
1.250000e-01
1.250000e-01
1.250000e-01
1.250000e-01
1.250000e-01
1.250000e-01
1.250000e-01
1.250001e-01
1.250006e-01
1.250067e-01
1.250760e-01
1.258367e-01
1.331943e-01
1.741067e-01
2.385472e-01
2.600131e-01
2.645733e-01
2.654075e-01
2.655140e-01
2.655273e-01
2.655315e-01
2.655398e-01
2.655531e-01
2.655680e-01
2.655813e-01
2.655906e-01
2.655945e-01
2.655944e-01
2.655896e-01
2.655777e-01
2.655615e-01
2.655489e-01
2.655447e-01
2.655464e-01
2.655563e-01
2.655704e-01
2.655764e-01
2.655754e-01
2.655443e-01
2.654277e-01
2.652562e-01
2.651383e-01
2.651067e-01
2.651386e-01
2.656070e-01
2.678594e-01
2.743757e-01
2.876095e-01
3.080348e-01
3.334198e-01
3.595037e-01
3.820649e-01
3.992424e-01
4.107960e-01
4.177763e-01
4.216532e-01
4.236712e-01
4.246823e-01
4.251879e-01
4.254512e-01
4.256004e-01
4.256946e-01
4.257604e-01
4.258097e-01
4.258484e-01
4.258801e-01
4.259069e-01
4.259303e-01
4.259506e-01
4.259681e-01
4.259831e-01
4.259961e-01
4.260076e-01
4.260176e-01
4.260255e-01
4.260317e-01
4.260387e-01
4.260522e-01
4.260713e-01
4.260954e-01
4.261167e-01
4.261296e-01
4.261383e-01
4.261456e-01
4.261495e-01
4.261417e-01
4.260630e-01
4.259081e-01
4.258063e-01
4.259979e-01
