4.263174e-01
4.273342e-01
4.293994e-01
4.326652e-01
4.369544e-01
4.420091e-01
4.475808e-01
4.534964e-01
4.596479e-01
4.659720e-01
4.724299e-01
4.789989e-01
4.856741e-01
4.924458e-01
4.993103e-01
5.062668e-01
5.133135e-01
5.204469e-01
5.276655e-01
5.349684e-01
5.423555e-01
5.498269e-01
5.573803e-01
5.650182e-01
5.727356e-01
5.805382e-01
5.884246e-01
5.963952e-01
6.044503e-01
6.125900e-01
6.208142e-01
6.291234e-01
6.375187e-01
6.459994e-01
6.545652e-01
6.632173e-01
6.719530e-01
6.807736e-01
6.896796e-01
6.986709e-01
7.077473e-01
7.169087e-01
7.261548e-01
7.354849e-01
7.448987e-01
7.543954e-01
7.639737e-01
7.736327e-01
7.833728e-01
7.931892e-01
8.030814e-01
8.130465e-01
8.230811e-01
8.331815e-01
8.433427e-01
8.535588e-01
8.638225e-01
8.741245e-01
8.844533e-01
8.947939e-01
9.051276e-01
9.154316e-01
9.256726e-01
9.358083e-01
9.457808e-01
9.555111e-01
9.648920e-01
9.737807e-01
9.819818e-01
9.892043e-01
9.949601e-01
9.985440e-01
9.998256e-01
9.999949e-01
1.000000e+00
1.000000e+00
1.000000e+00
1.000000e+00
1.000000e+00
1.000000e+00
1.000000e+00
1.000000e+00
1.000000e+00
1.000000e+00
1.000000e+00
1.000000e+00
1.000000e+00
1.000000e+00
1.000000e+00
1.000000e+00
1.000000e+00
1.000000e+00
1.000000e+00
1.000000e+00
1.000000e+00
1.000000e+00
1.000000e+00
1.000000e+00
1.000000e+00
1.000000e+00
1.000000e+00
1.000000e+00
1.000000e+00
1.000000e+00
1.000000e+00
1.000000e+00
1.000000e+00
1.000000e+00
1.000000e+00
1.000000e+00
1.000000e+00
1.000000e+00
1.000000e+00
1.000000e+00
1.000000e+00
1.000000e+00
1.000000e+00
1.000000e+00
1.000000e+00
1.000000e+00
1.000000e+00
1.000000e+00
1.000000e+00
1.000000e+00
1.000000e+00
1.000000e+00
1.000000e+00
1.000000e+00
1.000000e+00
1.000000e+00
1.000000e+00
1.000000e+00
1.000000e+00
1.000000e+00
1.000000e+00
1.000000e+00
1.000000e+00
1.000000e+00
1.000000e+00
1.000000e+00
1.000000e+00
1.000000e+00
1.000000e+00
1.000000e+00
1.000000e+00
1.000000e+00
1.000000e+00
1.000000e+00
1.000000e+00
1.000000e+00
1.000000e+00
1.000000e+00
1.000000e+00
1.000000e+00
1.000000e+00
1.000000e+00
1.000000e+00
1.000000e+00
1.000000e+00
1.000000e+00
1.000000e+00
1.000000e+00
1.000000e+00
1.000000e+00
1.000000e+00
1.000000e+00
1.000000e+00
1.000000e+00
1.000000e+00
1.000000e+00
1.000000e+00
1.000000e+00
1.000000e+00
1.000000e+00
1.000000e+00
1.000000e+00
1.000000e+00
1.000000e+00
1.000000e+00
9.999999e-01
9.999993e-01
9.999963e-01
9.999804e-01
9.999023e-01
9.995574e-01
9.983149e-01
9.950179e-01
9.888400e-01
9.802025e-01
9.701626e-01
9.595205e-01
9.486798e-01
9.377956e-01
9.269180e-01
9.160733e-01
9.052778e-01
8.945450e-01
8.838802e-01
8.732887e-01
8.627747e-01
8.523414e-01
8.419911e-01
8.317258e-01
8.215467e-01
8.114548e-01
8.014509e-01
7.915356e-01
7.817093e-01
7.719711e-01
7.623238e-01
7.527659e-01
7.432970e-01
7.339171e-01
7.246263e-01
7.154241e-01
7.063105e-01
6.972851e-01
6.883476e-01
6.794977e-01
6.707353e-01
6.620589e-01
6.534678e-01
6.449635e-01
6.365453e-01
6.282132e-01
6.199676e-01
6.118075e-01
6.037320e-01
5.957412e-01
5.878350e-01
5.800130e-01
5.722751e-01
5.646220e-01
5.570487e-01
5.495598e-01
5.421533e-01
5.348312e-01
5.275941e-01
5.204422e-01
5.133770e-01
5.064006e-01
4.995175e-01
4.927306e-01
4.860423e-01
4.794585e-01
4.729912e-01
4.666467e-01
4.604509e-01
4.544412e-01
4.486741e-01
4.432396e-01
4.382758e-01
4.339725e-01
4.305447e-01
4.281478e-01
4.267751e-01
4.261800e-01
4.260389e-01
4.260347e-01
4.261024e-01
4.261737e-01
4.262074e-01
4.262125e-01
4.262111e-01
4.262030e-01
4.261931e-01
4.261863e-01
4.261820e-01
4.261833e-01
4.261880e-01
4.261941e-01
4.261989e-01
4.262021e-01
4.262040e-01
4.262051e-01
4.262057e-01
4.262058e-01
4.262058e-01
4.262055e-01
4.262049e-01
4.262038e-01
4.262020e-01
4.261993e-01
4.261956e-01
4.261906e-01
4.261845e-01
4.261771e-01
4.261687e-01
4.261592e-01
4.261483e-01
4.261354e-01
4.261197e-01
4.261006e-01
4.260775e-01
4.260498e-01
4.260154e-01
4.259698e-01
4.259027e-01
4.257929e-01
4.255980e-01
4.252346e-01
4.245472e-01
4.232598e-01
4.209161e-01
4.168231e-01
4.100383e-01
3.994651e-01
3.841806e-01
3.639317e-01
3.396537e-01
3.142339e-01
2.917144e-01
2.754454e-01
2.671176e-01
2.648524e-01
2.646714e-01
2.646932e-01
2.647979e-01
2.650120e-01
2.652804e-01
2.654931e-01
2.655841e-01
2.655957e-01
2.655944e-01
2.655881e-01
2.655779e-01
2.655709e-01
2.655696e-01
2.655705e-01
2.655741e-01
2.655795e-01
2.655835e-01
2.655845e-01
2.655841e-01
2.655824e-01
2.655787e-01
2.655735e-01
2.655683e-01
2.655644e-01
2.655622e-01
2.655609e-01
2.655601e-01
2.655598e-01
2.655602e-01
2.655613e-01
2.655626e-01
2.655642e-01
2.655653e-01
2.655661e-01
2.655656e-01
2.655648e-01
2.655557e-01
2.655157e-01
2.653146e-01
2.643242e-01
2.593478e-01
2.342940e-01
1.682820e-01
1.283464e-01
1.250190e-01
1.250000e-01
1.250000e-01
1.250000e-01
1.250000e-01
1.250000e-01
1.250000e-01
1.250000e-01
1.250000e-01
1.250000e-01
1.250000e-01
1.250000e-01
1.250000e-01
1.250000e-01
1.250000e-01
1.250000e-01
1.250000e-01
1.250000e-01
1.250000e-01
1.250000e-01
1.250000e-01
1.250000e-01
1.250000e-01
1.250000e-01
1.250000e-01
1.250000e-01
1.250000e-01
1.250000e-01
1.250000e-01
1.250000e-01
1.250000e-01
1.250000e-01
1.250000e-01
1.250000e-01
1.250000e-01
1.250000e-01
1.250000e-01
1.250000e-01
1.250000e-01
1.250000e-01
1.250000e-01
1.250000e-01
1.250000e-01
1.250000e-01
1.250000e-01
1.250000e-01
1.250005e-01
1.250052e-01
1.250585e-01
1.256476e-01
1.314946e-01
1.672199e-01
2.334035e-01
2.590877e-01
2.643725e-01
2.654066e-01
2.655477e-01
2.655629e-01
2.655656e-01
2.655649e-01
2.655644e-01
2.655638e-01
2.655637e-01
2.655641e-01
2.655652e-01
2.655657e-01
2.655651e-01
2.655639e-01
2.655626e-01
2.655621e-01
2.655622e-01
2.655649e-01
2.655713e-01
2.655801e-01
2.655882e-01
2.655939e-01
2.655969e-01
2.655977e-01
2.655957e-01
2.655868e-01
2.655756e-01
2.655681e-01
2.655641e-01
2.655625e-01
2.655617e-01
2.655604e-01
2.655539e-01
2.655221e-01
2.654471e-01
2.653624e-01
2.653148e-01
2.653046e-01
2.653357e-01
2.656672e-01
2.671478e-01
2.713787e-01
2.803000e-01
2.951373e-01
3.153477e-01
3.388108e-01
3.621114e-01
3.823204e-01
3.981117e-01
4.092288e-01
4.163746e-01
4.206459e-01
4.230504e-01
4.243459e-01
4.250276e-01
4.253875e-01
4.255850e-01
4.257020e-01
4.257788e-01
4.258346e-01
4.258786e-01
4.259153e-01
4.259464e-01
4.259728e-01
4.259950e-01
4.260138e-01
4.260299e-01
4.260442e-01
4.260568e-01
4.260679e-01
4.260774e-01
4.260854e-01
4.260919e-01
4.260970e-01
4.261008e-01
4.261037e-01
4.261062e-01
4.261086e-01
4.261112e-01
4.261137e-01
4.261160e-01
4.261180e-01
4.261195e-01
4.261201e-01
4.261199e-01
4.261197e-01
4.261249e-01
4.261325e-01
4.261451e-01
4.261614e-01
4.261771e-01
4.261884e-01
4.261941e-01
4.261959e-01
4.261906e-01
4.261482e-01
4.260609e-01
4.259926e-01
4.260283e-01
