4.261750e-01
4.265811e-01
4.275932e-01
4.294545e-01
4.321784e-01
4.356609e-01
4.397092e-01
4.441552e-01
4.488716e-01
4.537753e-01
4.588152e-01
4.639604e-01
4.691915e-01
4.744979e-01
4.798695e-01
4.853074e-01
4.908069e-01
4.963663e-01
5.019837e-01
5.076599e-01
5.133946e-01
5.191852e-01
5.250314e-01
5.309328e-01
5.368893e-01
5.429010e-01
5.489675e-01
5.550892e-01
5.612661e-01
5.674955e-01
5.737803e-01
5.801206e-01
5.865164e-01
5.929681e-01
5.994756e-01
6.060391e-01
6.126587e-01
6.193345e-01
6.260670e-01
6.328559e-01
6.397025e-01
6.466059e-01
6.535662e-01
6.605831e-01
6.676582e-01
6.747885e-01
6.819765e-01
6.892218e-01
6.965245e-01
7.038846e-01
7.113021e-01
7.187769e-01
7.263089e-01
7.338981e-01
7.415442e-01
7.492470e-01
7.570061e-01
7.648212e-01
7.726918e-01
7.806179e-01
7.885983e-01
7.966319e-01
8.047181e-01
8.128556e-01
8.210428e-01
8.292782e-01
8.375596e-01
8.458848e-01
8.542507e-01
8.626538e-01
8.710898e-01
8.795536e-01
8.880387e-01
8.965371e-01
9.050391e-01
9.135326e-01
9.220024e-01
9.304275e-01
9.387820e-01
9.470313e-01
9.551296e-01
9.630153e-01
9.706081e-01
9.778017e-01
9.844530e-01
9.903585e-01
9.951864e-01
9.984130e-01
9.997592e-01
9.999899e-01
9.999999e-01
1.000000e+00
1.000000e+00
1.000000e+00
1.000000e+00
1.000000e+00
1.000000e+00
1.000000e+00
1.000000e+00
1.000000e+00
1.000000e+00
1.000000e+00
1.000000e+00
1.000000e+00
1.000000e+00
1.000000e+00
1.000000e+00
1.000000e+00
1.000000e+00
1.000000e+00
1.000000e+00
1.000000e+00
1.000000e+00
1.000000e+00
1.000000e+00
1.000000e+00
1.000000e+00
1.000000e+00
1.000000e+00
1.000000e+00
1.000000e+00
1.000000e+00
1.000000e+00
1.000000e+00
1.000000e+00
1.000000e+00
1.000000e+00
1.000000e+00
1.000000e+00
1.000000e+00
1.000000e+00
1.000000e+00
1.000000e+00
1.000000e+00
1.000000e+00
1.000000e+00
1.000000e+00
1.000000e+00
1.000000e+00
1.000000e+00
1.000000e+00
1.000000e+00
1.000000e+00
1.000000e+00
1.000000e+00
1.000000e+00
1.000000e+00
1.000000e+00
1.000000e+00
1.000000e+00
1.000000e+00
1.000000e+00
1.000000e+00
1.000000e+00
1.000000e+00
1.000000e+00
1.000000e+00
1.000000e+00
1.000000e+00
1.000000e+00
1.000000e+00
1.000000e+00
1.000000e+00
9.999999e-01
9.999994e-01
9.999971e-01
9.999849e-01
9.999252e-01
9.996620e-01
9.987071e-01
9.961331e-01
9.912152e-01
9.842285e-01
9.760314e-01
9.673057e-01
9.584005e-01
9.494537e-01
9.405058e-01
9.315746e-01
9.226719e-01
9.138053e-01
9.049808e-01
8.962034e-01
8.874752e-01
8.787984e-01
8.701752e-01
8.616072e-01
8.530957e-01
8.446416e-01
8.362457e-01
8.279086e-01
8.196307e-01
8.114124e-01
8.032538e-01
7.951552e-01
7.871169e-01
7.791383e-01
7.712202e-01
7.633627e-01
7.555653e-01
7.478279e-01
7.401503e-01
7.325325e-01
7.249743e-01
7.174755e-01
7.100359e-01
7.026555e-01
6.953340e-01
6.880711e-01
6.808667e-01
6.737206e-01
6.666329e-01
6.596009e-01
6.526276e-01
6.457113e-01
6.388523e-01
6.320503e-01
6.253060e-01
6.186185e-01
6.119876e-01
6.054130e-01
5.988944e-01
5.924317e-01
5.860248e-01
5.796737e-01
5.733780e-01
5.671379e-01
5.609528e-01
5.548204e-01
5.487431e-01
5.427210e-01
5.367539e-01
5.308421e-01
5.249859e-01
5.191855e-01
5.134414e-01
5.077543e-01
5.021274e-01
4.965612e-01
4.910559e-01
4.856139e-01
4.802383e-01
4.749339e-01
4.697031e-01
4.645554e-01
4.595032e-01
4.545661e-01
4.497729e-01
4.451686e-01
4.408216e-01
4.368319e-01
4.333324e-01
4.304729e-01
4.283721e-01
4.270507e-01
4.263822e-01
4.261429e-01
4.260931e-01
4.261157e-01
4.261643e-01
4.262037e-01
4.262210e-01
4.262222e-01
4.262184e-01
4.262112e-01
4.262055e-01
4.262030e-01
4.262037e-01
4.262081e-01
4.262147e-01
4.262207e-01
4.262254e-01
4.262289e-01
4.262316e-01
4.262340e-01
4.262362e-01
4.262384e-01
4.262404e-01
4.262422e-01
4.262437e-01
4.262448e-01
4.262455e-01
4.262457e-01
4.262453e-01
4.262444e-01
4.262430e-01
4.262412e-01
4.262391e-01
4.262367e-01
4.262341e-01
4.262310e-01
4.262274e-01
4.262231e-01
4.262182e-01
4.262127e-01
4.262065e-01
4.261997e-01
4.261922e-01
4.261839e-01
4.261747e-01
4.261644e-01
4.261528e-01
4.261394e-01
4.261239e-01
4.261056e-01
4.260839e-01
4.260575e-01
4.260237e-01
4.259768e-01
4.259054e-01
4.257873e-01
4.255793e-01
4.252017e-01
4.245128e-01
4.232734e-01
4.211051e-01
4.174511e-01
4.115665e-01
4.025741e-01
3.896618e-01
3.724420e-01
3.512616e-01
3.276893e-01
3.047765e-01
2.856175e-01
2.725916e-01
2.664368e-01
2.649489e-01
2.648517e-01
2.648691e-01
2.649464e-01
2.651024e-01
2.653040e-01
2.654773e-01
2.655664e-01
2.655857e-01
2.655862e-01
2.655847e-01
2.655810e-01
2.655781e-01
2.655777e-01
2.655784e-01
2.655805e-01
2.655835e-01
2.655849e-01
2.655847e-01
2.655839e-01
2.655820e-01
2.655785e-01
2.655742e-01
2.655701e-01
2.655676e-01
2.655669e-01
2.655669e-01
2.655672e-01
2.655677e-01
2.655683e-01
2.655690e-01
2.655695e-01
2.655699e-01
2.655701e-01
2.655705e-01
2.655708e-01
2.655711e-01
2.655711e-01
2.655711e-01
2.655708e-01
2.655702e-01
2.655691e-01
2.655677e-01
2.655659e-01
2.655645e-01
2.655623e-01
2.655620e-01
2.655558e-01
2.655418e-01
2.654570e-01
2.650493e-01
2.630042e-01
2.525638e-01
2.075952e-01
1.427802e-01
1.254640e-01
1.250251e-01
1.252170e-01
1.273461e-01
1.448420e-01
2.051686e-01
2.526352e-01
2.627997e-01
2.651592e-01
2.655108e-01
2.655564e-01
2.655613e-01
2.655636e-01
2.655648e-01
2.655665e-01
2.655681e-01
2.655695e-01
2.655704e-01
2.655709e-01
2.655713e-01
2.655719e-01
2.655724e-01
2.655729e-01
2.655736e-01
2.655744e-01
2.655750e-01
2.655752e-01
2.655751e-01
2.655741e-01
2.655721e-01
2.655697e-01
2.655677e-01
2.655666e-01
2.655665e-01
2.655671e-01
2.655697e-01
2.655752e-01
2.655824e-01
2.655891e-01
2.655934e-01
2.655952e-01
2.655955e-01
2.655944e-01
2.655900e-01
2.655832e-01
2.655769e-01
2.655725e-01
2.655693e-01
2.655660e-01
2.655597e-01
2.655433e-01
2.655072e-01
2.654567e-01
2.654163e-01
2.654001e-01
2.653997e-01
2.654508e-01
2.657971e-01
2.671051e-01
2.705863e-01
2.777770e-01
2.898436e-01
3.068039e-01
3.274752e-01
3.495398e-01
3.702055e-01
3.876750e-01
4.011766e-01
4.107104e-01
4.169577e-01
4.208044e-01
4.230520e-01
4.243138e-01
4.250045e-01
4.253806e-01
4.255897e-01
4.257123e-01
4.257904e-01
4.258452e-01
4.258874e-01
4.259219e-01
4.259513e-01
4.259769e-01
4.259996e-01
4.260197e-01
4.260376e-01
4.260535e-01
4.260677e-01
4.260805e-01
4.260922e-01
4.261029e-01
4.261127e-01
4.261218e-01
4.261300e-01
4.261373e-01
4.261437e-01
4.261489e-01
4.261533e-01
4.261571e-01
4.261605e-01
4.261636e-01
4.261664e-01
4.261685e-01
4.261699e-01
4.261704e-01
4.261700e-01
4.261690e-01
4.261677e-01
4.261664e-01
4.261654e-01
4.261647e-01
4.261642e-01
4.261637e-01
4.261629e-01
4.261616e-01
4.261597e-01
4.261584e-01
4.261589e-01
4.261623e-01
4.261684e-01
4.261787e-01
4.261926e-01
4.262063e-01
4.262155e-01
4.262181e-01
4.262173e-01
4.261941e-01
4.261404e-01
4.260920e-01
4.260825e-01
