4.262730e-01
4.271501e-01
4.289841e-01
4.319559e-01
4.359297e-01
4.406723e-01
4.459426e-01
4.515655e-01
4.574279e-01
4.634632e-01
4.696310e-01
4.759095e-01
4.822841e-01
4.887525e-01
4.953083e-01
5.019480e-01
5.086715e-01
5.154782e-01
5.223635e-01
5.293274e-01
5.363691e-01
5.434884e-01
5.506857e-01
5.579589e-01
5.653099e-01
5.727348e-01
5.802384e-01
5.878196e-01
5.954789e-01
6.032164e-01
6.110321e-01
6.189260e-01
6.268989e-01
6.349510e-01
6.430828e-01
6.512936e-01
6.595830e-01
6.679530e-01
6.763995e-01
6.849259e-01
6.935315e-01
7.022162e-01
7.109801e-01
7.198228e-01
7.287441e-01
7.377436e-01
7.468207e-01
7.559750e-01
7.652053e-01
7.745107e-01
7.838918e-01
7.933441e-01
8.028674e-01
8.124592e-01
8.221166e-01
8.318363e-01
8.416143e-01
8.514457e-01
8.613242e-01
8.712423e-01
8.811906e-01
8.911569e-01
9.011261e-01
9.110790e-01
9.209920e-01
9.308299e-01
9.405494e-01
9.500906e-01
9.593715e-01
9.682830e-01
9.766795e-01
9.843592e-01
9.910149e-01
9.961261e-01
9.990380e-01
9.999110e-01
9.999982e-01
1.000000e+00
1.000000e+00
1.000000e+00
1.000000e+00
1.000000e+00
1.000000e+00
1.000000e+00
1.000000e+00
1.000000e+00
1.000000e+00
1.000000e+00
1.000000e+00
1.000000e+00
1.000000e+00
1.000000e+00
1.000000e+00
1.000000e+00
1.000000e+00
1.000000e+00
1.000000e+00
1.000000e+00
1.000000e+00
1.000000e+00
1.000000e+00
1.000000e+00
1.000000e+00
1.000000e+00
1.000000e+00
1.000000e+00
1.000000e+00
1.000000e+00
1.000000e+00
1.000000e+00
1.000000e+00
1.000000e+00
1.000000e+00
1.000000e+00
1.000000e+00
1.000000e+00
1.000000e+00
1.000000e+00
1.000000e+00
1.000000e+00
1.000000e+00
1.000000e+00
1.000000e+00
1.000000e+00
1.000000e+00
1.000000e+00
1.000000e+00
1.000000e+00
1.000000e+00
1.000000e+00
1.000000e+00
1.000000e+00
1.000000e+00
1.000000e+00
1.000000e+00
1.000000e+00
1.000000e+00
1.000000e+00
1.000000e+00
1.000000e+00
1.000000e+00
1.000000e+00
1.000000e+00
1.000000e+00
1.000000e+00
1.000000e+00
1.000000e+00
1.000000e+00
1.000000e+00
1.000000e+00
1.000000e+00
1.000000e+00
1.000000e+00
1.000000e+00
1.000000e+00
1.000000e+00
1.000000e+00
1.000000e+00
1.000000e+00
1.000000e+00
1.000000e+00
1.000000e+00
1.000000e+00
1.000000e+00
1.000000e+00
1.000000e+00
1.000000e+00
1.000000e+00
1.000000e+00
1.000000e+00
1.000000e+00
1.000000e+00
1.000000e+00
1.000000e+00
1.000000e+00
1.000000e+00
9.999999e-01
9.999996e-01
9.999977e-01
9.999877e-01
9.999378e-01
9.997094e-01
9.988338e-01
9.962975e-01
9.910955e-01
9.833094e-01
9.739012e-01
9.637475e-01
9.533266e-01
9.428381e-01
9.323453e-01
9.218762e-01
9.114479e-01
9.010735e-01
8.907606e-01
8.805139e-01
8.703373e-01
8.602344e-01
8.502075e-01
8.402586e-01
8.303891e-01
8.206002e-01
8.108926e-01
8.012669e-01
7.917236e-01
7.822631e-01
7.728845e-01
7.635903e-01
7.543792e-01
7.452508e-01
7.362051e-01
7.272420e-01
7.183613e-01
7.095628e-01
7.008463e-01
6.922114e-01
6.836579e-01
6.751855e-01
6.667944e-01
6.584808e-01
6.502489e-01
6.420963e-01
6.340233e-01
6.260306e-01
6.181174e-01
6.102834e-01
6.025279e-01
5.948506e-01
5.872515e-01
5.797304e-01
5.722872e-01
5.649223e-01
5.576317e-01
5.504186e-01
5.432817e-01
5.362229e-01
5.292423e-01
5.223403e-01
5.155179e-01
5.087761e-01
5.021198e-01
4.955505e-01
4.890698e-01
4.826829e-01
4.763970e-01
4.702190e-01
4.641632e-01
4.582532e-01
4.525276e-01
4.470454e-01
4.418995e-01
4.372284e-01
4.332164e-01
4.300624e-01
4.278934e-01
4.266776e-01
4.261672e-01
4.260498e-01
4.260526e-01
4.261145e-01
4.261798e-01
4.262114e-01
4.262154e-01
4.262132e-01
4.262045e-01
4.261951e-01
4.261894e-01
4.261862e-01
4.261888e-01
4.261940e-01
4.262000e-01
4.262046e-01
4.262078e-01
4.262100e-01
4.262115e-01
4.262126e-01
4.262134e-01
4.262139e-01
4.262141e-01
4.262140e-01
4.262135e-01
4.262124e-01
4.262106e-01
4.262080e-01
4.262045e-01
4.262000e-01
4.261945e-01
4.261879e-01
4.261804e-01
4.261720e-01
4.261624e-01
4.261513e-01
4.261382e-01
4.261223e-01
4.261033e-01
4.260804e-01
4.260529e-01
4.260189e-01
4.259738e-01
4.259076e-01
4.257997e-01
4.256087e-01
4.252547e-01
4.245891e-01
4.233507e-01
4.211092e-01
4.172124e-01
4.107700e-01
4.007323e-01
3.861755e-01
3.667686e-01
3.432341e-01
3.180665e-01
2.951394e-01
2.778199e-01
2.681568e-01
2.650593e-01
2.647098e-01
2.647192e-01
2.647958e-01
2.649751e-01
2.652261e-01
2.654511e-01
2.655682e-01
2.655923e-01
2.655924e-01
2.655886e-01
2.655806e-01
2.655736e-01
2.655721e-01
2.655727e-01
2.655754e-01
2.655802e-01
2.655839e-01
2.655843e-01
2.655838e-01
2.655822e-01
2.655788e-01
2.655741e-01
2.655694e-01
2.655661e-01
2.655643e-01
2.655638e-01
2.655637e-01
2.655638e-01
2.655638e-01
2.655637e-01
2.655634e-01
2.655634e-01
2.655638e-01
2.655645e-01
2.655653e-01
2.655661e-01
2.655656e-01
2.655649e-01
2.655568e-01
2.655192e-01
2.653311e-01
2.643969e-01
2.597114e-01
2.359952e-01
1.707968e-01
1.288351e-01
1.250242e-01
1.250000e-01
1.250000e-01
1.250000e-01
1.250000e-01
1.250000e-01
1.250000e-01
1.250000e-01
1.250000e-01
1.250000e-01
1.250000e-01
1.250000e-01
1.250000e-01
1.250000e-01
1.250000e-01
1.250000e-01
1.250000e-01
1.250000e-01
1.250000e-01
1.250000e-01
1.250000e-01
1.250000e-01
1.250000e-01
1.250000e-01
1.250000e-01
1.250000e-01
1.250000e-01
1.250000e-01
1.250000e-01
1.250000e-01
1.250000e-01
1.250000e-01
1.250000e-01
1.250000e-01
1.250000e-01
1.250000e-01
1.250000e-01
1.250000e-01
1.250005e-01
1.250057e-01
1.250640e-01
1.257068e-01
1.320342e-01
1.695126e-01
2.352418e-01
2.594269e-01
2.644526e-01
2.654170e-01
2.655477e-01
2.655625e-01
2.655648e-01
2.655642e-01
2.655643e-01
2.655641e-01
2.655649e-01
2.655669e-01
2.655691e-01
2.655701e-01
2.655699e-01
2.655686e-01
2.655663e-01
2.655638e-01
2.655622e-01
2.655618e-01
2.655621e-01
2.655660e-01
2.655748e-01
2.655844e-01
2.655924e-01
2.655970e-01
2.655982e-01
2.655979e-01
2.655936e-01
2.655839e-01
2.655741e-01
2.655676e-01
2.655644e-01
2.655632e-01
2.655628e-01
2.655612e-01
2.655489e-01
2.655047e-01
2.654286e-01
2.653593e-01
2.653283e-01
2.653255e-01
2.653916e-01
2.658875e-01
2.677887e-01
2.727436e-01
2.825899e-01
2.982104e-01
3.188059e-01
3.421368e-01
3.648379e-01
3.843053e-01
3.994008e-01
4.099758e-01
4.167694e-01
4.208391e-01
4.231401e-01
4.243875e-01
4.250487e-01
4.254003e-01
4.255942e-01
4.257091e-01
4.257844e-01
4.258393e-01
4.258827e-01
4.259187e-01
4.259495e-01
4.259761e-01
4.259991e-01
4.260188e-01
4.260356e-01
4.260498e-01
4.260622e-01
4.260732e-01
4.260830e-01
4.260919e-01
4.260995e-01
4.261058e-01
4.261107e-01
4.261144e-01
4.261169e-01
4.261187e-01
4.261202e-01
4.261217e-01
4.261234e-01
4.261251e-01
4.261267e-01
4.261280e-01
4.261289e-01
4.261292e-01
4.261286e-01
4.261280e-01
4.261323e-01
4.261386e-01
4.261498e-01
4.261652e-01
4.261810e-01
4.261930e-01
4.261992e-01
4.262009e-01
4.261961e-01
4.261575e-01
4.260776e-01
4.260136e-01
4.260385e-01
