4.266115e-01
4.283910e-01
4.316226e-01
4.362829e-01
4.420249e-01
4.485073e-01
4.554694e-01
4.627524e-01
4.702628e-01
4.779510e-01
4.857920e-01
4.937754e-01
5.018916e-01
5.101365e-01
5.185080e-01
5.269990e-01
5.356089e-01
5.443360e-01
5.531798e-01
5.621413e-01
5.712128e-01
5.804020e-01
5.897074e-01
5.991297e-01
6.086689e-01
6.183247e-01
6.280977e-01
6.379894e-01
6.479987e-01
6.581242e-01
6.683690e-01
6.787265e-01
6.892017e-01
6.997931e-01
7.105004e-01
7.213230e-01
7.322599e-01
7.433099e-01
7.544715e-01
7.657430e-01
7.771219e-01
7.886069e-01
8.001909e-01
8.118713e-01
8.236417e-01
8.354948e-01
8.474214e-01
8.594098e-01
8.714451e-01
8.835081e-01
8.955737e-01
9.076094e-01
9.195743e-01
9.314059e-01
9.430241e-01
9.543140e-01
9.651184e-01
9.752245e-01
9.843242e-01
9.919139e-01
9.971747e-01
9.995266e-01
9.999770e-01
9.999998e-01
1.000000e+00
1.000000e+00
1.000000e+00
1.000000e+00
1.000000e+00
1.000000e+00
1.000000e+00
1.000000e+00
1.000000e+00
1.000000e+00
1.000000e+00
1.000000e+00
1.000000e+00
1.000000e+00
1.000000e+00
1.000000e+00
1.000000e+00
1.000000e+00
1.000000e+00
1.000000e+00
1.000000e+00
1.000000e+00
1.000000e+00
1.000000e+00
1.000000e+00
1.000000e+00
1.000000e+00
1.000000e+00
1.000000e+00
1.000000e+00
1.000000e+00
1.000000e+00
1.000000e+00
1.000000e+00
1.000000e+00
1.000000e+00
1.000000e+00
1.000000e+00
1.000000e+00
1.000000e+00
1.000000e+00
1.000000e+00
1.000000e+00
1.000000e+00
1.000000e+00
1.000000e+00
1.000000e+00
1.000000e+00
1.000000e+00
1.000000e+00
1.000000e+00
1.000000e+00
1.000000e+00
1.000000e+00
1.000000e+00
1.000000e+00
1.000000e+00
1.000000e+00
1.000000e+00
1.000000e+00
1.000000e+00
1.000000e+00
1.000000e+00
1.000000e+00
1.000000e+00
1.000000e+00
1.000000e+00
1.000000e+00
1.000000e+00
1.000000e+00
1.000000e+00
1.000000e+00
1.000000e+00
1.000000e+00
1.000000e+00
1.000000e+00
1.000000e+00
1.000000e+00
1.000000e+00
1.000000e+00
1.000000e+00
1.000000e+00
1.000000e+00
1.000000e+00
1.000000e+00
1.000000e+00
1.000000e+00
1.000000e+00
1.000000e+00
1.000000e+00
1.000000e+00
1.000000e+00
1.000000e+00
1.000000e+00
1.000000e+00
1.000000e+00
1.000000e+00
1.000000e+00
1.000000e+00
1.000000e+00
1.000000e+00
1.000000e+00
1.000000e+00
1.000000e+00
1.000000e+00
1.000000e+00
1.000000e+00
1.000000e+00
1.000000e+00
1.000000e+00
1.000000e+00
1.000000e+00
1.000000e+00
1.000000e+00
1.000000e+00
1.000000e+00
1.000000e+00
1.000000e+00
1.000000e+00
1.000000e+00
1.000000e+00
1.000000e+00
1.000000e+00
1.000000e+00
1.000000e+00
9.999999e-01
9.999997e-01
9.999982e-01
9.999903e-01
9.999495e-01
9.997552e-01
9.989627e-01
9.964719e-01
9.909167e-01
9.820538e-01
9.709443e-01
9.587510e-01
9.461572e-01
9.334611e-01
9.207617e-01
9.081010e-01
8.955098e-01
8.830030e-01
8.705908e-01
8.582810e-01
8.460791e-01
8.339894e-01
8.220150e-01
8.101579e-01
7.984199e-01
7.868026e-01
7.753044e-01
7.639298e-01
7.526772e-01
7.415466e-01
7.305378e-01
7.196507e-01
7.088851e-01
6.982407e-01
6.877171e-01
6.773140e-01
6.670316e-01
6.568645e-01
6.468186e-01
6.368909e-01
6.270822e-01
6.173929e-01
6.078218e-01
5.983679e-01
5.890311e-01
5.798115e-01
5.707088e-01
5.617234e-01
5.528487e-01
5.440917e-01
5.354523e-01
5.269312e-01
5.185306e-01
5.102526e-01
5.021050e-01
4.940920e-01
4.862205e-01
4.785024e-01
4.709545e-01
4.636017e-01
4.564943e-01
4.497163e-01
4.434001e-01
4.377481e-01
4.330298e-01
4.295140e-01
4.273275e-01
4.262852e-01
4.259853e-01
4.259524e-01
4.260420e-01
4.261415e-01
4.261908e-01
4.262008e-01
4.261996e-01
4.261923e-01
4.261796e-01
4.261677e-01
4.261606e-01
4.261560e-01
4.261602e-01
4.261650e-01
4.261683e-01
4.261697e-01
4.261696e-01
4.261684e-01
4.261662e-01
4.261629e-01
4.261586e-01
4.261534e-01
4.261474e-01
4.261405e-01
4.261320e-01
4.261211e-01
4.261069e-01
4.260887e-01
4.260664e-01
4.260397e-01
4.260074e-01
4.259656e-01
4.259059e-01
4.258103e-01
4.256414e-01
4.253235e-01
4.247064e-01
4.235091e-01
4.212424e-01
4.171296e-01
4.100779e-01
3.987912e-01
3.821904e-01
3.600626e-01
3.338070e-01
3.073150e-01
2.852484e-01
2.711209e-01
2.654698e-01
2.645261e-01
2.645141e-01
2.645898e-01
2.648047e-01
2.651273e-01
2.654241e-01
2.655766e-01
2.656054e-01
2.656046e-01
2.655968e-01
2.655814e-01
2.655674e-01
2.655629e-01
2.655634e-01
2.655665e-01
2.655724e-01
2.655782e-01
2.655798e-01
2.655793e-01
2.655779e-01
2.655749e-01
2.655705e-01
2.655661e-01
2.655624e-01
2.655597e-01
2.655577e-01
2.655562e-01
2.655535e-01
2.655519e-01
2.655438e-01
2.655268e-01
2.654364e-01
2.650126e-01
2.628935e-01
2.520813e-01
2.061051e-01
1.418852e-01
1.254152e-01
1.250005e-01
1.250000e-01
1.250000e-01
1.250000e-01
1.250000e-01
1.250000e-01
1.250000e-01
1.250000e-01
1.250000e-01
1.250000e-01
1.250000e-01
1.250000e-01
1.250000e-01
1.250000e-01
1.250000e-01
1.250000e-01
1.250000e-01
1.250000e-01
1.250000e-01
1.250000e-01
1.250000e-01
1.250000e-01
1.250000e-01
1.250000e-01
1.250000e-01
1.250000e-01
1.250000e-01
1.250000e-01
1.250000e-01
1.250000e-01
1.250000e-01
1.250000e-01
1.250000e-01
1.250000e-01
1.250000e-01
1.250000e-01
1.250000e-01
1.250000e-01
1.250000e-01
1.250000e-01
1.250000e-01
1.250000e-01
1.250000e-01
1.250000e-01
1.250000e-01
1.250000e-01
1.250000e-01
1.250000e-01
1.250000e-01
1.250000e-01
1.250000e-01
1.250000e-01
1.250000e-01
1.250000e-01
1.250000e-01
1.250000e-01
1.250000e-01
1.250000e-01
1.250000e-01
1.250000e-01
1.250000e-01
1.250000e-01
1.250000e-01
1.250000e-01
1.250000e-01
1.250000e-01
1.250000e-01
1.250000e-01
1.250000e-01
1.250000e-01
1.250000e-01
1.250000e-01
1.250000e-01
1.250000e-01
1.250000e-01
1.250000e-01
1.250001e-01
1.250016e-01
1.250186e-01
1.252085e-01
1.272338e-01
1.440601e-01
2.036351e-01
2.521523e-01
2.626767e-01
2.651263e-01
2.654980e-01
2.655492e-01
2.655564e-01
2.655580e-01
2.655574e-01
2.655556e-01
2.655537e-01
2.655527e-01
2.655527e-01
2.655579e-01
2.655670e-01
2.655776e-01
2.655870e-01
2.655939e-01
2.655968e-01
2.655964e-01
2.655888e-01
2.655734e-01
2.655612e-01
2.655555e-01
2.655544e-01
2.655566e-01
2.655624e-01
2.655640e-01
2.655600e-01
2.655138e-01
2.653955e-01
2.652716e-01
2.652094e-01
2.651998e-01
2.652806e-01
2.659755e-01
2.687302e-01
2.757943e-01
2.892054e-01
3.091424e-01
3.335391e-01
3.585954e-01
3.805291e-01
3.975746e-01
4.093762e-01
4.167529e-01
4.210072e-01
4.233075e-01
4.244984e-01
4.251049e-01
4.254196e-01
4.255925e-01
4.256972e-01
4.257682e-01
4.258215e-01
4.258641e-01
4.258992e-01
4.259284e-01
4.259527e-01
4.259728e-01
4.259891e-01
4.260027e-01
4.260142e-01
4.260245e-01
4.260341e-01
4.260427e-01
4.260504e-01
4.260571e-01
4.260632e-01
4.260685e-01
4.260724e-01
4.260751e-01
4.260783e-01
4.260872e-01
4.261006e-01
4.261196e-01
4.261394e-01
4.261540e-01
4.261631e-01
4.261687e-01
4.261710e-01
4.261634e-01
4.261019e-01
4.259793e-01
4.258914e-01
4.259980e-01
