4.266500e-01
4.285170e-01
4.318760e-01
4.366821e-01
4.425728e-01
4.492007e-01
4.563058e-01
4.637312e-01
4.713843e-01
4.792157e-01
4.872047e-01
4.953377e-01
5.036086e-01
5.120118e-01
5.205439e-01
5.291990e-01
5.379768e-01
5.468760e-01
5.558937e-01
5.650334e-01
5.742866e-01
5.836620e-01
5.931573e-01
6.027729e-01
6.125090e-01
6.223662e-01
6.323439e-01
6.424441e-01
6.526648e-01
6.630076e-01
6.734683e-01
6.840488e-01
6.947493e-01
7.055695e-01
7.165087e-01
7.275660e-01
7.387403e-01
7.500302e-01
7.614334e-01
7.729478e-01
7.845732e-01
7.963012e-01
8.081299e-01
8.200527e-01
8.320626e-01
8.441503e-01
8.563043e-01
8.685098e-01
8.807479e-01
8.929936e-01
9.052144e-01
9.173701e-01
9.293993e-01
9.412220e-01
9.527248e-01
9.637510e-01
9.740885e-01
9.834327e-01
9.912893e-01
9.968426e-01
9.994345e-01
9.999695e-01
9.999997e-01
1.000000e+00
1.000000e+00
1.000000e+00
1.000000e+00
1.000000e+00
1.000000e+00
1.000000e+00
1.000000e+00
1.000000e+00
1.000000e+00
1.000000e+00
1.000000e+00
1.000000e+00
1.000000e+00
1.000000e+00
1.000000e+00
1.000000e+00
1.000000e+00
1.000000e+00
1.000000e+00
1.000000e+00
1.000000e+00
1.000000e+00
1.000000e+00
1.000000e+00
1.000000e+00
1.000000e+00
1.000000e+00
1.000000e+00
1.000000e+00
1.000000e+00
1.000000e+00
1.000000e+00
1.000000e+00
1.000000e+00
1.000000e+00
1.000000e+00
1.000000e+00
1.000000e+00
1.000000e+00
1.000000e+00
1.000000e+00
1.000000e+00
1.000000e+00
1.000000e+00
1.000000e+00
1.000000e+00
1.000000e+00
1.000000e+00
1.000000e+00
1.000000e+00
1.000000e+00
1.000000e+00
1.000000e+00
1.000000e+00
1.000000e+00
1.000000e+00
1.000000e+00
1.000000e+00
1.000000e+00
1.000000e+00
1.000000e+00
1.000000e+00
1.000000e+00
1.000000e+00
1.000000e+00
1.000000e+00
1.000000e+00
1.000000e+00
1.000000e+00
1.000000e+00
1.000000e+00
1.000000e+00
1.000000e+00
1.000000e+00
1.000000e+00
1.000000e+00
1.000000e+00
1.000000e+00
1.000000e+00
1.000000e+00
1.000000e+00
1.000000e+00
1.000000e+00
1.000000e+00
1.000000e+00
1.000000e+00
1.000000e+00
1.000000e+00
1.000000e+00
1.000000e+00
1.000000e+00
1.000000e+00
1.000000e+00
1.000000e+00
1.000000e+00
1.000000e+00
1.000000e+00
1.000000e+00
1.000000e+00
1.000000e+00
1.000000e+00
1.000000e+00
1.000000e+00
1.000000e+00
1.000000e+00
1.000000e+00
1.000000e+00
1.000000e+00
1.000000e+00
1.000000e+00
1.000000e+00
1.000000e+00
1.000000e+00
1.000000e+00
1.000000e+00
1.000000e+00
1.000000e+00
1.000000e+00
1.000000e+00
1.000000e+00
1.000000e+00
1.000000e+00
1.000000e+00
1.000000e+00
1.000000e+00
1.000000e+00
9.999999e-01
9.999996e-01
9.999979e-01
9.999886e-01
9.999412e-01
9.997172e-01
9.988188e-01
9.960690e-01
9.901210e-01
9.808695e-01
9.694535e-01
9.570196e-01
9.442205e-01
9.313332e-01
9.184487e-01
9.056081e-01
8.928425e-01
8.801653e-01
8.675868e-01
8.551148e-01
8.427550e-01
8.305113e-01
8.183869e-01
8.063838e-01
7.945036e-01
7.827479e-01
7.711151e-01
7.596100e-01
7.482305e-01
7.369764e-01
7.258478e-01
7.148445e-01
7.039663e-01
6.932129e-01
6.825838e-01
6.720789e-01
6.616963e-01
6.514346e-01
6.412965e-01
6.312807e-01
6.213887e-01
6.116183e-01
6.019693e-01
5.924415e-01
5.830343e-01
5.737477e-01
5.645829e-01
5.555324e-01
5.466038e-01
5.377947e-01
5.291079e-01
5.205453e-01
5.121086e-01
5.038044e-01
4.956384e-01
4.876184e-01
4.797540e-01
4.720639e-01
4.645694e-01
4.573219e-01
4.504050e-01
4.439498e-01
4.381588e-01
4.333057e-01
4.296698e-01
4.273930e-01
4.263004e-01
4.259800e-01
4.259434e-01
4.260354e-01
4.261381e-01
4.261896e-01
4.261996e-01
4.261980e-01
4.261906e-01
4.261777e-01
4.261656e-01
4.261582e-01
4.261533e-01
4.261572e-01
4.261617e-01
4.261646e-01
4.261657e-01
4.261654e-01
4.261639e-01
4.261612e-01
4.261573e-01
4.261523e-01
4.261465e-01
4.261399e-01
4.261321e-01
4.261222e-01
4.261093e-01
4.260927e-01
4.260719e-01
4.260469e-01
4.260168e-01
4.259787e-01
4.259261e-01
4.258450e-01
4.257060e-01
4.254487e-01
4.249513e-01
4.239802e-01
4.221168e-01
4.186724e-01
4.126348e-01
4.027236e-01
3.877070e-01
3.670381e-01
3.415550e-01
3.144824e-01
2.906461e-01
2.740340e-01
2.662913e-01
2.645704e-01
2.644921e-01
2.645427e-01
2.647244e-01
2.650362e-01
2.653597e-01
2.655557e-01
2.656058e-01
2.656069e-01
2.656009e-01
2.655860e-01
2.655699e-01
2.655622e-01
2.655615e-01
2.655635e-01
2.655688e-01
2.655753e-01
2.655792e-01
2.655796e-01
2.655789e-01
2.655768e-01
2.655730e-01
2.655682e-01
2.655635e-01
2.655596e-01
2.655567e-01
2.655535e-01
2.655511e-01
2.655456e-01
2.655397e-01
2.655050e-01
2.653574e-01
2.646154e-01
2.609153e-01
2.419531e-01
1.810595e-01
1.313251e-01
1.250606e-01
1.250000e-01
1.250000e-01
1.250000e-01
1.250000e-01
1.250000e-01
1.250000e-01
1.250000e-01
1.250000e-01
1.250000e-01
1.250000e-01
1.250000e-01
1.250000e-01
1.250000e-01
1.250000e-01
1.250000e-01
1.250000e-01
1.250000e-01
1.250000e-01
1.250000e-01
1.250000e-01
1.250000e-01
1.250000e-01
1.250000e-01
1.250000e-01
1.250000e-01
1.250000e-01
1.250000e-01
1.250000e-01
1.250000e-01
1.250000e-01
1.250000e-01
1.250000e-01
1.250000e-01
1.250000e-01
1.250000e-01
1.250000e-01
1.250000e-01
1.250000e-01
1.250000e-01
1.250000e-01
1.250000e-01
1.250000e-01
1.250000e-01
1.250000e-01
1.250000e-01
1.250000e-01
1.250000e-01
1.250000e-01
1.250000e-01
1.250000e-01
1.250000e-01
1.250000e-01
1.250000e-01
1.250000e-01
1.250000e-01
1.250000e-01
1.250000e-01
1.250000e-01
1.250000e-01
1.250000e-01
1.250000e-01
1.250000e-01
1.250000e-01
1.250000e-01
1.250000e-01
1.250000e-01
1.250000e-01
1.250000e-01
1.250000e-01
1.250000e-01
1.250000e-01
1.250000e-01
1.250000e-01
1.250000e-01
1.250000e-01
1.250000e-01
1.250000e-01
1.250000e-01
1.250001e-01
1.250007e-01
1.250080e-01
1.250907e-01
1.259952e-01
1.345676e-01
1.790386e-01
2.416335e-01
2.605764e-01
2.647037e-01
2.654380e-01
2.655381e-01
2.655519e-01
2.655543e-01
2.655549e-01
2.655541e-01
2.655535e-01
2.655537e-01
2.655558e-01
2.655608e-01
2.655694e-01
2.655788e-01
2.655867e-01
2.655926e-01
2.655955e-01
2.655944e-01
2.655846e-01
2.655692e-01
2.655592e-01
2.655551e-01
2.655546e-01
2.655582e-01
2.655636e-01
2.655642e-01
2.655544e-01
2.654902e-01
2.653593e-01
2.652417e-01
2.651932e-01
2.651919e-01
2.653477e-01
2.663892e-01
2.700552e-01
2.787155e-01
2.940842e-01
3.156789e-01
3.408538e-01
3.654481e-01
3.861574e-01
4.016894e-01
4.120632e-01
4.183602e-01
4.219012e-01
4.237784e-01
4.247387e-01
4.252269e-01
4.254831e-01
4.256280e-01
4.257195e-01
4.257841e-01
4.258337e-01
4.258735e-01
4.259064e-01
4.259336e-01
4.259561e-01
4.259745e-01
4.259896e-01
4.260025e-01
4.260141e-01
4.260247e-01
4.260343e-01
4.260427e-01
4.260500e-01
4.260566e-01
4.260623e-01
4.260667e-01
4.260700e-01
4.260736e-01
4.260831e-01
4.260971e-01
4.261166e-01
4.261366e-01
4.261510e-01
4.261601e-01
4.261658e-01
4.261684e-01
4.261606e-01
4.260969e-01
4.259706e-01
4.258807e-01
4.259970e-01
