4.268096e-01
4.290154e-01
4.328587e-01
4.382132e-01
4.446613e-01
4.518358e-01
4.594774e-01
4.674356e-01
4.756290e-01
4.840044e-01
4.925547e-01
5.012608e-01
5.101182e-01
5.191236e-01
5.282672e-01
5.375489e-01
5.469675e-01
5.565189e-01
5.662063e-01
5.760218e-01
5.859737e-01
5.960601e-01
6.062815e-01
6.166371e-01
6.271279e-01
6.377550e-01
6.485176e-01
6.594143e-01
6.704465e-01
6.816091e-01
6.929064e-01
7.043365e-01
7.158990e-01
7.275926e-01
7.394157e-01
7.513668e-01
7.634431e-01
7.756415e-01
7.879607e-01
8.003911e-01
8.129294e-01
8.255670e-01
8.382940e-01
8.510977e-01
8.639620e-01
8.768658e-01
8.897815e-01
9.026729e-01
9.154942e-01
9.281769e-01
9.406291e-01
9.527205e-01
9.642705e-01
9.750321e-01
9.846413e-01
9.924882e-01
9.976345e-01
9.996715e-01
9.999881e-01
9.999999e-01
1.000000e+00
1.000000e+00
1.000000e+00
1.000000e+00
1.000000e+00
1.000000e+00
1.000000e+00
1.000000e+00
1.000000e+00
1.000000e+00
1.000000e+00
1.000000e+00
1.000000e+00
1.000000e+00
1.000000e+00
1.000000e+00
1.000000e+00
1.000000e+00
1.000000e+00
1.000000e+00
1.000000e+00
1.000000e+00
1.000000e+00
1.000000e+00
1.000000e+00
1.000000e+00
1.000000e+00
1.000000e+00
1.000000e+00
1.000000e+00
1.000000e+00
1.000000e+00
1.000000e+00
1.000000e+00
1.000000e+00
1.000000e+00
1.000000e+00
1.000000e+00
1.000000e+00
1.000000e+00
1.000000e+00
1.000000e+00
1.000000e+00
1.000000e+00
1.000000e+00
1.000000e+00
1.000000e+00
1.000000e+00
1.000000e+00
1.000000e+00
1.000000e+00
1.000000e+00
1.000000e+00
1.000000e+00
1.000000e+00
1.000000e+00
1.000000e+00
1.000000e+00
1.000000e+00
1.000000e+00
1.000000e+00
1.000000e+00
1.000000e+00
1.000000e+00
1.000000e+00
1.000000e+00
1.000000e+00
1.000000e+00
1.000000e+00
1.000000e+00
1.000000e+00
1.000000e+00
1.000000e+00
1.000000e+00
1.000000e+00
1.000000e+00
1.000000e+00
1.000000e+00
1.000000e+00
1.000000e+00
1.000000e+00
1.000000e+00
1.000000e+00
1.000000e+00
1.000000e+00
1.000000e+00
1.000000e+00
1.000000e+00
1.000000e+00
1.000000e+00
1.000000e+00
1.000000e+00
1.000000e+00
1.000000e+00
1.000000e+00
1.000000e+00
1.000000e+00
1.000000e+00
1.000000e+00
1.000000e+00
1.000000e+00
1.000000e+00
1.000000e+00
1.000000e+00
1.000000e+00
1.000000e+00
1.000000e+00
1.000000e+00
1.000000e+00
1.000000e+00
1.000000e+00
1.000000e+00
1.000000e+00
1.000000e+00
1.000000e+00
1.000000e+00
1.000000e+00
1.000000e+00
1.000000e+00
1.000000e+00
1.000000e+00
1.000000e+00
1.000000e+00
1.000000e+00
1.000000e+00
1.000000e+00
1.000000e+00
1.000000e+00
1.000000e+00
1.000000e+00
1.000000e+00
1.000000e+00
1.000000e+00
9.999999e-01
9.999997e-01
9.999984e-01
9.999916e-01
9.999556e-01
9.997813e-01
9.990501e-01
9.966613e-01
9.911050e-01
9.819360e-01
9.702092e-01
9.572172e-01
9.437507e-01
9.301625e-01
9.165709e-01
9.030255e-01
8.895627e-01
8.761982e-01
8.629440e-01
8.498091e-01
8.367997e-01
8.239204e-01
8.111742e-01
7.985637e-01
7.860910e-01
7.737543e-01
7.615596e-01
7.495046e-01
7.375892e-01
7.258137e-01
7.141779e-01
7.026815e-01
6.913242e-01
6.801056e-01
6.690259e-01
6.580798e-01
6.472724e-01
6.366013e-01
6.260677e-01
6.156714e-01
6.054117e-01
5.952870e-01
5.852976e-01
5.754435e-01
5.657258e-01
5.561371e-01
5.466844e-01
5.373656e-01
5.281849e-01
5.191441e-01
5.102455e-01
5.014994e-01
4.929119e-01
4.844922e-01
4.762598e-01
4.682320e-01
4.604597e-01
4.530190e-01
4.460396e-01
4.397257e-01
4.343657e-01
4.302762e-01
4.276557e-01
4.263597e-01
4.259606e-01
4.259104e-01
4.260117e-01
4.261261e-01
4.261823e-01
4.261928e-01
4.261914e-01
4.261850e-01
4.261719e-01
4.261582e-01
4.261487e-01
4.261415e-01
4.261441e-01
4.261478e-01
4.261503e-01
4.261506e-01
4.261487e-01
4.261448e-01
4.261396e-01
4.261335e-01
4.261266e-01
4.261182e-01
4.261075e-01
4.260935e-01
4.260756e-01
4.260538e-01
4.260278e-01
4.259961e-01
4.259545e-01
4.258941e-01
4.257967e-01
4.256246e-01
4.252991e-01
4.246608e-01
4.234047e-01
4.209933e-01
4.165672e-01
4.089206e-01
3.966544e-01
3.786944e-01
3.550343e-01
3.276548e-01
3.011894e-01
2.804473e-01
2.686125e-01
2.648245e-01
2.644255e-01
2.644483e-01
2.645853e-01
2.648775e-01
2.652397e-01
2.655101e-01
2.656070e-01
2.656132e-01
2.656087e-01
2.655932e-01
2.655714e-01
2.655572e-01
2.655543e-01
2.655559e-01
2.655619e-01
2.655712e-01
2.655793e-01
2.655832e-01
2.655836e-01
2.655819e-01
2.655769e-01
2.655692e-01
2.655605e-01
2.655520e-01
2.655440e-01
2.655396e-01
2.655310e-01
2.655143e-01
2.654201e-01
2.649616e-01
2.626503e-01
2.508186e-01
2.022301e-01
1.397126e-01
1.253132e-01
1.250003e-01
1.250000e-01
1.250000e-01
1.250000e-01
1.250000e-01
1.250000e-01
1.250000e-01
1.250000e-01
1.250000e-01
1.250000e-01
1.250000e-01
1.250000e-01
1.250000e-01
1.250000e-01
1.250000e-01
1.250000e-01
1.250000e-01
1.250000e-01
1.250000e-01
1.250000e-01
1.250000e-01
1.250000e-01
1.250000e-01
1.250000e-01
1.250000e-01
1.250000e-01
1.250000e-01
1.250000e-01
1.250000e-01
1.250000e-01
1.250000e-01
1.250000e-01
1.250000e-01
1.250000e-01
1.250000e-01
1.250000e-01
1.250000e-01
1.250000e-01
1.250000e-01
1.250000e-01
1.250000e-01
1.250000e-01
1.250000e-01
1.250000e-01
1.250000e-01
1.250000e-01
1.250000e-01
1.250000e-01
1.250000e-01
1.250000e-01
1.250000e-01
1.250000e-01
1.250000e-01
1.250000e-01
1.250000e-01
1.250000e-01
1.250000e-01
1.250000e-01
1.250000e-01
1.250000e-01
1.250000e-01
1.250000e-01
1.250000e-01
1.250000e-01
1.250000e-01
1.250000e-01
1.250000e-01
1.250000e-01
1.250000e-01
1.250000e-01
1.250000e-01
1.250000e-01
1.250000e-01
1.250000e-01
1.250000e-01
1.250000e-01
1.250000e-01
1.250000e-01
1.250000e-01
1.250000e-01
1.250000e-01
1.250000e-01
1.250000e-01
1.250000e-01
1.250000e-01
1.250000e-01
1.250000e-01
1.250000e-01
1.250001e-01
1.250014e-01
1.250163e-01
1.251827e-01
1.269671e-01
1.421741e-01
1.997142e-01
2.508862e-01
2.623976e-01
2.650706e-01
2.654793e-01
2.655309e-01
2.655379e-01
2.655414e-01
2.655457e-01
2.655523e-01
2.655603e-01
2.655695e-01
2.655786e-01
2.655854e-01
2.655886e-01
2.655893e-01
2.655882e-01
2.655819e-01
2.655703e-01
2.655593e-01
2.655540e-01
2.655530e-01
2.655570e-01
2.655660e-01
2.655701e-01
2.655686e-01
2.655419e-01
2.654446e-01
2.652895e-01
2.651777e-01
2.651451e-01
2.651660e-01
2.655294e-01
2.673704e-01
2.729624e-01
2.847387e-01
3.036023e-01
3.278859e-01
3.538365e-01
3.771156e-01
3.954311e-01
4.082094e-01
4.161903e-01
4.207609e-01
4.232034e-01
4.244489e-01
4.250734e-01
4.253943e-01
4.255711e-01
4.256788e-01
4.257518e-01
4.258058e-01
4.258481e-01
4.258824e-01
4.259106e-01
4.259339e-01
4.259535e-01
4.259706e-01
4.259858e-01
4.259993e-01
4.260112e-01
4.260215e-01
4.260306e-01
4.260383e-01
4.260444e-01
4.260490e-01
4.260547e-01
4.260664e-01
4.260832e-01
4.261052e-01
4.261258e-01
4.261395e-01
4.261483e-01
4.261549e-01
4.261579e-01
4.261498e-01
4.260774e-01
4.259358e-01
4.258396e-01
4.259974e-01
