4.264272e-01
4.277595e-01
4.303222e-01
4.341959e-01
4.391257e-01
4.448111e-01
4.509955e-01
4.575110e-01
4.642570e-01
4.711741e-01
4.782300e-01
4.854113e-01
4.927082e-01
5.001141e-01
5.076278e-01
5.152475e-01
5.229671e-01
5.307860e-01
5.387035e-01
5.467186e-01
5.548305e-01
5.630410e-01
5.713431e-01
5.797441e-01
5.882426e-01
5.968389e-01
6.055330e-01
6.143251e-01
6.232158e-01
6.322048e-01
6.412938e-01
6.504815e-01
6.597672e-01
6.691529e-01
6.786341e-01
6.882147e-01
6.978935e-01
7.076704e-01
7.175451e-01
7.275172e-01
7.375859e-01
7.477502e-01
7.580091e-01
7.683612e-01
7.788053e-01
7.893395e-01
7.999593e-01
8.106629e-01
8.214456e-01
8.323025e-01
8.432274e-01
8.542124e-01
8.652478e-01
8.763211e-01
8.874166e-01
8.985140e-01
9.095871e-01
9.206033e-01
9.315135e-01
9.422557e-01
9.527424e-01
9.628534e-01
9.724284e-01
9.812457e-01
9.889701e-01
9.950337e-01
9.986627e-01
9.998583e-01
9.999966e-01
1.000000e+00
1.000000e+00
1.000000e+00
1.000000e+00
1.000000e+00
1.000000e+00
1.000000e+00
1.000000e+00
1.000000e+00
1.000000e+00
1.000000e+00
1.000000e+00
1.000000e+00
1.000000e+00
1.000000e+00
1.000000e+00
1.000000e+00
1.000000e+00
1.000000e+00
1.000000e+00
1.000000e+00
1.000000e+00
1.000000e+00
1.000000e+00
1.000000e+00
1.000000e+00
1.000000e+00
1.000000e+00
1.000000e+00
1.000000e+00
1.000000e+00
1.000000e+00
1.000000e+00
1.000000e+00
1.000000e+00
1.000000e+00
1.000000e+00
1.000000e+00
1.000000e+00
1.000000e+00
1.000000e+00
1.000000e+00
1.000000e+00
1.000000e+00
1.000000e+00
1.000000e+00
1.000000e+00
1.000000e+00
1.000000e+00
1.000000e+00
1.000000e+00
1.000000e+00
1.000000e+00
1.000000e+00
1.000000e+00
1.000000e+00
1.000000e+00
1.000000e+00
1.000000e+00
1.000000e+00
1.000000e+00
1.000000e+00
1.000000e+00
1.000000e+00
1.000000e+00
1.000000e+00
1.000000e+00
1.000000e+00
1.000000e+00
1.000000e+00
1.000000e+00
1.000000e+00
1.000000e+00
1.000000e+00
1.000000e+00
1.000000e+00
1.000000e+00
1.000000e+00
1.000000e+00
1.000000e+00
1.000000e+00
1.000000e+00
1.000000e+00
1.000000e+00
1.000000e+00
1.000000e+00
1.000000e+00
1.000000e+00
1.000000e+00
1.000000e+00
1.000000e+00
1.000000e+00
1.000000e+00
1.000000e+00
1.000000e+00
1.000000e+00
1.000000e+00
1.000000e+00
1.000000e+00
1.000000e+00
1.000000e+00
1.000000e+00
1.000000e+00
1.000000e+00
1.000000e+00
1.000000e+00
1.000000e+00
1.000000e+00
1.000000e+00
1.000000e+00
1.000000e+00
1.000000e+00
1.000000e+00
1.000000e+00
1.000000e+00
9.999999e-01
9.999993e-01
9.999962e-01
9.999799e-01
9.998988e-01
9.995385e-01
9.982298e-01
9.947291e-01
9.881301e-01
9.788728e-01
9.680972e-01
9.566704e-01
9.450312e-01
9.333476e-01
9.216752e-01
9.100433e-01
8.984733e-01
8.869767e-01
8.755606e-01
8.642311e-01
8.529926e-01
8.418486e-01
8.308017e-01
8.198536e-01
8.090058e-01
7.982591e-01
7.876148e-01
7.770718e-01
7.666327e-01
7.562970e-01
7.460644e-01
7.359346e-01
7.259076e-01
7.159831e-01
7.061609e-01
6.964407e-01
6.868223e-01
6.773052e-01
6.678895e-01
6.585712e-01
6.493545e-01
6.402370e-01
6.312191e-01
6.223021e-01
6.134841e-01
6.047648e-01
5.961440e-01
5.876211e-01
5.791962e-01
5.708691e-01
5.626405e-01
5.545039e-01
5.464659e-01
5.385252e-01
5.306828e-01
5.229400e-01
5.152980e-01
5.077587e-01
5.003287e-01
4.930115e-01
4.858104e-01
4.787342e-01
4.717969e-01
4.650127e-01
4.584159e-01
4.520625e-01
4.460388e-01
4.404805e-01
4.355840e-01
4.315923e-01
4.287130e-01
4.269963e-01
4.262204e-01
4.260140e-01
4.259985e-01
4.260758e-01
4.261598e-01
4.262011e-01
4.262081e-01
4.262067e-01
4.261985e-01
4.261871e-01
4.261783e-01
4.261735e-01
4.261719e-01
4.261763e-01
4.261821e-01
4.261863e-01
4.261888e-01
4.261901e-01
4.261904e-01
4.261899e-01
4.261889e-01
4.261875e-01
4.261858e-01
4.261835e-01
4.261804e-01
4.261761e-01
4.261705e-01
4.261635e-01
4.261551e-01
4.261450e-01
4.261328e-01
4.261178e-01
4.260996e-01
4.260778e-01
4.260518e-01
4.260200e-01
4.259786e-01
4.259195e-01
4.258252e-01
4.256605e-01
4.253539e-01
4.247679e-01
4.236496e-01
4.215657e-01
4.178337e-01
4.114897e-01
4.013631e-01
3.863889e-01
3.661618e-01
3.415148e-01
3.153790e-01
2.921099e-01
2.753628e-01
2.669400e-01
2.647506e-01
2.645985e-01
2.646281e-01
2.647569e-01
2.650063e-01
2.653009e-01
2.655179e-01
2.655945e-01
2.655991e-01
2.655962e-01
2.655863e-01
2.655726e-01
2.655659e-01
2.655659e-01
2.655681e-01
2.655736e-01
2.655808e-01
2.655851e-01
2.655855e-01
2.655845e-01
2.655810e-01
2.655751e-01
2.655681e-01
2.655615e-01
2.655574e-01
2.655564e-01
2.655567e-01
2.655581e-01
2.655604e-01
2.655622e-01
2.655636e-01
2.655633e-01
2.655635e-01
2.655579e-01
2.655417e-01
2.654618e-01
2.650815e-01
2.631968e-01
2.536052e-01
2.111151e-01
1.450781e-01
1.255957e-01
1.250010e-01
1.250000e-01
1.250000e-01
1.250000e-01
1.250000e-01
1.250000e-01
1.250000e-01
1.250000e-01
1.250000e-01
1.250000e-01
1.250000e-01
1.250000e-01
1.250000e-01
1.250000e-01
1.250000e-01
1.250000e-01
1.250000e-01
1.250000e-01
1.250000e-01
1.250000e-01
1.250000e-01
1.250000e-01
1.250000e-01
1.250000e-01
1.250000e-01
1.250000e-01
1.250000e-01
1.250000e-01
1.250000e-01
1.250000e-01
1.250000e-01
1.250000e-01
1.250000e-01
1.250000e-01
1.250000e-01
1.250000e-01
1.250000e-01
1.250000e-01
1.250000e-01
1.250000e-01
1.250000e-01
1.250000e-01
1.250000e-01
1.250000e-01
1.250000e-01
1.250000e-01
1.250000e-01
1.250000e-01
1.250000e-01
1.250000e-01
1.250000e-01
1.250000e-01
1.250000e-01
1.250000e-01
1.250000e-01
1.250000e-01
1.250000e-01
1.250000e-01
1.250000e-01
1.250000e-01
1.250002e-01
1.250020e-01
1.250222e-01
1.252485e-01
1.276430e-01
1.468186e-01
2.087782e-01
2.536607e-01
2.630332e-01
2.651986e-01
2.655182e-01
2.655605e-01
2.655653e-01
2.655663e-01
2.655653e-01
2.655638e-01
2.655605e-01
2.655572e-01
2.655544e-01
2.655532e-01
2.655539e-01
2.655572e-01
2.655630e-01
2.655716e-01
2.655815e-01
2.655898e-01
2.655944e-01
2.655957e-01
2.655954e-01
2.655911e-01
2.655813e-01
2.655704e-01
2.655639e-01
2.655620e-01
2.655623e-01
2.655638e-01
2.655641e-01
2.655604e-01
2.655332e-01
2.654561e-01
2.653499e-01
2.652788e-01
2.652596e-01
2.652777e-01
2.655516e-01
2.669118e-01
2.710636e-01
2.801281e-01
2.954558e-01
3.164298e-01
3.406654e-01
3.644170e-01
3.846728e-01
4.001715e-01
4.108049e-01
4.174595e-01
4.213280e-01
4.234474e-01
4.245630e-01
4.251408e-01
4.254451e-01
4.256144e-01
4.257178e-01
4.257881e-01
4.258403e-01
4.258815e-01
4.259153e-01
4.259440e-01
4.259686e-01
4.259899e-01
4.260081e-01
4.260236e-01
4.260366e-01
4.260473e-01
4.260560e-01
4.260630e-01
4.260687e-01
4.260739e-01
4.260790e-01
4.260839e-01
4.260883e-01
4.260923e-01
4.260957e-01
4.260985e-01
4.261004e-01
4.261013e-01
4.261024e-01
4.261091e-01
4.261190e-01
4.261344e-01
4.261526e-01
4.261681e-01
4.261785e-01
4.261835e-01
4.261852e-01
4.261785e-01
4.261280e-01
4.260262e-01
4.259493e-01
4.260118e-01
