4.261875e-01
4.267131e-01
4.279345e-01
4.300910e-01
4.331612e-01
4.369964e-01
4.413889e-01
4.461645e-01
4.511990e-01
4.564146e-01
4.617644e-01
4.672205e-01
4.727643e-01
4.783830e-01
4.840771e-01
4.898401e-01
4.956703e-01
5.015651e-01
5.075253e-01
5.135503e-01
5.196371e-01
5.257856e-01
5.319951e-01
5.382655e-01
5.445969e-01
5.509893e-01
5.574414e-01
5.639553e-01
5.705267e-01
5.771601e-01
5.838546e-01
5.906106e-01
5.974282e-01
6.043076e-01
6.112487e-01
6.182517e-01
6.253172e-01
6.324449e-01
6.396360e-01
6.468897e-01
6.542061e-01
6.615852e-01
6.690274e-01
6.765311e-01
6.840982e-01
6.917282e-01
6.994214e-01
7.071776e-01
7.149968e-01
7.228790e-01
7.308239e-01
7.388313e-01
7.469010e-01
7.550326e-01
7.632255e-01
7.714793e-01
7.797936e-01
7.881677e-01
7.965996e-01
8.050889e-01
8.136337e-01
8.222325e-01
8.308830e-01
8.395827e-01
8.483287e-01
8.571171e-01
8.659435e-01
8.748023e-01
8.836868e-01
8.925886e-01
9.014970e-01
9.103988e-01
9.192787e-01
9.281132e-01
9.368747e-01
9.455256e-01
9.540156e-01
9.622772e-01
9.702218e-01
9.777314e-01
9.846463e-01
9.907336e-01
9.956057e-01
9.986888e-01
9.998334e-01
9.999947e-01
1.000000e+00
1.000000e+00
1.000000e+00
1.000000e+00
1.000000e+00
1.000000e+00
1.000000e+00
1.000000e+00
1.000000e+00
1.000000e+00
1.000000e+00
1.000000e+00
1.000000e+00
1.000000e+00
1.000000e+00
1.000000e+00
1.000000e+00
1.000000e+00
1.000000e+00
1.000000e+00
1.000000e+00
1.000000e+00
1.000000e+00
1.000000e+00
1.000000e+00
1.000000e+00
1.000000e+00
1.000000e+00
1.000000e+00
1.000000e+00
1.000000e+00
1.000000e+00
1.000000e+00
1.000000e+00
1.000000e+00
1.000000e+00
1.000000e+00
1.000000e+00
1.000000e+00
1.000000e+00
1.000000e+00
1.000000e+00
1.000000e+00
1.000000e+00
1.000000e+00
1.000000e+00
1.000000e+00
1.000000e+00
1.000000e+00
1.000000e+00
1.000000e+00
1.000000e+00
1.000000e+00
1.000000e+00
1.000000e+00
1.000000e+00
1.000000e+00
1.000000e+00
1.000000e+00
1.000000e+00
1.000000e+00
1.000000e+00
1.000000e+00
1.000000e+00
1.000000e+00
1.000000e+00
1.000000e+00
1.000000e+00
1.000000e+00
1.000000e+00
1.000000e+00
1.000000e+00
1.000000e+00
1.000000e+00
1.000000e+00
1.000000e+00
1.000000e+00
1.000000e+00
1.000000e+00
1.000000e+00
1.000000e+00
9.999999e-01
9.999995e-01
9.999974e-01
9.999866e-01
9.999330e-01
9.996928e-01
9.987994e-01
9.963103e-01
9.913969e-01
9.842470e-01
9.757438e-01
9.666348e-01
9.573140e-01
9.479415e-01
9.385658e-01
9.292077e-01
9.198811e-01
9.105940e-01
9.013547e-01
8.921669e-01
8.830334e-01
8.739572e-01
8.649402e-01
8.559843e-01
8.470908e-01
8.382606e-01
8.294947e-01
8.207936e-01
8.121576e-01
8.035873e-01
7.950828e-01
7.866444e-01
7.782714e-01
7.699652e-01
7.617255e-01
7.535518e-01
7.454440e-01
7.374020e-01
7.294256e-01
7.215148e-01
7.136693e-01
7.058889e-01
6.981734e-01
6.905227e-01
6.829364e-01
6.754143e-01
6.679565e-01
6.605608e-01
6.532290e-01
6.459603e-01
6.387546e-01
6.316119e-01
6.245329e-01
6.175163e-01
6.105621e-01
6.036699e-01
5.968395e-01
5.900708e-01
5.833636e-01
5.767178e-01
5.701332e-01
5.636104e-01
5.571452e-01
5.507414e-01
5.443977e-01
5.381150e-01
5.318936e-01
5.257334e-01
5.196350e-01
5.135990e-01
5.076264e-01
5.017203e-01
4.958819e-01
4.901116e-01
4.844123e-01
4.787879e-01
4.732456e-01
4.677864e-01
4.624256e-01
4.571818e-01
4.520817e-01
4.471673e-01
4.425042e-01
4.381913e-01
4.343647e-01
4.311868e-01
4.288002e-01
4.272573e-01
4.264487e-01
4.261459e-01
4.260804e-01
4.260993e-01
4.261518e-01
4.261975e-01
4.262178e-01
4.262201e-01
4.262170e-01
4.262098e-01
4.262033e-01
4.262001e-01
4.261987e-01
4.262028e-01
4.262091e-01
4.262151e-01
4.262198e-01
4.262232e-01
4.262259e-01
4.262282e-01
4.262303e-01
4.262322e-01
4.262338e-01
4.262352e-01
4.262363e-01
4.262371e-01
4.262375e-01
4.262373e-01
4.262366e-01
4.262352e-01
4.262331e-01
4.262306e-01
4.262277e-01
4.262245e-01
4.262209e-01
4.262167e-01
4.262119e-01
4.262062e-01
4.261996e-01
4.261920e-01
4.261834e-01
4.261738e-01
4.261631e-01
4.261511e-01
4.261374e-01
4.261215e-01
4.261028e-01
4.260804e-01
4.260530e-01
4.260181e-01
4.259698e-01
4.258966e-01
4.257748e-01
4.255587e-01
4.251628e-01
4.244346e-01
4.231151e-01
4.207926e-01
4.168619e-01
4.105181e-01
4.008308e-01
3.869872e-01
3.686805e-01
3.464637e-01
3.223293e-01
2.996509e-01
2.815412e-01
2.702144e-01
2.656511e-01
2.648363e-01
2.648144e-01
2.648486e-01
2.649609e-01
2.651532e-01
2.653672e-01
2.655224e-01
2.655822e-01
2.655884e-01
2.655876e-01
2.655839e-01
2.655786e-01
2.655756e-01
2.655755e-01
2.655768e-01
2.655798e-01
2.655834e-01
2.655853e-01
2.655853e-01
2.655845e-01
2.655822e-01
2.655781e-01
2.655732e-01
2.655690e-01
2.655665e-01
2.655655e-01
2.655651e-01
2.655651e-01
2.655658e-01
2.655669e-01
2.655681e-01
2.655692e-01
2.655700e-01
2.655705e-01
2.655708e-01
2.655708e-01
2.655704e-01
2.655696e-01
2.655684e-01
2.655670e-01
2.655654e-01
2.655646e-01
2.655631e-01
2.655630e-01
2.655570e-01
2.655410e-01
2.654483e-01
2.650033e-01
2.627660e-01
2.513324e-01
2.037323e-01
1.405214e-01
1.253492e-01
1.250004e-01
1.250000e-01
1.250000e-01
1.250000e-01
1.250000e-01
1.250000e-01
1.250000e-01
1.250000e-01
1.250000e-01
1.250000e-01
1.250001e-01
1.250015e-01
1.250172e-01
1.251922e-01
1.270658e-01
1.428813e-01
2.012351e-01
2.514089e-01
2.625271e-01
2.651114e-01
2.655034e-01
2.655533e-01
2.655596e-01
2.655615e-01
2.655638e-01
2.655667e-01
2.655692e-01
2.655708e-01
2.655715e-01
2.655720e-01
2.655722e-01
2.655723e-01
2.655721e-01
2.655719e-01
2.655720e-01
2.655723e-01
2.655726e-01
2.655721e-01
2.655708e-01
2.655690e-01
2.655675e-01
2.655667e-01
2.655664e-01
2.655670e-01
2.655714e-01
2.655788e-01
2.655864e-01
2.655924e-01
2.655958e-01
2.655970e-01
2.655968e-01
2.655932e-01
2.655849e-01
2.655770e-01
2.655713e-01
2.655679e-01
2.655655e-01
2.655622e-01
2.655528e-01
2.655251e-01
2.654732e-01
2.654179e-01
2.653868e-01
2.653798e-01
2.653965e-01
2.655877e-01
2.664803e-01
2.691738e-01
2.752404e-01
2.861389e-01
3.022519e-01
3.226095e-01
3.450373e-01
3.665453e-01
3.849826e-01
3.993869e-01
4.096304e-01
4.163540e-01
4.204879e-01
4.228932e-01
4.242348e-01
4.249635e-01
4.253569e-01
4.255740e-01
4.257006e-01
4.257810e-01
4.258376e-01
4.258813e-01
4.259173e-01
4.259481e-01
4.259747e-01
4.259979e-01
4.260182e-01
4.260362e-01
4.260523e-01
4.260667e-01
4.260797e-01
4.260915e-01
4.261022e-01
4.261117e-01
4.261199e-01
4.261268e-01
4.261327e-01
4.261378e-01
4.261425e-01
4.261468e-01
4.261505e-01
4.261534e-01
4.261554e-01
4.261565e-01
4.261567e-01
4.261563e-01
4.261557e-01
4.261551e-01
4.261547e-01
4.261545e-01
4.261544e-01
4.261543e-01
4.261540e-01
4.261532e-01
4.261515e-01
4.261502e-01
4.261519e-01
4.261557e-01
4.261633e-01
4.261753e-01
4.261901e-01
4.262034e-01
4.262115e-01
4.262135e-01
4.262114e-01
4.261840e-01
4.261229e-01
4.260716e-01
4.260730e-01
