4.262344e-01
4.269707e-01
4.285619e-01
4.312231e-01
4.348565e-01
4.392606e-01
4.442031e-01
4.495082e-01
4.550588e-01
4.607844e-01
4.666438e-01
4.726103e-01
4.786673e-01
4.848127e-01
4.910391e-01
4.973444e-01
5.037264e-01
5.101840e-01
5.167170e-01
5.233217e-01
5.299981e-01
5.367456e-01
5.435643e-01
5.504542e-01
5.574137e-01
5.644450e-01
5.715435e-01
5.787141e-01
5.859560e-01
5.932694e-01
6.006545e-01
6.081112e-01
6.156401e-01
6.232410e-01
6.309142e-01
6.386609e-01
6.464803e-01
6.543722e-01
6.623374e-01
6.703747e-01
6.784839e-01
6.866662e-01
6.949215e-01
7.032497e-01
7.116506e-01
7.201243e-01
7.286704e-01
7.372887e-01
7.459787e-01
7.547399e-01
7.635716e-01
7.724730e-01
7.814442e-01
7.904826e-01
7.995871e-01
8.087561e-01
8.179873e-01
8.272781e-01
8.366255e-01
8.460256e-01
8.554738e-01
8.649642e-01
8.744900e-01
8.840422e-01
8.936098e-01
9.031789e-01
9.127322e-01
9.222474e-01
9.316932e-01
9.410305e-01
9.502053e-01
9.591449e-01
9.677519e-01
9.758975e-01
9.834055e-01
9.900169e-01
9.952989e-01
9.986175e-01
9.998290e-01
9.999948e-01
1.000000e+00
1.000000e+00
1.000000e+00
1.000000e+00
1.000000e+00
1.000000e+00
1.000000e+00
1.000000e+00
1.000000e+00
1.000000e+00
1.000000e+00
1.000000e+00
1.000000e+00
1.000000e+00
1.000000e+00
1.000000e+00
1.000000e+00
1.000000e+00
1.000000e+00
1.000000e+00
1.000000e+00
1.000000e+00
1.000000e+00
1.000000e+00
1.000000e+00
1.000000e+00
1.000000e+00
1.000000e+00
1.000000e+00
1.000000e+00
1.000000e+00
1.000000e+00
1.000000e+00
1.000000e+00
1.000000e+00
1.000000e+00
1.000000e+00
1.000000e+00
1.000000e+00
1.000000e+00
1.000000e+00
1.000000e+00
1.000000e+00
1.000000e+00
1.000000e+00
1.000000e+00
1.000000e+00
1.000000e+00
1.000000e+00
1.000000e+00
1.000000e+00
1.000000e+00
1.000000e+00
1.000000e+00
1.000000e+00
1.000000e+00
1.000000e+00
1.000000e+00
1.000000e+00
1.000000e+00
1.000000e+00
1.000000e+00
1.000000e+00
1.000000e+00
1.000000e+00
1.000000e+00
1.000000e+00
1.000000e+00
1.000000e+00
1.000000e+00
1.000000e+00
1.000000e+00
1.000000e+00
1.000000e+00
1.000000e+00
1.000000e+00
1.000000e+00
1.000000e+00
1.000000e+00
1.000000e+00
1.000000e+00
1.000000e+00
1.000000e+00
1.000000e+00
1.000000e+00
1.000000e+00
1.000000e+00
1.000000e+00
1.000000e+00
1.000000e+00
1.000000e+00
1.000000e+00
1.000000e+00
9.999999e-01
9.999994e-01
9.999969e-01
9.999838e-01
9.999190e-01
9.996309e-01
9.985772e-01
9.957141e-01
9.902124e-01
9.823711e-01
9.731564e-01
9.633390e-01
9.533162e-01
9.432453e-01
9.331750e-01
9.231287e-01
9.131213e-01
9.031634e-01
8.932626e-01
8.834226e-01
8.736472e-01
8.639392e-01
8.543011e-01
8.447346e-01
8.352411e-01
8.258215e-01
8.164767e-01
8.072071e-01
7.980134e-01
7.888957e-01
7.798540e-01
7.708886e-01
7.620005e-01
7.531888e-01
7.444532e-01
7.357938e-01
7.272103e-01
7.187026e-01
7.102705e-01
7.019138e-01
6.936321e-01
6.854254e-01
6.772932e-01
6.692355e-01
6.612505e-01
6.533388e-01
6.455008e-01
6.377359e-01
6.300442e-01
6.224264e-01
6.148811e-01
6.074080e-01
6.000070e-01
5.926778e-01
5.854202e-01
5.782341e-01
5.711193e-01
5.640764e-01
5.571009e-01
5.501969e-01
5.433629e-01
5.366001e-01
5.299090e-01
5.232897e-01
5.167428e-01
5.102694e-01
5.038731e-01
4.975551e-01
4.913176e-01
4.851637e-01
4.790978e-01
4.731285e-01
4.672595e-01
4.615102e-01
4.559068e-01
4.504876e-01
4.453137e-01
4.404799e-01
4.361251e-01
4.324265e-01
4.295650e-01
4.276368e-01
4.265828e-01
4.261588e-01
4.260595e-01
4.260695e-01
4.261285e-01
4.261876e-01
4.262148e-01
4.262173e-01
4.262148e-01
4.262066e-01
4.261983e-01
4.261936e-01
4.261908e-01
4.261940e-01
4.261996e-01
4.262056e-01
4.262105e-01
4.262139e-01
4.262164e-01
4.262183e-01
4.262197e-01
4.262209e-01
4.262218e-01
4.262225e-01
4.262230e-01
4.262231e-01
4.262227e-01
4.262217e-01
4.262199e-01
4.262173e-01
4.262139e-01
4.262098e-01
4.262051e-01
4.261998e-01
4.261937e-01
4.261866e-01
4.261783e-01
4.261687e-01
4.261575e-01
4.261446e-01
4.261296e-01
4.261118e-01
4.260908e-01
4.260658e-01
4.260352e-01
4.259954e-01
4.259389e-01
4.258497e-01
4.256962e-01
4.254168e-01
4.248964e-01
4.239302e-01
4.221742e-01
4.190931e-01
4.139257e-01
4.057144e-01
3.934721e-01
3.765758e-01
3.551782e-01
3.307467e-01
3.065662e-01
2.862281e-01
2.725066e-01
2.662248e-01
2.648202e-01
2.647482e-01
2.647761e-01
2.648851e-01
2.650881e-01
2.653277e-01
2.655096e-01
2.655824e-01
2.655902e-01
2.655891e-01
2.655844e-01
2.655770e-01
2.655733e-01
2.655735e-01
2.655750e-01
2.655789e-01
2.655836e-01
2.655858e-01
2.655857e-01
2.655846e-01
2.655817e-01
2.655772e-01
2.655719e-01
2.655672e-01
2.655644e-01
2.655641e-01
2.655643e-01
2.655649e-01
2.655658e-01
2.655668e-01
2.655675e-01
2.655677e-01
2.655672e-01
2.655663e-01
2.655654e-01
2.655650e-01
2.655650e-01
2.655655e-01
2.655654e-01
2.655648e-01
2.655631e-01
2.655499e-01
2.654913e-01
2.651901e-01
2.637060e-01
2.561670e-01
2.205363e-01
1.525222e-01
1.261762e-01
1.250031e-01
1.250000e-01
1.250000e-01
1.250000e-01
1.250000e-01
1.250000e-01
1.250000e-01
1.250000e-01
1.250000e-01
1.250000e-01
1.250000e-01
1.250000e-01
1.250000e-01
1.250000e-01
1.250000e-01
1.250000e-01
1.250000e-01
1.250000e-01
1.250000e-01
1.250000e-01
1.250000e-01
1.250000e-01
1.250000e-01
1.250000e-01
1.250000e-01
1.250000e-01
1.250000e-01
1.250000e-01
1.250002e-01
1.250028e-01
1.250317e-01
1.253534e-01
1.286945e-01
1.532686e-01
2.186635e-01
2.561207e-01
2.636290e-01
2.652928e-01
2.655295e-01
2.655590e-01
2.655631e-01
2.655637e-01
2.655641e-01
2.655650e-01
2.655665e-01
2.655688e-01
2.655707e-01
2.655718e-01
2.655720e-01
2.655718e-01
2.655710e-01
2.655690e-01
2.655665e-01
2.655643e-01
2.655631e-01
2.655632e-01
2.655645e-01
2.655678e-01
2.655740e-01
2.655823e-01
2.655898e-01
2.655945e-01
2.655963e-01
2.655965e-01
2.655947e-01
2.655884e-01
2.655797e-01
2.655727e-01
2.655686e-01
2.655666e-01
2.655651e-01
2.655624e-01
2.655528e-01
2.655221e-01
2.654603e-01
2.653922e-01
2.653543e-01
2.653462e-01
2.653701e-01
2.656240e-01
2.667726e-01
2.701513e-01
2.775269e-01
2.902873e-01
3.084090e-01
3.304082e-01
3.534776e-01
3.745183e-01
3.917741e-01
4.046049e-01
4.132851e-01
4.187287e-01
4.219332e-01
4.237262e-01
4.246951e-01
4.252112e-01
4.254898e-01
4.256476e-01
4.257446e-01
4.258105e-01
4.258598e-01
4.258995e-01
4.259329e-01
4.259617e-01
4.259866e-01
4.260084e-01
4.260276e-01
4.260445e-01
4.260593e-01
4.260720e-01
4.260827e-01
4.260920e-01
4.261003e-01
4.261078e-01
4.261146e-01
4.261205e-01
4.261253e-01
4.261289e-01
4.261314e-01
4.261329e-01
4.261338e-01
4.261343e-01
4.261349e-01
4.261357e-01
4.261367e-01
4.261377e-01
4.261385e-01
4.261389e-01
4.261386e-01
4.261373e-01
4.261362e-01
4.261398e-01
4.261452e-01
4.261552e-01
4.261695e-01
4.261849e-01
4.261971e-01
4.262038e-01
4.262056e-01
4.262022e-01
4.261682e-01
4.260952e-01
4.260356e-01
4.260496e-01
