4.283820e-01
4.332707e-01
4.405809e-01
4.496607e-01
4.598550e-01
4.707464e-01
4.821120e-01
4.938492e-01
5.059159e-01
5.182836e-01
5.309281e-01
5.438430e-01
5.570163e-01
5.704441e-01
5.841222e-01
5.980573e-01
6.122453e-01
6.266858e-01
6.413814e-01
6.563252e-01
6.715199e-01
6.869515e-01
7.026271e-01
7.185405e-01
7.346869e-01
7.510586e-01
7.676467e-01
7.844448e-01
8.014273e-01
8.185788e-01
8.358700e-01
8.532637e-01
8.707091e-01
8.881368e-01
9.054511e-01
9.225191e-01
9.391329e-01
9.549986e-01
9.696950e-01
9.825770e-01
9.925368e-01
9.981867e-01
9.998401e-01
9.999971e-01
1.000000e+00
1.000000e+00
1.000000e+00
1.000000e+00
1.000000e+00
1.000000e+00
1.000000e+00
1.000000e+00
1.000000e+00
1.000000e+00
1.000000e+00
1.000000e+00
1.000000e+00
1.000000e+00
1.000000e+00
1.000000e+00
1.000000e+00
1.000000e+00
1.000000e+00
1.000000e+00
1.000000e+00
1.000000e+00
1.000000e+00
1.000000e+00
1.000000e+00
1.000000e+00
1.000000e+00
1.000000e+00
1.000000e+00
1.000000e+00
1.000000e+00
1.000000e+00
1.000000e+00
1.000000e+00
1.000000e+00
1.000000e+00
1.000000e+00
1.000000e+00
1.000000e+00
1.000000e+00
1.000000e+00
1.000000e+00
1.000000e+00
1.000000e+00
1.000000e+00
1.000000e+00
1.000000e+00
1.000000e+00
1.000000e+00
1.000000e+00
1.000000e+00
1.000000e+00
1.000000e+00
1.000000e+00
1.000000e+00
1.000000e+00
1.000000e+00
1.000000e+00
1.000000e+00
1.000000e+00
1.000000e+00
1.000000e+00
1.000000e+00
1.000000e+00
1.000000e+00
1.000000e+00
1.000000e+00
1.000000e+00
1.000000e+00
1.000000e+00
1.000000e+00
1.000000e+00
1.000000e+00
1.000000e+00
1.000000e+00
1.000000e+00
1.000000e+00
1.000000e+00
1.000000e+00
1.000000e+00
1.000000e+00
1.000000e+00
1.000000e+00
1.000000e+00
1.000000e+00
1.000000e+00
1.000000e+00
1.000000e+00
1.000000e+00
1.000000e+00
1.000000e+00
1.000000e+00
1.000000e+00
1.000000e+00
1.000000e+00
1.000000e+00
1.000000e+00
1.000000e+00
1.000000e+00
1.000000e+00
1.000000e+00
1.000000e+00
1.000000e+00
1.000000e+00
1.000000e+00
1.000000e+00
1.000000e+00
1.000000e+00
1.000000e+00
1.000000e+00
1.000000e+00
1.000000e+00
1.000000e+00
1.000000e+00
1.000000e+00
1.000000e+00
1.000000e+00
1.000000e+00
1.000000e+00
1.000000e+00
1.000000e+00
1.000000e+00
1.000000e+00
1.000000e+00
1.000000e+00
1.000000e+00
1.000000e+00
1.000000e+00
1.000000e+00
1.000000e+00
1.000000e+00
1.000000e+00
1.000000e+00
1.000000e+00
1.000000e+00
1.000000e+00
1.000000e+00
1.000000e+00
1.000000e+00
1.000000e+00
1.000000e+00
1.000000e+00
1.000000e+00
1.000000e+00
1.000000e+00
1.000000e+00
1.000000e+00
1.000000e+00
1.000000e+00
1.000000e+00
1.000000e+00
1.000000e+00
1.000000e+00
1.000000e+00
1.000000e+00
1.000000e+00
1.000000e+00
1.000000e+00
1.000000e+00
1.000000e+00
1.000000e+00
1.000000e+00
1.000000e+00
1.000000e+00
1.000000e+00
9.999997e-01
9.999985e-01
9.999917e-01
9.999546e-01
9.997661e-01
9.989313e-01
9.960332e-01
9.889105e-01
9.767175e-01
9.608599e-01
9.432169e-01
9.249594e-01
9.065866e-01
8.882679e-01
8.700838e-01
8.520792e-01
8.342818e-01
8.167093e-01
7.993734e-01
7.822826e-01
7.654373e-01
7.488502e-01
7.325184e-01
7.164426e-01
7.006238e-01
6.850623e-01
6.697592e-01
6.547044e-01
6.399093e-01
6.253702e-01
6.110906e-01
5.970682e-01
5.833020e-01
5.697948e-01
5.565407e-01
5.435431e-01
5.308081e-01
5.183478e-01
5.061739e-01
4.943156e-01
4.828076e-01
4.717058e-01
4.611085e-01
4.512193e-01
4.423817e-01
4.350865e-01
4.298772e-01
4.269393e-01
4.258617e-01
4.256704e-01
4.258451e-01
4.260430e-01
4.261252e-01
4.261347e-01
4.261303e-01
4.261211e-01
4.261067e-01
4.260844e-01
4.260587e-01
4.260336e-01
4.260140e-01
4.259975e-01
4.259803e-01
4.259594e-01
4.259307e-01
4.258878e-01
4.258214e-01
4.257159e-01
4.255375e-01
4.252036e-01
4.245211e-01
4.230780e-01
4.200903e-01
4.142587e-01
4.037833e-01
3.868158e-01
3.625553e-01
3.326806e-01
3.028312e-01
2.796913e-01
2.674231e-01
2.642010e-01
2.640139e-01
2.640975e-01
2.644039e-01
2.649105e-01
2.653860e-01
2.656151e-01
2.656435e-01
2.656367e-01
2.656109e-01
2.655684e-01
2.655313e-01
2.655188e-01
2.655199e-01
2.655310e-01
2.655553e-01
2.655746e-01
2.655799e-01
2.655610e-01
2.654336e-01
2.647816e-01
2.615562e-01
2.450625e-01
1.874774e-01
1.333430e-01
1.251024e-01
1.250001e-01
1.250000e-01
1.250000e-01
1.250000e-01
1.250000e-01
1.250000e-01
1.250000e-01
1.250000e-01
1.250000e-01
1.250000e-01
1.250000e-01
1.250000e-01
1.250000e-01
1.250000e-01
1.250000e-01
1.250000e-01
1.250000e-01
1.250000e-01
1.250000e-01
1.250000e-01
1.250000e-01
1.250000e-01
1.250000e-01
1.250000e-01
1.250000e-01
1.250000e-01
1.250000e-01
1.250000e-01
1.250000e-01
1.250000e-01
1.250000e-01
1.250000e-01
1.250000e-01
1.250000e-01
1.250000e-01
1.250000e-01
1.250000e-01
1.250000e-01
1.250000e-01
1.250000e-01
1.250000e-01
1.250000e-01
1.250000e-01
1.250000e-01
1.250000e-01
1.250000e-01
1.250000e-01
1.250000e-01
1.250000e-01
1.250000e-01
1.250000e-01
1.250000e-01
1.250000e-01
1.250000e-01
1.250000e-01
1.250000e-01
1.250000e-01
1.250000e-01
1.250000e-01
1.250000e-01
1.250000e-01
1.250000e-01
1.250000e-01
1.250000e-01
1.250000e-01
1.250000e-01
1.250000e-01
1.250000e-01
1.250000e-01
1.250000e-01
1.250000e-01
1.250000e-01
1.250000e-01
1.250000e-01
1.250000e-01
1.250000e-01
1.250000e-01
1.250000e-01
1.250000e-01
1.250000e-01
1.250000e-01
1.250000e-01
1.250000e-01
1.250000e-01
1.250000e-01
1.250000e-01
1.250000e-01
1.250000e-01
1.250000e-01
1.250000e-01
1.250000e-01
1.250000e-01
1.250000e-01
1.250000e-01
1.250000e-01
1.250000e-01
1.250000e-01
1.250000e-01
1.250000e-01
1.250000e-01
1.250000e-01
1.250000e-01
1.250000e-01
1.250000e-01
1.250000e-01
1.250000e-01
1.250000e-01
1.250000e-01
1.250000e-01
1.250000e-01
1.250000e-01
1.250000e-01
1.250000e-01
1.250000e-01
1.250000e-01
1.250000e-01
1.250000e-01
1.250000e-01
1.250000e-01
1.250000e-01
1.250000e-01
1.250000e-01
1.250000e-01
1.250000e-01
1.250000e-01
1.250000e-01
1.250000e-01
1.250000e-01
1.250000e-01
1.250000e-01
1.250000e-01
1.250000e-01
1.250001e-01
1.250009e-01
1.250100e-01
1.251120e-01
1.262239e-01
1.364757e-01
1.851558e-01
2.449351e-01
2.612304e-01
2.648934e-01
2.655213e-01
2.655990e-01
2.656028e-01
2.655878e-01
2.655502e-01
2.655168e-01
2.655001e-01
2.654981e-01
2.655121e-01
2.655555e-01
2.655990e-01
2.656162e-01
2.656149e-01
2.655538e-01
2.653304e-01
2.650285e-01
2.648437e-01
2.648022e-01
2.649170e-01
2.661478e-01
2.712253e-01
2.837037e-01
3.051643e-01
3.330348e-01
3.617082e-01
3.857541e-01
4.030917e-01
4.138944e-01
4.198578e-01
4.228572e-01
4.242776e-01
4.249441e-01
4.252759e-01
4.254622e-01
4.255815e-01
4.256650e-01
4.257268e-01
4.257744e-01
4.258117e-01
4.258423e-01
4.258724e-01
4.259095e-01
4.259511e-01
4.259916e-01
4.260184e-01
4.260334e-01
4.260440e-01
4.260651e-01
4.260810e-01
4.260758e-01
4.259357e-01
4.256723e-01
4.255431e-01
4.261178e-01
