4.274001e-01
4.307140e-01
4.360460e-01
4.430321e-01
4.511223e-01
4.599159e-01
4.691646e-01
4.787401e-01
4.885731e-01
4.986378e-01
5.089167e-01
5.194020e-01
5.300791e-01
5.409445e-01
5.519945e-01
5.632309e-01
5.746400e-01
5.862344e-01
5.980105e-01
6.099681e-01
6.221086e-01
6.344307e-01
6.469364e-01
6.596224e-01
6.724879e-01
6.855285e-01
6.987475e-01
7.121424e-01
7.257112e-01
7.394509e-01
7.533574e-01
7.674264e-01
7.816547e-01
7.960293e-01
8.105423e-01
8.251801e-01
8.399256e-01
8.547564e-01
8.696431e-01
8.845460e-01
8.994123e-01
9.141730e-01
9.287242e-01
9.429208e-01
9.565543e-01
9.693351e-01
9.808418e-01
9.903727e-01
9.968128e-01
9.995174e-01
9.999801e-01
9.999999e-01
1.000000e+00
1.000000e+00
1.000000e+00
1.000000e+00
1.000000e+00
1.000000e+00
1.000000e+00
1.000000e+00
1.000000e+00
1.000000e+00
1.000000e+00
1.000000e+00
1.000000e+00
1.000000e+00
1.000000e+00
1.000000e+00
1.000000e+00
1.000000e+00
1.000000e+00
1.000000e+00
1.000000e+00
1.000000e+00
1.000000e+00
1.000000e+00
1.000000e+00
1.000000e+00
1.000000e+00
1.000000e+00
1.000000e+00
1.000000e+00
1.000000e+00
1.000000e+00
1.000000e+00
1.000000e+00
1.000000e+00
1.000000e+00
1.000000e+00
1.000000e+00
1.000000e+00
1.000000e+00
1.000000e+00
1.000000e+00
1.000000e+00
1.000000e+00
1.000000e+00
1.000000e+00
1.000000e+00
1.000000e+00
1.000000e+00
1.000000e+00
1.000000e+00
1.000000e+00
1.000000e+00
1.000000e+00
1.000000e+00
1.000000e+00
1.000000e+00
1.000000e+00
1.000000e+00
1.000000e+00
1.000000e+00
1.000000e+00
1.000000e+00
1.000000e+00
1.000000e+00
1.000000e+00
1.000000e+00
1.000000e+00
1.000000e+00
1.000000e+00
1.000000e+00
1.000000e+00
1.000000e+00
1.000000e+00
1.000000e+00
1.000000e+00
1.000000e+00
1.000000e+00
1.000000e+00
1.000000e+00
1.000000e+00
1.000000e+00
1.000000e+00
1.000000e+00
1.000000e+00
1.000000e+00
1.000000e+00
1.000000e+00
1.000000e+00
1.000000e+00
1.000000e+00
1.000000e+00
1.000000e+00
1.000000e+00
1.000000e+00
1.000000e+00
1.000000e+00
1.000000e+00
1.000000e+00
1.000000e+00
1.000000e+00
1.000000e+00
1.000000e+00
1.000000e+00
1.000000e+00
1.000000e+00
1.000000e+00
1.000000e+00
1.000000e+00
1.000000e+00
1.000000e+00
1.000000e+00
1.000000e+00
1.000000e+00
1.000000e+00
1.000000e+00
1.000000e+00
1.000000e+00
1.000000e+00
1.000000e+00
1.000000e+00
1.000000e+00
1.000000e+00
1.000000e+00
1.000000e+00
1.000000e+00
1.000000e+00
1.000000e+00
1.000000e+00
1.000000e+00
1.000000e+00
1.000000e+00
1.000000e+00
1.000000e+00
1.000000e+00
1.000000e+00
1.000000e+00
1.000000e+00
1.000000e+00
1.000000e+00
1.000000e+00
1.000000e+00
1.000000e+00
1.000000e+00
1.000000e+00
1.000000e+00
1.000000e+00
1.000000e+00
1.000000e+00
9.999999e-01
9.999996e-01
9.999976e-01
9.999865e-01
9.999289e-01
9.996522e-01
9.985284e-01
9.950713e-01
9.876189e-01
9.761238e-01
9.620527e-01
9.468146e-01
9.311925e-01
9.155009e-01
8.998437e-01
8.842825e-01
8.688467e-01
8.535561e-01
8.384243e-01
8.234605e-01
8.086711e-01
7.940607e-01
7.796322e-01
7.653861e-01
7.513285e-01
7.374573e-01
7.237725e-01
7.102744e-01
6.969629e-01
6.838377e-01
6.708992e-01
6.581416e-01
6.455692e-01
6.331809e-01
6.209794e-01
6.089619e-01
5.971289e-01
5.854792e-01
5.740126e-01
5.627315e-01
5.516248e-01
5.407052e-01
5.299727e-01
5.194313e-01
5.090873e-01
4.989576e-01
4.890550e-01
4.794006e-01
4.700315e-01
4.610138e-01
4.524678e-01
4.445990e-01
4.377259e-01
4.322552e-01
4.285443e-01
4.265784e-01
4.259120e-01
4.258091e-01
4.259399e-01
4.260887e-01
4.261589e-01
4.261710e-01
4.261687e-01
4.261628e-01
4.261491e-01
4.261314e-01
4.261152e-01
4.261022e-01
4.260983e-01
4.260973e-01
4.260956e-01
4.260911e-01
4.260825e-01
4.260689e-01
4.260507e-01
4.260291e-01
4.260045e-01
4.259756e-01
4.259383e-01
4.258849e-01
4.258011e-01
4.256574e-01
4.253899e-01
4.248601e-01
4.237835e-01
4.216234e-01
4.174708e-01
4.099847e-01
3.975389e-01
3.788187e-01
3.537741e-01
3.248341e-01
2.975060e-01
2.772022e-01
2.669427e-01
2.643901e-01
2.642452e-01
2.643097e-01
2.645493e-01
2.649572e-01
2.653599e-01
2.655774e-01
2.656221e-01
2.656212e-01
2.656103e-01
2.655876e-01
2.655644e-01
2.655541e-01
2.655540e-01
2.655571e-01
2.655630e-01
2.655677e-01
2.655667e-01
2.655623e-01
2.655590e-01
2.655552e-01
2.655506e-01
2.655387e-01
2.654997e-01
2.653136e-01
2.643829e-01
2.596846e-01
2.358698e-01
1.705965e-01
1.287936e-01
1.250237e-01
1.250000e-01
1.250000e-01
1.250000e-01
1.250000e-01
1.250000e-01
1.250000e-01
1.250000e-01
1.250000e-01
1.250000e-01
1.250000e-01
1.250000e-01
1.250000e-01
1.250000e-01
1.250000e-01
1.250000e-01
1.250000e-01
1.250000e-01
1.250000e-01
1.250000e-01
1.250000e-01
1.250000e-01
1.250000e-01
1.250000e-01
1.250000e-01
1.250000e-01
1.250000e-01
1.250000e-01
1.250000e-01
1.250000e-01
1.250000e-01
1.250000e-01
1.250000e-01
1.250000e-01
1.250000e-01
1.250000e-01
1.250000e-01
1.250000e-01
1.250000e-01
1.250000e-01
1.250000e-01
1.250000e-01
1.250000e-01
1.250000e-01
1.250000e-01
1.250000e-01
1.250000e-01
1.250000e-01
1.250000e-01
1.250000e-01
1.250000e-01
1.250000e-01
1.250000e-01
1.250000e-01
1.250000e-01
1.250000e-01
1.250000e-01
1.250000e-01
1.250000e-01
1.250000e-01
1.250000e-01
1.250000e-01
1.250000e-01
1.250000e-01
1.250000e-01
1.250000e-01
1.250000e-01
1.250000e-01
1.250000e-01
1.250000e-01
1.250000e-01
1.250000e-01
1.250000e-01
1.250000e-01
1.250000e-01
1.250000e-01
1.250000e-01
1.250000e-01
1.250000e-01
1.250000e-01
1.250000e-01
1.250000e-01
1.250000e-01
1.250000e-01
1.250000e-01
1.250000e-01
1.250000e-01
1.250000e-01
1.250000e-01
1.250000e-01
1.250000e-01
1.250000e-01
1.250000e-01
1.250000e-01
1.250000e-01
1.250000e-01
1.250000e-01
1.250000e-01
1.250000e-01
1.250000e-01
1.250000e-01
1.250000e-01
1.250000e-01
1.250000e-01
1.250000e-01
1.250000e-01
1.250000e-01
1.250000e-01
1.250000e-01
1.250000e-01
1.250000e-01
1.250000e-01
1.250005e-01
1.250056e-01
1.250635e-01
1.257021e-01
1.319920e-01
1.693404e-01
2.351136e-01
2.593985e-01
2.644283e-01
2.653861e-01
2.655171e-01
2.655391e-01
2.655501e-01
2.655587e-01
2.655697e-01
2.655820e-01
2.655906e-01
2.655905e-01
2.655788e-01
2.655582e-01
2.655436e-01
2.655375e-01
2.655374e-01
2.655518e-01
2.655729e-01
2.655795e-01
2.655781e-01
2.655214e-01
2.653367e-01
2.651300e-01
2.650236e-01
2.650066e-01
2.651415e-01
2.663035e-01
2.707686e-01
2.815366e-01
3.002497e-01
3.254374e-01
3.528815e-01
3.774725e-01
3.965016e-01
4.094055e-01
4.171624e-01
4.214086e-01
4.235718e-01
4.246290e-01
4.251458e-01
4.254118e-01
4.255626e-01
4.256585e-01
4.257263e-01
4.257782e-01
4.258201e-01
4.258552e-01
4.258848e-01
4.259100e-01
4.259314e-01
4.259494e-01
4.259639e-01
4.259757e-01
4.259887e-01
4.260086e-01
4.260344e-01
4.260635e-01
4.260865e-01
4.260986e-01
4.261080e-01
4.261188e-01
4.261253e-01
4.261183e-01
4.260190e-01
4.258264e-01
4.257128e-01
4.260230e-01
