4.261969e-01
4.267830e-01
4.281090e-01
4.304108e-01
4.336457e-01
4.376478e-01
4.422021e-01
4.471333e-01
4.523193e-01
4.576841e-01
4.631820e-01
4.687856e-01
4.744797e-01
4.802505e-01
4.860990e-01
4.920188e-01
4.980084e-01
5.040663e-01
5.101918e-01
5.163849e-01
5.226421e-01
5.289635e-01
5.353489e-01
5.417982e-01
5.483109e-01
5.548874e-01
5.615279e-01
5.682289e-01
5.749941e-01
5.818233e-01
5.887169e-01
5.956748e-01
6.026973e-01
6.097843e-01
6.169362e-01
6.241532e-01
6.314352e-01
6.387836e-01
6.461974e-01
6.536767e-01
6.612215e-01
6.688325e-01
6.765075e-01
6.842488e-01
6.920559e-01
6.999288e-01
7.078677e-01
7.158723e-01
7.239426e-01
7.320784e-01
7.402793e-01
7.485452e-01
7.568754e-01
7.652695e-01
7.737267e-01
7.822475e-01
7.908292e-01
7.994713e-01
8.081722e-01
8.169303e-01
8.257436e-01
8.346094e-01
8.435249e-01
8.524864e-01
8.614895e-01
8.705288e-01
8.795976e-01
8.886877e-01
8.977887e-01
9.068876e-01
9.159692e-01
9.250113e-01
9.339863e-01
9.428577e-01
9.515768e-01
9.600773e-01
9.682717e-01
9.760446e-01
9.832392e-01
9.896307e-01
9.948506e-01
9.983213e-01
9.997506e-01
9.999899e-01
9.999999e-01
1.000000e+00
1.000000e+00
1.000000e+00
1.000000e+00
1.000000e+00
1.000000e+00
1.000000e+00
1.000000e+00
1.000000e+00
1.000000e+00
1.000000e+00
1.000000e+00
1.000000e+00
1.000000e+00
1.000000e+00
1.000000e+00
1.000000e+00
1.000000e+00
1.000000e+00
1.000000e+00
1.000000e+00
1.000000e+00
1.000000e+00
1.000000e+00
1.000000e+00
1.000000e+00
1.000000e+00
1.000000e+00
1.000000e+00
1.000000e+00
1.000000e+00
1.000000e+00
1.000000e+00
1.000000e+00
1.000000e+00
1.000000e+00
1.000000e+00
1.000000e+00
1.000000e+00
1.000000e+00
1.000000e+00
1.000000e+00
1.000000e+00
1.000000e+00
1.000000e+00
1.000000e+00
1.000000e+00
1.000000e+00
1.000000e+00
1.000000e+00
1.000000e+00
1.000000e+00
1.000000e+00
1.000000e+00
1.000000e+00
1.000000e+00
1.000000e+00
1.000000e+00
1.000000e+00
1.000000e+00
1.000000e+00
1.000000e+00
1.000000e+00
1.000000e+00
1.000000e+00
1.000000e+00
1.000000e+00
1.000000e+00
1.000000e+00
1.000000e+00
1.000000e+00
1.000000e+00
1.000000e+00
1.000000e+00
1.000000e+00
1.000000e+00
1.000000e+00
1.000000e+00
1.000000e+00
1.000000e+00
1.000000e+00
1.000000e+00
1.000000e+00
1.000000e+00
9.999999e-01
9.999993e-01
9.999965e-01
9.999817e-01
9.999095e-01
9.995942e-01
9.984714e-01
9.955243e-01
9.900466e-01
9.824222e-01
9.735783e-01
9.642117e-01
9.546718e-01
9.450928e-01
9.355158e-01
9.259607e-01
9.164408e-01
9.069642e-01
8.975393e-01
8.881688e-01
8.788560e-01
8.696037e-01
8.604140e-01
8.512886e-01
8.422287e-01
8.332354e-01
8.243094e-01
8.154513e-01
8.066615e-01
7.979402e-01
7.892878e-01
7.807043e-01
7.721894e-01
7.637446e-01
7.553688e-01
7.470618e-01
7.388236e-01
7.306539e-01
7.225528e-01
7.145200e-01
7.065552e-01
6.986584e-01
6.908291e-01
6.830673e-01
6.753727e-01
6.677452e-01
6.601824e-01
6.526868e-01
6.452570e-01
6.378931e-01
6.305951e-01
6.233636e-01
6.161975e-01
6.090964e-01
6.020602e-01
5.950887e-01
5.881817e-01
5.813389e-01
5.745604e-01
5.678460e-01
5.611956e-01
5.546057e-01
5.480798e-01
5.416177e-01
5.352193e-01
5.288851e-01
5.226155e-01
5.164108e-01
5.102718e-01
5.042017e-01
4.982016e-01
4.922729e-01
4.864179e-01
4.806402e-01
4.749458e-01
4.693381e-01
4.638304e-01
4.584394e-01
4.531922e-01
4.481299e-01
4.433171e-01
4.388516e-01
4.348704e-01
4.315403e-01
4.290155e-01
4.273626e-01
4.264834e-01
4.261497e-01
4.260747e-01
4.260912e-01
4.261449e-01
4.261939e-01
4.262166e-01
4.262193e-01
4.262166e-01
4.262092e-01
4.262020e-01
4.261984e-01
4.261965e-01
4.262002e-01
4.262061e-01
4.262120e-01
4.262169e-01
4.262206e-01
4.262235e-01
4.262257e-01
4.262274e-01
4.262288e-01
4.262302e-01
4.262314e-01
4.262326e-01
4.262334e-01
4.262336e-01
4.262332e-01
4.262320e-01
4.262302e-01
4.262278e-01
4.262249e-01
4.262217e-01
4.262180e-01
4.262139e-01
4.262091e-01
4.262033e-01
4.261966e-01
4.261888e-01
4.261800e-01
4.261700e-01
4.261588e-01
4.261461e-01
4.261315e-01
4.261144e-01
4.260942e-01
4.260700e-01
4.260402e-01
4.260014e-01
4.259460e-01
4.258589e-01
4.257101e-01
4.254414e-01
4.249455e-01
4.240325e-01
4.223864e-01
4.195164e-01
4.147234e-01
4.071180e-01
3.957515e-01
3.799555e-01
3.597226e-01
3.361502e-01
3.120275e-01
2.908549e-01
2.754863e-01
2.673893e-01
2.650194e-01
2.647927e-01
2.648044e-01
2.648758e-01
2.650355e-01
2.652560e-01
2.654552e-01
2.655652e-01
2.655886e-01
2.655888e-01
2.655863e-01
2.655804e-01
2.655753e-01
2.655744e-01
2.655751e-01
2.655776e-01
2.655818e-01
2.655852e-01
2.655860e-01
2.655856e-01
2.655840e-01
2.655805e-01
2.655756e-01
2.655704e-01
2.655665e-01
2.655647e-01
2.655643e-01
2.655644e-01
2.655651e-01
2.655663e-01
2.655677e-01
2.655690e-01
2.655698e-01
2.655703e-01
2.655702e-01
2.655699e-01
2.655692e-01
2.655681e-01
2.655667e-01
2.655656e-01
2.655647e-01
2.655647e-01
2.655630e-01
2.655620e-01
2.655482e-01
2.654957e-01
2.652205e-01
2.638636e-01
2.569781e-01
2.238214e-01
1.556664e-01
1.264981e-01
1.250047e-01
1.250000e-01
1.250000e-01
1.250000e-01
1.250000e-01
1.250000e-01
1.250000e-01
1.250000e-01
1.250000e-01
1.250000e-01
1.250000e-01
1.250000e-01
1.250000e-01
1.250000e-01
1.250000e-01
1.250000e-01
1.250003e-01
1.250032e-01
1.250362e-01
1.254033e-01
1.291847e-01
1.560102e-01
2.221568e-01
2.568812e-01
2.638176e-01
2.653201e-01
2.655301e-01
2.655569e-01
2.655614e-01
2.655625e-01
2.655644e-01
2.655667e-01
2.655693e-01
2.655712e-01
2.655721e-01
2.655723e-01
2.655721e-01
2.655720e-01
2.655718e-01
2.655716e-01
2.655712e-01
2.655707e-01
2.655698e-01
2.655686e-01
2.655675e-01
2.655669e-01
2.655667e-01
2.655671e-01
2.655696e-01
2.655752e-01
2.655828e-01
2.655895e-01
2.655940e-01
2.655961e-01
2.655967e-01
2.655955e-01
2.655890e-01
2.655803e-01
2.655737e-01
2.655692e-01
2.655662e-01
2.655635e-01
2.655583e-01
2.655425e-01
2.655015e-01
2.654407e-01
2.653917e-01
2.653724e-01
2.653723e-01
2.654405e-01
2.658921e-01
2.675636e-01
2.718823e-01
2.805059e-01
2.944466e-01
3.132972e-01
3.353688e-01
3.578007e-01
3.778471e-01
3.940863e-01
4.060446e-01
4.141020e-01
4.191582e-01
4.221460e-01
4.238289e-01
4.247460e-01
4.252389e-01
4.255070e-01
4.256595e-01
4.257534e-01
4.258172e-01
4.258653e-01
4.259042e-01
4.259369e-01
4.259650e-01
4.259894e-01
4.260108e-01
4.260297e-01
4.260465e-01
4.260615e-01
4.260750e-01
4.260871e-01
4.260979e-01
4.261072e-01
4.261150e-01
4.261218e-01
4.261277e-01
4.261331e-01
4.261380e-01
4.261422e-01
4.261456e-01
4.261481e-01
4.261496e-01
4.261501e-01
4.261500e-01
4.261496e-01
4.261493e-01
4.261493e-01
4.261495e-01
4.261497e-01
4.261499e-01
4.261498e-01
4.261490e-01
4.261474e-01
4.261461e-01
4.261484e-01
4.261527e-01
4.261610e-01
4.261737e-01
4.261888e-01
4.262019e-01
4.262095e-01
4.262111e-01
4.262083e-01
4.261790e-01
4.261153e-01
4.260618e-01
4.260673e-01
