4.280797e-01
4.325154e-01
4.392627e-01
4.477520e-01
4.573507e-01
4.676450e-01
4.784104e-01
4.895228e-01
5.009475e-01
5.126490e-01
5.246145e-01
5.368245e-01
5.492759e-01
5.619670e-01
5.748806e-01
5.880301e-01
6.014123e-01
6.150267e-01
6.288719e-01
6.429513e-01
6.572583e-01
6.717952e-01
6.865504e-01
7.015304e-01
7.167302e-01
7.321455e-01
7.477706e-01
7.635989e-01
7.796236e-01
7.958282e-01
8.121974e-01
8.287103e-01
8.453386e-01
8.620443e-01
8.787760e-01
8.954638e-01
9.120140e-01
9.282857e-01
9.440742e-01
9.590851e-01
9.729013e-01
9.848686e-01
9.938686e-01
9.986575e-01
9.999004e-01
9.999986e-01
1.000000e+00
1.000000e+00
1.000000e+00
1.000000e+00
1.000000e+00
1.000000e+00
1.000000e+00
1.000000e+00
1.000000e+00
1.000000e+00
1.000000e+00
1.000000e+00
1.000000e+00
1.000000e+00
1.000000e+00
1.000000e+00
1.000000e+00
1.000000e+00
1.000000e+00
1.000000e+00
1.000000e+00
1.000000e+00
1.000000e+00
1.000000e+00
1.000000e+00
1.000000e+00
1.000000e+00
1.000000e+00
1.000000e+00
1.000000e+00
1.000000e+00
1.000000e+00
1.000000e+00
1.000000e+00
1.000000e+00
1.000000e+00
1.000000e+00
1.000000e+00
1.000000e+00
1.000000e+00
1.000000e+00
1.000000e+00
1.000000e+00
1.000000e+00
1.000000e+00
1.000000e+00
1.000000e+00
1.000000e+00
1.000000e+00
1.000000e+00
1.000000e+00
1.000000e+00
1.000000e+00
1.000000e+00
1.000000e+00
1.000000e+00
1.000000e+00
1.000000e+00
1.000000e+00
1.000000e+00
1.000000e+00
1.000000e+00
1.000000e+00
1.000000e+00
1.000000e+00
1.000000e+00
1.000000e+00
1.000000e+00
1.000000e+00
1.000000e+00
1.000000e+00
1.000000e+00
1.000000e+00
1.000000e+00
1.000000e+00
1.000000e+00
1.000000e+00
1.000000e+00
1.000000e+00
1.000000e+00
1.000000e+00
1.000000e+00
1.000000e+00
1.000000e+00
1.000000e+00
1.000000e+00
1.000000e+00
1.000000e+00
1.000000e+00
1.000000e+00
1.000000e+00
1.000000e+00
1.000000e+00
1.000000e+00
1.000000e+00
1.000000e+00
1.000000e+00
1.000000e+00
1.000000e+00
1.000000e+00
1.000000e+00
1.000000e+00
1.000000e+00
1.000000e+00
1.000000e+00
1.000000e+00
1.000000e+00
1.000000e+00
1.000000e+00
1.000000e+00
1.000000e+00
1.000000e+00
1.000000e+00
1.000000e+00
1.000000e+00
1.000000e+00
1.000000e+00
1.000000e+00
1.000000e+00
1.000000e+00
1.000000e+00
1.000000e+00
1.000000e+00
1.000000e+00
1.000000e+00
1.000000e+00
1.000000e+00
1.000000e+00
1.000000e+00
1.000000e+00
1.000000e+00
1.000000e+00
1.000000e+00
1.000000e+00
1.000000e+00
1.000000e+00
1.000000e+00
1.000000e+00
1.000000e+00
1.000000e+00
1.000000e+00
1.000000e+00
1.000000e+00
1.000000e+00
1.000000e+00
1.000000e+00
1.000000e+00
1.000000e+00
1.000000e+00
1.000000e+00
1.000000e+00
1.000000e+00
1.000000e+00
1.000000e+00
1.000000e+00
1.000000e+00
1.000000e+00
1.000000e+00
1.000000e+00
1.000000e+00
1.000000e+00
9.999998e-01
9.999989e-01
9.999939e-01
9.999664e-01
9.998258e-01
9.991880e-01
9.968757e-01
9.908527e-01
9.799576e-01
9.652444e-01
9.485458e-01
9.311047e-01
9.134932e-01
8.959011e-01
8.784185e-01
8.610902e-01
8.439451e-01
8.270015e-01
8.102716e-01
7.937638e-01
7.774825e-01
7.614316e-01
7.456171e-01
7.300380e-01
7.146944e-01
6.995868e-01
6.847154e-01
6.700811e-01
6.556749e-01
6.415063e-01
6.275717e-01
6.138755e-01
6.004141e-01
5.871872e-01
5.741959e-01
5.614415e-01
5.489125e-01
5.366248e-01
5.245820e-01
5.127908e-01
5.012724e-01
4.900479e-01
4.791552e-01
4.686456e-01
4.586343e-01
4.493203e-01
4.410395e-01
4.342618e-01
4.294806e-01
4.268286e-01
4.258772e-01
4.257110e-01
4.258717e-01
4.260541e-01
4.261355e-01
4.261469e-01
4.261434e-01
4.261341e-01
4.261187e-01
4.260972e-01
4.260760e-01
4.260579e-01
4.260459e-01
4.260342e-01
4.260188e-01
4.259999e-01
4.259779e-01
4.259510e-01
4.259137e-01
4.258575e-01
4.257691e-01
4.256217e-01
4.253530e-01
4.248181e-01
4.237035e-01
4.213959e-01
4.168360e-01
4.084578e-01
3.944169e-01
3.734031e-01
3.458526e-01
3.155471e-01
2.890541e-01
2.717945e-01
2.650688e-01
2.640823e-01
2.640950e-01
2.642668e-01
2.646668e-01
2.651662e-01
2.655228e-01
2.656375e-01
2.656425e-01
2.656327e-01
2.656030e-01
2.655628e-01
2.655326e-01
2.655223e-01
2.655233e-01
2.655324e-01
2.655498e-01
2.655686e-01
2.655772e-01
2.655727e-01
2.655330e-01
2.653164e-01
2.642553e-01
2.589379e-01
2.323594e-01
1.655921e-01
1.278702e-01
1.250144e-01
1.250000e-01
1.250000e-01
1.250000e-01
1.250000e-01
1.250000e-01
1.250000e-01
1.250000e-01
1.250000e-01
1.250000e-01
1.250000e-01
1.250000e-01
1.250000e-01
1.250000e-01
1.250000e-01
1.250000e-01
1.250000e-01
1.250000e-01
1.250000e-01
1.250000e-01
1.250000e-01
1.250000e-01
1.250000e-01
1.250000e-01
1.250000e-01
1.250000e-01
1.250000e-01
1.250000e-01
1.250000e-01
1.250000e-01
1.250000e-01
1.250000e-01
1.250000e-01
1.250000e-01
1.250000e-01
1.250000e-01
1.250000e-01
1.250000e-01
1.250000e-01
1.250000e-01
1.250000e-01
1.250000e-01
1.250000e-01
1.250000e-01
1.250000e-01
1.250000e-01
1.250000e-01
1.250000e-01
1.250000e-01
1.250000e-01
1.250000e-01
1.250000e-01
1.250000e-01
1.250000e-01
1.250000e-01
1.250000e-01
1.250000e-01
1.250000e-01
1.250000e-01
1.250000e-01
1.250000e-01
1.250000e-01
1.250000e-01
1.250000e-01
1.250000e-01
1.250000e-01
1.250000e-01
1.250000e-01
1.250000e-01
1.250000e-01
1.250000e-01
1.250000e-01
1.250000e-01
1.250000e-01
1.250000e-01
1.250000e-01
1.250000e-01
1.250000e-01
1.250000e-01
1.250000e-01
1.250000e-01
1.250000e-01
1.250000e-01
1.250000e-01
1.250000e-01
1.250000e-01
1.250000e-01
1.250000e-01
1.250000e-01
1.250000e-01
1.250000e-01
1.250000e-01
1.250000e-01
1.250000e-01
1.250000e-01
1.250000e-01
1.250000e-01
1.250000e-01
1.250000e-01
1.250000e-01
1.250000e-01
1.250000e-01
1.250000e-01
1.250000e-01
1.250000e-01
1.250000e-01
1.250000e-01
1.250000e-01
1.250000e-01
1.250000e-01
1.250000e-01
1.250000e-01
1.250000e-01
1.250000e-01
1.250000e-01
1.250000e-01
1.250000e-01
1.250000e-01
1.250000e-01
1.250000e-01
1.250000e-01
1.250000e-01
1.250000e-01
1.250000e-01
1.250000e-01
1.250000e-01
1.250000e-01
1.250000e-01
1.250004e-01
1.250047e-01
1.250531e-01
1.255887e-01
1.309498e-01
1.647950e-01
2.313185e-01
2.587048e-01
2.642878e-01
2.654132e-01
2.655729e-01
2.655912e-01
2.655912e-01
2.655749e-01
2.655522e-01
2.655296e-01
2.655158e-01
2.655146e-01
2.655254e-01
2.655516e-01
2.655860e-01
2.656056e-01
2.656082e-01
2.655813e-01
2.654436e-01
2.651822e-01
2.649514e-01
2.648677e-01
2.648804e-01
2.653504e-01
2.679731e-01
2.760449e-01
2.924731e-01
3.169202e-01
3.454826e-01
3.722846e-01
3.934243e-01
4.078894e-01
4.165330e-01
4.211782e-01
4.234813e-01
4.245728e-01
4.250944e-01
4.253633e-01
4.255206e-01
4.256243e-01
4.256977e-01
4.257522e-01
4.257955e-01
4.258318e-01
4.258620e-01
4.258867e-01
4.259107e-01
4.259411e-01
4.259770e-01
4.260141e-01
4.260398e-01
4.260540e-01
4.260638e-01
4.260807e-01
4.260929e-01
4.260874e-01
4.259605e-01
4.257182e-01
4.255927e-01
4.260840e-01
