4.263532e-01
4.274751e-01
4.297091e-01
4.331846e-01
4.376966e-01
4.429717e-01
4.487571e-01
4.548808e-01
4.612375e-01
4.677662e-01
4.744325e-01
4.812104e-01
4.880998e-01
4.950900e-01
5.021776e-01
5.093613e-01
5.166402e-01
5.240088e-01
5.314672e-01
5.390147e-01
5.466505e-01
5.543745e-01
5.621876e-01
5.700840e-01
5.780699e-01
5.861442e-01
5.943072e-01
6.025593e-01
6.109005e-01
6.193307e-01
6.278505e-01
6.364608e-01
6.451611e-01
6.539512e-01
6.628319e-01
6.718010e-01
6.808592e-01
6.900073e-01
6.992452e-01
7.085725e-01
7.179892e-01
7.274948e-01
7.370887e-01
7.467702e-01
7.565386e-01
7.663925e-01
7.763306e-01
7.863532e-01
7.964549e-01
8.066350e-01
8.168900e-01
8.272161e-01
8.376085e-01
8.480613e-01
8.585675e-01
8.691179e-01
8.797012e-01
8.903029e-01
9.009045e-01
9.114825e-01
9.220070e-01
9.324344e-01
9.427093e-01
9.527541e-01
9.624631e-01
9.716952e-01
9.802584e-01
9.878709e-01
9.940658e-01
9.981245e-01
9.997370e-01
9.999903e-01
9.999999e-01
1.000000e+00
1.000000e+00
1.000000e+00
1.000000e+00
1.000000e+00
1.000000e+00
1.000000e+00
1.000000e+00
1.000000e+00
1.000000e+00
1.000000e+00
1.000000e+00
1.000000e+00
1.000000e+00
1.000000e+00
1.000000e+00
1.000000e+00
1.000000e+00
1.000000e+00
1.000000e+00
1.000000e+00
1.000000e+00
1.000000e+00
1.000000e+00
1.000000e+00
1.000000e+00
1.000000e+00
1.000000e+00
1.000000e+00
1.000000e+00
1.000000e+00
1.000000e+00
1.000000e+00
1.000000e+00
1.000000e+00
1.000000e+00
1.000000e+00
1.000000e+00
1.000000e+00
1.000000e+00
1.000000e+00
1.000000e+00
1.000000e+00
1.000000e+00
1.000000e+00
1.000000e+00
1.000000e+00
1.000000e+00
1.000000e+00
1.000000e+00
1.000000e+00
1.000000e+00
1.000000e+00
1.000000e+00
1.000000e+00
1.000000e+00
1.000000e+00
1.000000e+00
1.000000e+00
1.000000e+00
1.000000e+00
1.000000e+00
1.000000e+00
1.000000e+00
1.000000e+00
1.000000e+00
1.000000e+00
1.000000e+00
1.000000e+00
1.000000e+00
1.000000e+00
1.000000e+00
1.000000e+00
1.000000e+00
1.000000e+00
1.000000e+00
1.000000e+00
1.000000e+00
1.000000e+00
1.000000e+00
1.000000e+00
1.000000e+00
1.000000e+00
1.000000e+00
1.000000e+00
1.000000e+00
1.000000e+00
1.000000e+00
1.000000e+00
1.000000e+00
1.000000e+00
1.000000e+00
1.000000e+00
1.000000e+00
1.000000e+00
1.000000e+00
1.000000e+00
1.000000e+00
1.000000e+00
1.000000e+00
1.000000e+00
1.000000e+00
1.000000e+00
1.000000e+00
1.000000e+00
1.000000e+00
1.000000e+00
1.000000e+00
9.999998e-01
9.999990e-01
9.999949e-01
9.999734e-01
9.998685e-01
9.994176e-01
9.978664e-01
9.939912e-01
9.871393e-01
9.779438e-01
9.674886e-01
9.565160e-01
9.453835e-01
9.342207e-01
9.230718e-01
9.119621e-01
9.009087e-01
8.899229e-01
8.790105e-01
8.681766e-01
8.574255e-01
8.467602e-01
8.361832e-01
8.256960e-01
8.153000e-01
8.049961e-01
7.947851e-01
7.846678e-01
7.746425e-01
7.647131e-01
7.548777e-01
7.451360e-01
7.354882e-01
7.259339e-01
7.164731e-01
7.071055e-01
6.978309e-01
6.886488e-01
6.795591e-01
6.705614e-01
6.616543e-01
6.528372e-01
6.441115e-01
6.354764e-01
6.269324e-01
6.184791e-01
6.101160e-01
6.018421e-01
5.936574e-01
5.855618e-01
5.775551e-01
5.696371e-01
5.618080e-01
5.540627e-01
5.464065e-01
5.388388e-01
5.313599e-01
5.239710e-01
5.166731e-01
5.094672e-01
5.023591e-01
4.953510e-01
4.884458e-01
4.816497e-01
4.749736e-01
4.684231e-01
4.620248e-01
4.558125e-01
4.498421e-01
4.442024e-01
4.390315e-01
4.345222e-01
4.308998e-01
4.283383e-01
4.268481e-01
4.261924e-01
4.260302e-01
4.260220e-01
4.260931e-01
4.261686e-01
4.262054e-01
4.262115e-01
4.262100e-01
4.262015e-01
4.261909e-01
4.261832e-01
4.261789e-01
4.261796e-01
4.261843e-01
4.261903e-01
4.261947e-01
4.261975e-01
4.261991e-01
4.262000e-01
4.262004e-01
4.262004e-01
4.262000e-01
4.261992e-01
4.261980e-01
4.261961e-01
4.261936e-01
4.261902e-01
4.261855e-01
4.261795e-01
4.261721e-01
4.261635e-01
4.261534e-01
4.261417e-01
4.261279e-01
4.261112e-01
4.260909e-01
4.260665e-01
4.260369e-01
4.259993e-01
4.259477e-01
4.258688e-01
4.257354e-01
4.254928e-01
4.250353e-01
4.241667e-01
4.225453e-01
4.196192e-01
4.145778e-01
4.063706e-01
3.938829e-01
3.763839e-01
3.540351e-01
3.285521e-01
3.037034e-01
2.834342e-01
2.706373e-01
2.655333e-01
2.646664e-01
2.646512e-01
2.647068e-01
2.648731e-01
2.651362e-01
2.653985e-01
2.655572e-01
2.655964e-01
2.655970e-01
2.655929e-01
2.655825e-01
2.655717e-01
2.655677e-01
2.655680e-01
2.655706e-01
2.655761e-01
2.655820e-01
2.655850e-01
2.655852e-01
2.655842e-01
2.655811e-01
2.655759e-01
2.655698e-01
2.655644e-01
2.655607e-01
2.655585e-01
2.655577e-01
2.655580e-01
2.655592e-01
2.655610e-01
2.655629e-01
2.655647e-01
2.655652e-01
2.655660e-01
2.655644e-01
2.655598e-01
2.655332e-01
2.654107e-01
2.648056e-01
2.617942e-01
2.463456e-01
1.904233e-01
1.344078e-01
1.251291e-01
1.250001e-01
1.250000e-01
1.250000e-01
1.250000e-01
1.250000e-01
1.250000e-01
1.250000e-01
1.250000e-01
1.250000e-01
1.250000e-01
1.250000e-01
1.250000e-01
1.250000e-01
1.250000e-01
1.250000e-01
1.250000e-01
1.250000e-01
1.250000e-01
1.250000e-01
1.250000e-01
1.250000e-01
1.250000e-01
1.250000e-01
1.250000e-01
1.250000e-01
1.250000e-01
1.250000e-01
1.250000e-01
1.250000e-01
1.250000e-01
1.250000e-01
1.250000e-01
1.250000e-01
1.250000e-01
1.250000e-01
1.250000e-01
1.250000e-01
1.250000e-01
1.250000e-01
1.250000e-01
1.250000e-01
1.250000e-01
1.250000e-01
1.250000e-01
1.250000e-01
1.250000e-01
1.250000e-01
1.250000e-01
1.250000e-01
1.250000e-01
1.250001e-01
1.250010e-01
1.250110e-01
1.251234e-01
1.263448e-01
1.374527e-01
1.880072e-01
2.462847e-01
2.614757e-01
2.649144e-01
2.654837e-01
2.655561e-01
2.655651e-01
2.655650e-01
2.655654e-01
2.655645e-01
2.655637e-01
2.655627e-01
2.655618e-01
2.655610e-01
2.655606e-01
2.655607e-01
2.655612e-01
2.655619e-01
2.655640e-01
2.655686e-01
2.655761e-01
2.655845e-01
2.655909e-01
2.655944e-01
2.655957e-01
2.655957e-01
2.655904e-01
2.655793e-01
2.655706e-01
2.655657e-01
2.655636e-01
2.655626e-01
2.655616e-01
2.655588e-01
2.655433e-01
2.654896e-01
2.653976e-01
2.653213e-01
2.652920e-01
2.652932e-01
2.654152e-01
2.661811e-01
2.688850e-01
2.754585e-01
2.876752e-01
3.058551e-01
3.284874e-01
3.525377e-01
3.744843e-01
3.923256e-01
4.053839e-01
4.140264e-01
4.193063e-01
4.223255e-01
4.239660e-01
4.248295e-01
4.252813e-01
4.255243e-01
4.256637e-01
4.257519e-01
4.258140e-01
4.258619e-01
4.259011e-01
4.259337e-01
4.259609e-01
4.259838e-01
4.260035e-01
4.260207e-01
4.260359e-01
4.260491e-01
4.260604e-01
4.260698e-01
4.260775e-01
4.260835e-01
4.260883e-01
4.260922e-01
4.260956e-01
4.260990e-01
4.261022e-01
4.261053e-01
4.261080e-01
4.261104e-01
4.261123e-01
4.261134e-01
4.261136e-01
4.261138e-01
4.261195e-01
4.261280e-01
4.261415e-01
4.261586e-01
4.261741e-01
4.261849e-01
4.261904e-01
4.261924e-01
4.261867e-01
4.261415e-01
4.260490e-01
4.259774e-01
4.260208e-01
