4.262265e-01
4.269238e-01
4.284534e-01
4.310307e-01
4.345720e-01
4.388836e-01
4.437366e-01
4.489555e-01
4.544218e-01
4.600642e-01
4.658399e-01
4.717219e-01
4.776943e-01
4.837526e-01
4.898912e-01
4.961070e-01
5.023970e-01
5.087613e-01
5.151999e-01
5.217084e-01
5.282870e-01
5.349352e-01
5.416528e-01
5.484395e-01
5.552951e-01
5.622207e-01
5.692115e-01
5.762725e-01
5.834030e-01
5.906032e-01
5.978733e-01
6.052136e-01
6.126241e-01
6.201046e-01
6.276560e-01
6.352786e-01
6.429726e-01
6.507375e-01
6.585729e-01
6.664810e-01
6.744577e-01
6.825062e-01
6.906258e-01
6.988167e-01
7.070788e-01
7.154120e-01
7.238162e-01
7.322912e-01
7.408365e-01
7.494517e-01
7.581365e-01
7.668898e-01
7.757110e-01
7.846007e-01
7.935549e-01
8.025737e-01
8.116550e-01
8.207965e-01
8.299958e-01
8.392495e-01
8.485539e-01
8.579043e-01
8.672948e-01
8.767184e-01
8.861661e-01
8.956267e-01
9.050861e-01
9.145275e-01
9.239272e-01
9.332543e-01
9.424690e-01
9.515166e-01
9.603234e-01
9.687918e-01
9.767915e-01
9.841448e-01
9.905878e-01
9.956771e-01
9.987881e-01
9.998620e-01
9.999963e-01
1.000000e+00
1.000000e+00
1.000000e+00
1.000000e+00
1.000000e+00
1.000000e+00
1.000000e+00
1.000000e+00
1.000000e+00
1.000000e+00
1.000000e+00
1.000000e+00
1.000000e+00
1.000000e+00
1.000000e+00
1.000000e+00
1.000000e+00
1.000000e+00
1.000000e+00
1.000000e+00
1.000000e+00
1.000000e+00
1.000000e+00
1.000000e+00
1.000000e+00
1.000000e+00
1.000000e+00
1.000000e+00
1.000000e+00
1.000000e+00
1.000000e+00
1.000000e+00
1.000000e+00
1.000000e+00
1.000000e+00
1.000000e+00
1.000000e+00
1.000000e+00
1.000000e+00
1.000000e+00
1.000000e+00
1.000000e+00
1.000000e+00
1.000000e+00
1.000000e+00
1.000000e+00
1.000000e+00
1.000000e+00
1.000000e+00
1.000000e+00
1.000000e+00
1.000000e+00
1.000000e+00
1.000000e+00
1.000000e+00
1.000000e+00
1.000000e+00
1.000000e+00
1.000000e+00
1.000000e+00
1.000000e+00
1.000000e+00
1.000000e+00
1.000000e+00
1.000000e+00
1.000000e+00
1.000000e+00
1.000000e+00
1.000000e+00
1.000000e+00
1.000000e+00
1.000000e+00
1.000000e+00
1.000000e+00
1.000000e+00
1.000000e+00
1.000000e+00
1.000000e+00
1.000000e+00
1.000000e+00
1.000000e+00
1.000000e+00
1.000000e+00
1.000000e+00
1.000000e+00
1.000000e+00
1.000000e+00
1.000000e+00
1.000000e+00
1.000000e+00
1.000000e+00
9.999999e-01
9.999995e-01
9.999973e-01
9.999861e-01
9.999303e-01
9.996792e-01
9.987408e-01
9.961151e-01
9.909147e-01
9.833327e-01
9.743072e-01
9.646340e-01
9.547342e-01
9.447789e-01
9.348212e-01
9.248850e-01
9.149855e-01
9.051329e-01
8.953357e-01
8.855973e-01
8.759214e-01
8.663111e-01
8.567687e-01
8.472961e-01
8.378945e-01
8.285650e-01
8.193084e-01
8.101254e-01
8.010162e-01
7.919814e-01
7.830212e-01
7.741346e-01
7.653241e-01
7.565883e-01
7.479269e-01
7.393400e-01
7.308273e-01
7.223888e-01
7.140242e-01
7.057334e-01
6.975160e-01
6.893719e-01
6.813007e-01
6.733023e-01
6.653765e-01
6.575204e-01
6.497374e-01
6.420258e-01
6.343854e-01
6.268170e-01
6.193199e-01
6.118939e-01
6.045381e-01
5.972525e-01
5.900370e-01
5.828914e-01
5.758155e-01
5.688092e-01
5.618727e-01
5.550018e-01
5.482005e-01
5.414684e-01
5.348057e-01
5.282128e-01
5.216902e-01
5.152385e-01
5.088586e-01
5.025547e-01
4.963279e-01
4.901792e-01
4.841127e-01
4.781330e-01
4.722482e-01
4.664634e-01
4.607968e-01
4.552757e-01
4.499392e-01
4.448488e-01
4.401001e-01
4.358313e-01
4.322177e-01
4.294344e-01
4.275711e-01
4.265579e-01
4.261574e-01
4.260631e-01
4.260744e-01
4.261317e-01
4.261884e-01
4.262155e-01
4.262184e-01
4.262156e-01
4.262072e-01
4.261989e-01
4.261944e-01
4.261920e-01
4.261954e-01
4.262012e-01
4.262073e-01
4.262121e-01
4.262155e-01
4.262179e-01
4.262199e-01
4.262215e-01
4.262228e-01
4.262239e-01
4.262248e-01
4.262253e-01
4.262255e-01
4.262253e-01
4.262244e-01
4.262228e-01
4.262205e-01
4.262174e-01
4.262136e-01
4.262092e-01
4.262043e-01
4.261987e-01
4.261922e-01
4.261847e-01
4.261758e-01
4.261656e-01
4.261539e-01
4.261403e-01
4.261244e-01
4.261058e-01
4.260837e-01
4.260573e-01
4.260244e-01
4.259805e-01
4.259157e-01
4.258103e-01
4.256250e-01
4.252847e-01
4.246514e-01
4.234840e-01
4.213882e-01
4.177664e-01
4.117997e-01
4.025065e-01
3.889710e-01
3.707677e-01
3.483573e-01
3.237082e-01
3.003720e-01
2.817139e-01
2.701223e-01
2.655505e-01
2.647768e-01
2.647616e-01
2.648044e-01
2.649367e-01
2.651536e-01
2.653833e-01
2.655380e-01
2.655870e-01
2.655897e-01
2.655880e-01
2.655824e-01
2.655755e-01
2.655734e-01
2.655739e-01
2.655759e-01
2.655802e-01
2.655846e-01
2.655861e-01
2.655859e-01
2.655845e-01
2.655811e-01
2.655762e-01
2.655709e-01
2.655662e-01
2.655641e-01
2.655640e-01
2.655643e-01
2.655650e-01
2.655662e-01
2.655674e-01
2.655682e-01
2.655684e-01
2.655682e-01
2.655674e-01
2.655664e-01
2.655655e-01
2.655653e-01
2.655652e-01
2.655651e-01
2.655653e-01
2.655632e-01
2.655576e-01
2.655206e-01
2.653512e-01
2.644961e-01
2.602154e-01
2.384120e-01
1.746580e-01
1.296737e-01
1.250346e-01
1.250000e-01
1.250000e-01
1.250000e-01
1.250000e-01
1.250000e-01
1.250000e-01
1.250000e-01
1.250000e-01
1.250000e-01
1.250000e-01
1.250000e-01
1.250000e-01
1.250000e-01
1.250000e-01
1.250000e-01
1.250000e-01
1.250000e-01
1.250000e-01
1.250000e-01
1.250000e-01
1.250000e-01
1.250000e-01
1.250000e-01
1.250000e-01
1.250001e-01
1.250006e-01
1.250065e-01
1.250731e-01
1.258058e-01
1.329218e-01
1.730663e-01
2.378459e-01
2.599024e-01
2.645639e-01
2.654297e-01
2.655453e-01
2.655608e-01
2.655631e-01
2.655641e-01
2.655646e-01
2.655657e-01
2.655679e-01
2.655701e-01
2.655716e-01
2.655722e-01
2.655722e-01
2.655719e-01
2.655709e-01
2.655692e-01
2.655671e-01
2.655652e-01
2.655641e-01
2.655642e-01
2.655651e-01
2.655674e-01
2.655724e-01
2.655799e-01
2.655877e-01
2.655930e-01
2.655954e-01
2.655960e-01
2.655954e-01
2.655910e-01
2.655831e-01
2.655754e-01
2.655704e-01
2.655674e-01
2.655655e-01
2.655630e-01
2.655557e-01
2.655320e-01
2.654782e-01
2.654099e-01
2.653650e-01
2.653525e-01
2.653620e-01
2.655193e-01
2.663327e-01
2.689529e-01
2.750584e-01
2.862308e-01
3.028816e-01
3.239167e-01
3.469229e-01
3.687061e-01
3.871037e-01
4.012128e-01
4.110297e-01
4.173322e-01
4.211191e-01
4.232735e-01
4.244512e-01
4.250811e-01
4.254189e-01
4.256067e-01
4.257188e-01
4.257926e-01
4.258461e-01
4.258883e-01
4.259233e-01
4.259533e-01
4.259793e-01
4.260020e-01
4.260220e-01
4.260397e-01
4.260553e-01
4.260690e-01
4.260807e-01
4.260907e-01
4.260993e-01
4.261070e-01
4.261140e-01
4.261204e-01
4.261258e-01
4.261302e-01
4.261335e-01
4.261358e-01
4.261370e-01
4.261376e-01
4.261379e-01
4.261383e-01
4.261389e-01
4.261397e-01
4.261405e-01
4.261412e-01
4.261414e-01
4.261409e-01
4.261397e-01
4.261386e-01
4.261419e-01
4.261471e-01
4.261566e-01
4.261704e-01
4.261857e-01
4.261982e-01
4.262053e-01
4.262072e-01
4.262039e-01
4.261707e-01
4.260994e-01
4.260412e-01
4.260534e-01
