4.263821e-01
4.275912e-01
4.299603e-01
4.336015e-01
4.382877e-01
4.437345e-01
4.496869e-01
4.559741e-01
4.624929e-01
4.691828e-01
4.760115e-01
4.829570e-01
4.900152e-01
4.971778e-01
5.044426e-01
5.118069e-01
5.192686e-01
5.268241e-01
5.344726e-01
5.422138e-01
5.500479e-01
5.579724e-01
5.659888e-01
5.740937e-01
5.822918e-01
5.905823e-01
5.989653e-01
6.074410e-01
6.160093e-01
6.246711e-01
6.334260e-01
6.422756e-01
6.512186e-01
6.602546e-01
6.693850e-01
6.786062e-01
6.879215e-01
6.973300e-01
7.068316e-01
7.164260e-01
7.261129e-01
7.358916e-01
7.457614e-01
7.557214e-01
7.657703e-01
7.759065e-01
7.861305e-01
7.964362e-01
8.068232e-01
8.172875e-01
8.278248e-01
8.384302e-01
8.490971e-01
8.598176e-01
8.705818e-01
8.813771e-01
8.921872e-01
9.029914e-01
9.137643e-01
9.244700e-01
9.350603e-01
9.454710e-01
9.556126e-01
9.653638e-01
9.745625e-01
9.829827e-01
9.902772e-01
9.958560e-01
9.989944e-01
9.999106e-01
9.999983e-01
1.000000e+00
1.000000e+00
1.000000e+00
1.000000e+00
1.000000e+00
1.000000e+00
1.000000e+00
1.000000e+00
1.000000e+00
1.000000e+00
1.000000e+00
1.000000e+00
1.000000e+00
1.000000e+00
1.000000e+00
1.000000e+00
1.000000e+00
1.000000e+00
1.000000e+00
1.000000e+00
1.000000e+00
1.000000e+00
1.000000e+00
1.000000e+00
1.000000e+00
1.000000e+00
1.000000e+00
1.000000e+00
1.000000e+00
1.000000e+00
1.000000e+00
1.000000e+00
1.000000e+00
1.000000e+00
1.000000e+00
1.000000e+00
1.000000e+00
1.000000e+00
1.000000e+00
1.000000e+00
1.000000e+00
1.000000e+00
1.000000e+00
1.000000e+00
1.000000e+00
1.000000e+00
1.000000e+00
1.000000e+00
1.000000e+00
1.000000e+00
1.000000e+00
1.000000e+00
1.000000e+00
1.000000e+00
1.000000e+00
1.000000e+00
1.000000e+00
1.000000e+00
1.000000e+00
1.000000e+00
1.000000e+00
1.000000e+00
1.000000e+00
1.000000e+00
1.000000e+00
1.000000e+00
1.000000e+00
1.000000e+00
1.000000e+00
1.000000e+00
1.000000e+00
1.000000e+00
1.000000e+00
1.000000e+00
1.000000e+00
1.000000e+00
1.000000e+00
1.000000e+00
1.000000e+00
1.000000e+00
1.000000e+00
1.000000e+00
1.000000e+00
1.000000e+00
1.000000e+00
1.000000e+00
1.000000e+00
1.000000e+00
1.000000e+00
1.000000e+00
1.000000e+00
1.000000e+00
1.000000e+00
1.000000e+00
1.000000e+00
1.000000e+00
1.000000e+00
1.000000e+00
1.000000e+00
1.000000e+00
1.000000e+00
1.000000e+00
1.000000e+00
1.000000e+00
1.000000e+00
1.000000e+00
1.000000e+00
1.000000e+00
1.000000e+00
1.000000e+00
1.000000e+00
9.999999e-01
9.999995e-01
9.999972e-01
9.999852e-01
9.999251e-01
9.996512e-01
9.986144e-01
9.956741e-01
9.897899e-01
9.811583e-01
9.708546e-01
9.597998e-01
9.484846e-01
9.371078e-01
9.257335e-01
9.143926e-01
9.031050e-01
8.918855e-01
8.807404e-01
8.696756e-01
8.586960e-01
8.478049e-01
8.370050e-01
8.262982e-01
8.156860e-01
8.051695e-01
7.947493e-01
7.844266e-01
7.741995e-01
7.640720e-01
7.540422e-01
7.441099e-01
7.342752e-01
7.245378e-01
7.148975e-01
7.053542e-01
6.959075e-01
6.865571e-01
6.773027e-01
6.681444e-01
6.590783e-01
6.501083e-01
6.412323e-01
6.324506e-01
6.237642e-01
6.151717e-01
6.066728e-01
5.982669e-01
5.899538e-01
5.817333e-01
5.736054e-01
5.655705e-01
5.576244e-01
5.497700e-01
5.420066e-01
5.343363e-01
5.267596e-01
5.192770e-01
5.118901e-01
5.046032e-01
4.974197e-01
4.903436e-01
4.833797e-01
4.765372e-01
4.698259e-01
4.632672e-01
4.568949e-01
4.507646e-01
4.449644e-01
4.396318e-01
4.349611e-01
4.311853e-01
4.284920e-01
4.269080e-01
4.262030e-01
4.260234e-01
4.260124e-01
4.260860e-01
4.261650e-01
4.262039e-01
4.262101e-01
4.262085e-01
4.262002e-01
4.261893e-01
4.261811e-01
4.261768e-01
4.261766e-01
4.261810e-01
4.261868e-01
4.261911e-01
4.261938e-01
4.261954e-01
4.261962e-01
4.261963e-01
4.261959e-01
4.261950e-01
4.261937e-01
4.261920e-01
4.261897e-01
4.261867e-01
4.261825e-01
4.261770e-01
4.261699e-01
4.261615e-01
4.261515e-01
4.261398e-01
4.261258e-01
4.261090e-01
4.260888e-01
4.260644e-01
4.260348e-01
4.259972e-01
4.259454e-01
4.258661e-01
4.257316e-01
4.254866e-01
4.250230e-01
4.241396e-01
4.224851e-01
4.194901e-01
4.143191e-01
4.058919e-01
3.930758e-01
3.751580e-01
3.523721e-01
3.266099e-01
3.018144e-01
2.819558e-01
2.698376e-01
2.653097e-01
2.646360e-01
2.646334e-01
2.647024e-01
2.648880e-01
2.651649e-01
2.654255e-01
2.655699e-01
2.655982e-01
2.655976e-01
2.655920e-01
2.655801e-01
2.655692e-01
2.655665e-01
2.655672e-01
2.655706e-01
2.655769e-01
2.655831e-01
2.655856e-01
2.655855e-01
2.655840e-01
2.655801e-01
2.655741e-01
2.655674e-01
2.655616e-01
2.655580e-01
2.655569e-01
2.655570e-01
2.655579e-01
2.655599e-01
2.655622e-01
2.655643e-01
2.655647e-01
2.655654e-01
2.655634e-01
2.655583e-01
2.655307e-01
2.654042e-01
2.647806e-01
2.616782e-01
2.457659e-01
1.890805e-01
1.339113e-01
1.251163e-01
1.250001e-01
1.250000e-01
1.250000e-01
1.250000e-01
1.250000e-01
1.250000e-01
1.250000e-01
1.250000e-01
1.250000e-01
1.250000e-01
1.250000e-01
1.250000e-01
1.250000e-01
1.250000e-01
1.250000e-01
1.250000e-01
1.250000e-01
1.250000e-01
1.250000e-01
1.250000e-01
1.250000e-01
1.250000e-01
1.250000e-01
1.250000e-01
1.250000e-01
1.250000e-01
1.250000e-01
1.250000e-01
1.250000e-01
1.250000e-01
1.250000e-01
1.250000e-01
1.250000e-01
1.250000e-01
1.250000e-01
1.250000e-01
1.250000e-01
1.250000e-01
1.250000e-01
1.250000e-01
1.250000e-01
1.250000e-01
1.250000e-01
1.250000e-01
1.250000e-01
1.250000e-01
1.250000e-01
1.250000e-01
1.250000e-01
1.250000e-01
1.250000e-01
1.250000e-01
1.250000e-01
1.250000e-01
1.250001e-01
1.250009e-01
1.250105e-01
1.251181e-01
1.262882e-01
1.369981e-01
1.867016e-01
2.456752e-01
2.613562e-01
2.648889e-01
2.654788e-01
2.655550e-01
2.655652e-01
2.655657e-01
2.655660e-01
2.655649e-01
2.655632e-01
2.655610e-01
2.655588e-01
2.655574e-01
2.655573e-01
2.655585e-01
2.655601e-01
2.655628e-01
2.655682e-01
2.655761e-01
2.655847e-01
2.655911e-01
2.655942e-01
2.655949e-01
2.655944e-01
2.655889e-01
2.655789e-01
2.655702e-01
2.655653e-01
2.655634e-01
2.655630e-01
2.655629e-01
2.655611e-01
2.655481e-01
2.654995e-01
2.654064e-01
2.653194e-01
2.652814e-01
2.652786e-01
2.653697e-01
2.660123e-01
2.684312e-01
2.745695e-01
2.863103e-01
3.041606e-01
3.267117e-01
3.509688e-01
3.732881e-01
3.915134e-01
4.048968e-01
4.137645e-01
4.191774e-01
4.222659e-01
4.239388e-01
4.248163e-01
4.252738e-01
4.255191e-01
4.256597e-01
4.257485e-01
4.258112e-01
4.258594e-01
4.258984e-01
4.259306e-01
4.259575e-01
4.259804e-01
4.260003e-01
4.260178e-01
4.260329e-01
4.260458e-01
4.260567e-01
4.260655e-01
4.260725e-01
4.260780e-01
4.260826e-01
4.260868e-01
4.260909e-01
4.260948e-01
4.260985e-01
4.261017e-01
4.261045e-01
4.261067e-01
4.261080e-01
4.261085e-01
4.261091e-01
4.261152e-01
4.261243e-01
4.261387e-01
4.261563e-01
4.261717e-01
4.261822e-01
4.261873e-01
4.261893e-01
4.261834e-01
4.261362e-01
4.260399e-01
4.259658e-01
4.260162e-01
