4.279458e-01
4.321706e-01
4.386549e-01
4.468671e-01
4.561867e-01
4.662038e-01
4.766902e-01
4.875132e-01
4.986397e-01
5.100337e-01
5.216839e-01
5.335695e-01
5.456891e-01
5.580343e-01
5.705999e-01
5.833864e-01
5.963973e-01
6.096298e-01
6.230855e-01
6.367632e-01
6.506621e-01
6.647838e-01
6.791154e-01
6.936633e-01
7.084239e-01
7.233944e-01
7.385706e-01
7.539461e-01
7.695139e-01
7.852695e-01
8.011913e-01
8.172685e-01
8.334779e-01
8.497914e-01
8.661709e-01
8.825646e-01
8.989023e-01
9.150907e-01
9.309858e-01
9.463838e-01
9.609903e-01
9.743894e-01
9.859211e-01
9.944627e-01
9.988529e-01
9.999222e-01
9.999990e-01
1.000000e+00
1.000000e+00
1.000000e+00
1.000000e+00
1.000000e+00
1.000000e+00
1.000000e+00
1.000000e+00
1.000000e+00
1.000000e+00
1.000000e+00
1.000000e+00
1.000000e+00
1.000000e+00
1.000000e+00
1.000000e+00
1.000000e+00
1.000000e+00
1.000000e+00
1.000000e+00
1.000000e+00
1.000000e+00
1.000000e+00
1.000000e+00
1.000000e+00
1.000000e+00
1.000000e+00
1.000000e+00
1.000000e+00
1.000000e+00
1.000000e+00
1.000000e+00
1.000000e+00
1.000000e+00
1.000000e+00
1.000000e+00
1.000000e+00
1.000000e+00
1.000000e+00
1.000000e+00
1.000000e+00
1.000000e+00
1.000000e+00
1.000000e+00
1.000000e+00
1.000000e+00
1.000000e+00
1.000000e+00
1.000000e+00
1.000000e+00
1.000000e+00
1.000000e+00
1.000000e+00
1.000000e+00
1.000000e+00
1.000000e+00
1.000000e+00
1.000000e+00
1.000000e+00
1.000000e+00
1.000000e+00
1.000000e+00
1.000000e+00
1.000000e+00
1.000000e+00
1.000000e+00
1.000000e+00
1.000000e+00
1.000000e+00
1.000000e+00
1.000000e+00
1.000000e+00
1.000000e+00
1.000000e+00
1.000000e+00
1.000000e+00
1.000000e+00
1.000000e+00
1.000000e+00
1.000000e+00
1.000000e+00
1.000000e+00
1.000000e+00
1.000000e+00
1.000000e+00
1.000000e+00
1.000000e+00
1.000000e+00
1.000000e+00
1.000000e+00
1.000000e+00
1.000000e+00
1.000000e+00
1.000000e+00
1.000000e+00
1.000000e+00
1.000000e+00
1.000000e+00
1.000000e+00
1.000000e+00
1.000000e+00
1.000000e+00
1.000000e+00
1.000000e+00
1.000000e+00
1.000000e+00
1.000000e+00
1.000000e+00
1.000000e+00
1.000000e+00
1.000000e+00
1.000000e+00
1.000000e+00
1.000000e+00
1.000000e+00
1.000000e+00
1.000000e+00
1.000000e+00
1.000000e+00
1.000000e+00
1.000000e+00
1.000000e+00
1.000000e+00
1.000000e+00
1.000000e+00
1.000000e+00
1.000000e+00
1.000000e+00
1.000000e+00
1.000000e+00
1.000000e+00
1.000000e+00
1.000000e+00
1.000000e+00
1.000000e+00
1.000000e+00
1.000000e+00
1.000000e+00
1.000000e+00
1.000000e+00
1.000000e+00
1.000000e+00
1.000000e+00
1.000000e+00
1.000000e+00
1.000000e+00
1.000000e+00
1.000000e+00
1.000000e+00
1.000000e+00
1.000000e+00
1.000000e+00
1.000000e+00
1.000000e+00
1.000000e+00
1.000000e+00
1.000000e+00
1.000000e+00
1.000000e+00
9.999998e-01
9.999991e-01
9.999947e-01
9.999712e-01
9.998498e-01
9.992933e-01
9.972338e-01
9.917126e-01
9.814386e-01
9.672826e-01
9.510411e-01
9.339904e-01
9.167388e-01
8.994910e-01
8.823402e-01
8.653323e-01
8.484965e-01
8.318516e-01
8.154099e-01
7.991797e-01
7.831676e-01
7.673728e-01
7.518063e-01
7.364653e-01
7.213500e-01
7.064614e-01
6.917994e-01
6.773639e-01
6.631541e-01
6.491631e-01
6.354005e-01
6.218647e-01
6.085545e-01
5.954703e-01
5.826104e-01
5.699764e-01
5.575649e-01
5.453757e-01
5.334149e-01
5.216911e-01
5.102102e-01
4.989948e-01
4.880649e-01
4.774581e-01
4.672228e-01
4.574836e-01
4.484380e-01
4.404181e-01
4.338828e-01
4.293006e-01
4.267782e-01
4.258838e-01
4.257297e-01
4.258845e-01
4.260597e-01
4.261397e-01
4.261521e-01
4.261492e-01
4.261405e-01
4.261247e-01
4.261030e-01
4.260827e-01
4.260667e-01
4.260580e-01
4.260499e-01
4.260372e-01
4.260193e-01
4.259982e-01
4.259743e-01
4.259443e-01
4.259020e-01
4.258376e-01
4.257345e-01
4.255568e-01
4.252215e-01
4.245410e-01
4.231255e-01
4.202461e-01
4.147053e-01
4.048390e-01
3.888876e-01
3.659536e-01
3.372380e-01
3.075485e-01
2.833124e-01
2.691191e-01
2.645578e-01
2.641028e-01
2.641465e-01
2.643673e-01
2.648000e-01
2.652730e-01
2.655653e-01
2.656392e-01
2.656397e-01
2.656275e-01
2.655973e-01
2.655611e-01
2.655365e-01
2.655273e-01
2.655274e-01
2.655354e-01
2.655496e-01
2.655652e-01
2.655732e-01
2.655723e-01
2.655486e-01
2.654250e-01
2.648144e-01
2.617855e-01
2.462519e-01
1.901783e-01
1.343131e-01
1.251266e-01
1.250001e-01
1.250000e-01
1.250000e-01
1.250000e-01
1.250000e-01
1.250000e-01
1.250000e-01
1.250000e-01
1.250000e-01
1.250000e-01
1.250000e-01
1.250000e-01
1.250000e-01
1.250000e-01
1.250000e-01
1.250000e-01
1.250000e-01
1.250000e-01
1.250000e-01
1.250000e-01
1.250000e-01
1.250000e-01
1.250000e-01
1.250000e-01
1.250000e-01
1.250000e-01
1.250000e-01
1.250000e-01
1.250000e-01
1.250000e-01
1.250000e-01
1.250000e-01
1.250000e-01
1.250000e-01
1.250000e-01
1.250000e-01
1.250000e-01
1.250000e-01
1.250000e-01
1.250000e-01
1.250000e-01
1.250000e-01
1.250000e-01
1.250000e-01
1.250000e-01
1.250000e-01
1.250000e-01
1.250000e-01
1.250000e-01
1.250000e-01
1.250000e-01
1.250000e-01
1.250000e-01
1.250000e-01
1.250000e-01
1.250000e-01
1.250000e-01
1.250000e-01
1.250000e-01
1.250000e-01
1.250000e-01
1.250000e-01
1.250000e-01
1.250000e-01
1.250000e-01
1.250000e-01
1.250000e-01
1.250000e-01
1.250000e-01
1.250000e-01
1.250000e-01
1.250000e-01
1.250000e-01
1.250000e-01
1.250000e-01
1.250000e-01
1.250000e-01
1.250000e-01
1.250000e-01
1.250000e-01
1.250000e-01
1.250000e-01
1.250000e-01
1.250000e-01
1.250000e-01
1.250000e-01
1.250000e-01
1.250000e-01
1.250000e-01
1.250000e-01
1.250000e-01
1.250000e-01
1.250000e-01
1.250000e-01
1.250000e-01
1.250000e-01
1.250000e-01
1.250000e-01
1.250000e-01
1.250000e-01
1.250000e-01
1.250000e-01
1.250000e-01
1.250000e-01
1.250000e-01
1.250000e-01
1.250000e-01
1.250000e-01
1.250000e-01
1.250000e-01
1.250000e-01
1.250000e-01
1.250000e-01
1.250000e-01
1.250000e-01
1.250000e-01
1.250000e-01
1.250000e-01
1.250000e-01
1.250000e-01
1.250000e-01
1.250000e-01
1.250000e-01
1.250000e-01
1.250001e-01
1.250010e-01
1.250109e-01
1.251224e-01
1.263343e-01
1.373699e-01
1.877780e-01
2.461897e-01
2.614617e-01
2.649155e-01
2.654940e-01
2.655741e-01
2.655860e-01
2.655829e-01
2.655710e-01
2.655562e-01
2.655389e-01
2.655271e-01
2.655253e-01
2.655311e-01
2.655485e-01
2.655772e-01
2.655977e-01
2.656020e-01
2.655857e-01
2.654856e-01
2.652556e-01
2.650133e-01
2.649028e-01
2.648949e-01
2.651626e-01
2.669622e-01
2.732216e-01
2.871756e-01
3.094957e-01
3.372410e-01
3.649122e-01
3.877631e-01
4.041328e-01
4.143356e-01
4.200150e-01
4.229115e-01
4.243056e-01
4.249680e-01
4.252985e-01
4.254827e-01
4.255995e-01
4.256809e-01
4.257403e-01
4.257860e-01
4.258239e-01
4.258567e-01
4.258839e-01
4.259057e-01
4.259267e-01
4.259545e-01
4.259883e-01
4.260241e-01
4.260493e-01
4.260629e-01
4.260724e-01
4.260878e-01
4.260988e-01
4.260933e-01
4.259721e-01
4.257390e-01
4.256152e-01
4.260689e-01
