4.262181e-01
4.268795e-01
4.283501e-01
4.308451e-01
4.342966e-01
4.385175e-01
4.432829e-01
4.484174e-01
4.538015e-01
4.593624e-01
4.650564e-01
4.708561e-01
4.767463e-01
4.827199e-01
4.887729e-01
4.949013e-01
5.011021e-01
5.073761e-01
5.137223e-01
5.201374e-01
5.266210e-01
5.331726e-01
5.397919e-01
5.464786e-01
5.532334e-01
5.600552e-01
5.669425e-01
5.738968e-01
5.809190e-01
5.880094e-01
5.951681e-01
6.023951e-01
6.096905e-01
6.170546e-01
6.244877e-01
6.319897e-01
6.395619e-01
6.472033e-01
6.549141e-01
6.626948e-01
6.705442e-01
6.784624e-01
6.864504e-01
6.945081e-01
7.026354e-01
7.108323e-01
7.190987e-01
7.274344e-01
7.358391e-01
7.443125e-01
7.528541e-01
7.614634e-01
7.701397e-01
7.788824e-01
7.876911e-01
7.965629e-01
8.054974e-01
8.144925e-01
8.235460e-01
8.326552e-01
8.418170e-01
8.510275e-01
8.602819e-01
8.695743e-01
8.788976e-01
8.882427e-01
8.975984e-01
9.069503e-01
9.162819e-01
9.255682e-01
9.347789e-01
9.438731e-01
9.527957e-01
9.614721e-01
9.698040e-01
9.776603e-01
9.848608e-01
9.911370e-01
9.960349e-01
9.989426e-01
9.998895e-01
9.999974e-01
1.000000e+00
1.000000e+00
1.000000e+00
1.000000e+00
1.000000e+00
1.000000e+00
1.000000e+00
1.000000e+00
1.000000e+00
1.000000e+00
1.000000e+00
1.000000e+00
1.000000e+00
1.000000e+00
1.000000e+00
1.000000e+00
1.000000e+00
1.000000e+00
1.000000e+00
1.000000e+00
1.000000e+00
1.000000e+00
1.000000e+00
1.000000e+00
1.000000e+00
1.000000e+00
1.000000e+00
1.000000e+00
1.000000e+00
1.000000e+00
1.000000e+00
1.000000e+00
1.000000e+00
1.000000e+00
1.000000e+00
1.000000e+00
1.000000e+00
1.000000e+00
1.000000e+00
1.000000e+00
1.000000e+00
1.000000e+00
1.000000e+00
1.000000e+00
1.000000e+00
1.000000e+00
1.000000e+00
1.000000e+00
1.000000e+00
1.000000e+00
1.000000e+00
1.000000e+00
1.000000e+00
1.000000e+00
1.000000e+00
1.000000e+00
1.000000e+00
1.000000e+00
1.000000e+00
1.000000e+00
1.000000e+00
1.000000e+00
1.000000e+00
1.000000e+00
1.000000e+00
1.000000e+00
1.000000e+00
1.000000e+00
1.000000e+00
1.000000e+00
1.000000e+00
1.000000e+00
1.000000e+00
1.000000e+00
1.000000e+00
1.000000e+00
1.000000e+00
1.000000e+00
1.000000e+00
1.000000e+00
1.000000e+00
1.000000e+00
1.000000e+00
1.000000e+00
1.000000e+00
1.000000e+00
1.000000e+00
1.000000e+00
1.000000e+00
9.999999e-01
9.999996e-01
9.999977e-01
9.999881e-01
9.999400e-01
9.997214e-01
9.988877e-01
9.964861e-01
9.915823e-01
9.842619e-01
9.754276e-01
9.658985e-01
9.561201e-01
9.462782e-01
9.364308e-01
9.266024e-01
9.168087e-01
9.070593e-01
8.973636e-01
8.877248e-01
8.781466e-01
8.686321e-01
8.591836e-01
8.498030e-01
8.404917e-01
8.312507e-01
8.220808e-01
8.129827e-01
8.039568e-01
7.950034e-01
7.861230e-01
7.773146e-01
7.685802e-01
7.599190e-01
7.513308e-01
7.428153e-01
7.343725e-01
7.260021e-01
7.177042e-01
7.094783e-01
7.013244e-01
6.932422e-01
6.852314e-01
6.772917e-01
6.694231e-01
6.616241e-01
6.538948e-01
6.462358e-01
6.386468e-01
6.311274e-01
6.236785e-01
6.162988e-01
6.089881e-01
6.017462e-01
5.945728e-01
5.874677e-01
5.804308e-01
5.734619e-01
5.665611e-01
5.597271e-01
5.529586e-01
5.462572e-01
5.396239e-01
5.330584e-01
5.265611e-01
5.201324e-01
5.137733e-01
5.074847e-01
5.012704e-01
4.951320e-01
4.890702e-01
4.830888e-01
4.771931e-01
4.713902e-01
4.656873e-01
4.601018e-01
4.546610e-01
4.494051e-01
4.443963e-01
4.397308e-01
4.355463e-01
4.320159e-01
4.293087e-01
4.275083e-01
4.265347e-01
4.261554e-01
4.260667e-01
4.260795e-01
4.261355e-01
4.261896e-01
4.262155e-01
4.262188e-01
4.262164e-01
4.262081e-01
4.261999e-01
4.261955e-01
4.261930e-01
4.261966e-01
4.262026e-01
4.262088e-01
4.262137e-01
4.262172e-01
4.262196e-01
4.262215e-01
4.262231e-01
4.262245e-01
4.262258e-01
4.262269e-01
4.262277e-01
4.262280e-01
4.262278e-01
4.262270e-01
4.262255e-01
4.262234e-01
4.262206e-01
4.262172e-01
4.262132e-01
4.262086e-01
4.262034e-01
4.261975e-01
4.261905e-01
4.261823e-01
4.261729e-01
4.261622e-01
4.261499e-01
4.261356e-01
4.261190e-01
4.260995e-01
4.260763e-01
4.260482e-01
4.260126e-01
4.259634e-01
4.258884e-01
4.257628e-01
4.255384e-01
4.251240e-01
4.243552e-01
4.229508e-01
4.204622e-01
4.162305e-01
4.093855e-01
3.989421e-01
3.840964e-01
3.646432e-01
3.413959e-01
3.168363e-01
2.945963e-01
2.777810e-01
2.682916e-01
2.651506e-01
2.647706e-01
2.647758e-01
2.648383e-01
2.649924e-01
2.652178e-01
2.654324e-01
2.655588e-01
2.655888e-01
2.655893e-01
2.655868e-01
2.655805e-01
2.655747e-01
2.655736e-01
2.655743e-01
2.655769e-01
2.655815e-01
2.655853e-01
2.655863e-01
2.655859e-01
2.655841e-01
2.655804e-01
2.655753e-01
2.655699e-01
2.655656e-01
2.655640e-01
2.655639e-01
2.655642e-01
2.655652e-01
2.655665e-01
2.655678e-01
2.655687e-01
2.655690e-01
2.655689e-01
2.655684e-01
2.655675e-01
2.655663e-01
2.655654e-01
2.655652e-01
2.655652e-01
2.655648e-01
2.655647e-01
2.655586e-01
2.655410e-01
2.654401e-01
2.649523e-01
2.625059e-01
2.499853e-01
1.997890e-01
1.384612e-01
1.252617e-01
1.250003e-01
1.250000e-01
1.250000e-01
1.250000e-01
1.250000e-01
1.250000e-01
1.250000e-01
1.250000e-01
1.250000e-01
1.250000e-01
1.250000e-01
1.250000e-01
1.250000e-01
1.250000e-01
1.250000e-01
1.250000e-01
1.250000e-01
1.250000e-01
1.250000e-01
1.250000e-01
1.250000e-01
1.250000e-01
1.250001e-01
1.250013e-01
1.250150e-01
1.251683e-01
1.268169e-01
1.410784e-01
1.972651e-01
2.500472e-01
2.622360e-01
2.650595e-01
2.654967e-01
2.655536e-01
2.655607e-01
2.655632e-01
2.655643e-01
2.655655e-01
2.655672e-01
2.655692e-01
2.655709e-01
2.655720e-01
2.655723e-01
2.655723e-01
2.655719e-01
2.655709e-01
2.655695e-01
2.655678e-01
2.655662e-01
2.655653e-01
2.655652e-01
2.655657e-01
2.655671e-01
2.655709e-01
2.655775e-01
2.655853e-01
2.655913e-01
2.655946e-01
2.655957e-01
2.655957e-01
2.655933e-01
2.655862e-01
2.655782e-01
2.655722e-01
2.655684e-01
2.655660e-01
2.655634e-01
2.655577e-01
2.655398e-01
2.654943e-01
2.654281e-01
2.653772e-01
2.653590e-01
2.653609e-01
2.654534e-01
2.660150e-01
2.680074e-01
2.729875e-01
2.826313e-01
2.977526e-01
3.176503e-01
3.403161e-01
3.626477e-01
3.820921e-01
3.974557e-01
4.084669e-01
4.157090e-01
4.201542e-01
4.227286e-01
4.241545e-01
4.249224e-01
4.253334e-01
4.255585e-01
4.256894e-01
4.257726e-01
4.258313e-01
4.258764e-01
4.259133e-01
4.259446e-01
4.259717e-01
4.259954e-01
4.260161e-01
4.260345e-01
4.260508e-01
4.260653e-01
4.260780e-01
4.260889e-01
4.260981e-01
4.261062e-01
4.261134e-01
4.261199e-01
4.261258e-01
4.261308e-01
4.261349e-01
4.261379e-01
4.261399e-01
4.261410e-01
4.261414e-01
4.261415e-01
4.261416e-01
4.261420e-01
4.261426e-01
4.261433e-01
4.261437e-01
4.261438e-01
4.261433e-01
4.261420e-01
4.261409e-01
4.261439e-01
4.261487e-01
4.261578e-01
4.261712e-01
4.261865e-01
4.261993e-01
4.262068e-01
4.262087e-01
4.262053e-01
4.261728e-01
4.261036e-01
4.260469e-01
4.260580e-01
