4.293470e-01
4.356346e-01
4.446106e-01
4.554305e-01
4.673770e-01
4.800513e-01
4.932332e-01
5.068618e-01
5.208847e-01
5.352628e-01
5.499814e-01
5.650391e-01
5.804057e-01
5.961035e-01
6.121226e-01
6.284610e-01
6.451208e-01
6.620981e-01
6.793769e-01
6.969590e-01
7.148393e-01
7.330096e-01
7.514583e-01
7.701699e-01
7.891318e-01
8.083043e-01
8.276589e-01
8.471439e-01
8.666911e-01
8.862052e-01
9.055526e-01
9.245403e-01
9.428639e-01
9.600881e-01
9.755689e-01
9.882278e-01
9.964238e-01
9.995381e-01
9.999852e-01
9.999999e-01
1.000000e+00
1.000000e+00
1.000000e+00
1.000000e+00
1.000000e+00
1.000000e+00
1.000000e+00
1.000000e+00
1.000000e+00
1.000000e+00
1.000000e+00
1.000000e+00
1.000000e+00
1.000000e+00
1.000000e+00
1.000000e+00
1.000000e+00
1.000000e+00
1.000000e+00
1.000000e+00
1.000000e+00
1.000000e+00
1.000000e+00
1.000000e+00
1.000000e+00
1.000000e+00
1.000000e+00
1.000000e+00
1.000000e+00
1.000000e+00
1.000000e+00
1.000000e+00
1.000000e+00
1.000000e+00
1.000000e+00
1.000000e+00
1.000000e+00
1.000000e+00
1.000000e+00
1.000000e+00
1.000000e+00
1.000000e+00
1.000000e+00
1.000000e+00
1.000000e+00
1.000000e+00
1.000000e+00
1.000000e+00
1.000000e+00
1.000000e+00
1.000000e+00
1.000000e+00
1.000000e+00
1.000000e+00
1.000000e+00
1.000000e+00
1.000000e+00
1.000000e+00
1.000000e+00
1.000000e+00
1.000000e+00
1.000000e+00
1.000000e+00
1.000000e+00
1.000000e+00
1.000000e+00
1.000000e+00
1.000000e+00
1.000000e+00
1.000000e+00
1.000000e+00
1.000000e+00
1.000000e+00
1.000000e+00
1.000000e+00
1.000000e+00
1.000000e+00
1.000000e+00
1.000000e+00
1.000000e+00
1.000000e+00
1.000000e+00
1.000000e+00
1.000000e+00
1.000000e+00
1.000000e+00
1.000000e+00
1.000000e+00
1.000000e+00
1.000000e+00
1.000000e+00
1.000000e+00
1.000000e+00
1.000000e+00
1.000000e+00
1.000000e+00
1.000000e+00
1.000000e+00
1.000000e+00
1.000000e+00
1.000000e+00
1.000000e+00
1.000000e+00
1.000000e+00
1.000000e+00
1.000000e+00
1.000000e+00
1.000000e+00
1.000000e+00
1.000000e+00
1.000000e+00
1.000000e+00
1.000000e+00
1.000000e+00
1.000000e+00
1.000000e+00
1.000000e+00
1.000000e+00
1.000000e+00
1.000000e+00
1.000000e+00
1.000000e+00
1.000000e+00
1.000000e+00
1.000000e+00
1.000000e+00
1.000000e+00
1.000000e+00
1.000000e+00
1.000000e+00
1.000000e+00
1.000000e+00
1.000000e+00
1.000000e+00
1.000000e+00
1.000000e+00
1.000000e+00
1.000000e+00
1.000000e+00
1.000000e+00
1.000000e+00
1.000000e+00
1.000000e+00
1.000000e+00
1.000000e+00
1.000000e+00
1.000000e+00
1.000000e+00
1.000000e+00
1.000000e+00
1.000000e+00
1.000000e+00
1.000000e+00
1.000000e+00
1.000000e+00
1.000000e+00
1.000000e+00
1.000000e+00
1.000000e+00
1.000000e+00
1.000000e+00
1.000000e+00
1.000000e+00
1.000000e+00
1.000000e+00
1.000000e+00
1.000000e+00
1.000000e+00
1.000000e+00
1.000000e+00
1.000000e+00
1.000000e+00
1.000000e+00
9.999999e-01
9.999995e-01
9.999969e-01
9.999824e-01
9.999040e-01
9.995168e-01
9.979161e-01
9.929858e-01
9.825214e-01
9.667439e-01
9.478020e-01
9.275656e-01
9.069993e-01
8.864466e-01
8.660385e-01
8.458454e-01
8.259091e-01
8.062548e-01
7.869000e-01
7.678474e-01
7.491167e-01
7.307055e-01
7.126159e-01
6.948501e-01
6.774090e-01
6.602900e-01
6.434886e-01
6.270158e-01
6.108734e-01
5.950574e-01
5.795685e-01
5.644133e-01
5.495729e-01
5.350753e-01
5.209250e-01
5.071419e-01
4.937728e-01
4.808750e-01
4.685315e-01
4.569414e-01
4.464515e-01
4.376131e-01
4.310998e-01
4.272827e-01
4.258330e-01
4.255503e-01
4.257638e-01
4.259995e-01
4.260915e-01
4.260999e-01
4.260951e-01
4.260816e-01
4.260568e-01
4.260196e-01
4.259775e-01
4.259416e-01
4.259148e-01
4.258854e-01
4.258373e-01
4.257571e-01
4.256293e-01
4.254151e-01
4.250049e-01
4.241309e-01
4.222166e-01
4.181828e-01
4.103188e-01
3.964679e-01
3.749306e-01
3.460148e-01
3.140712e-01
2.867143e-01
2.699979e-01
2.644100e-01
2.638322e-01
2.638925e-01
2.641834e-01
2.647247e-01
2.652744e-01
2.655730e-01
2.656283e-01
2.656256e-01
2.656109e-01
2.655842e-01
2.655590e-01
2.655474e-01
2.655494e-01
2.655503e-01
2.655478e-01
2.654739e-01
2.650635e-01
2.629817e-01
2.524095e-01
2.071471e-01
1.425199e-01
1.254484e-01
1.250006e-01
1.250000e-01
1.250000e-01
1.250000e-01
1.250000e-01
1.250000e-01
1.250000e-01
1.250000e-01
1.250000e-01
1.250000e-01
1.250000e-01
1.250000e-01
1.250000e-01
1.250000e-01
1.250000e-01
1.250000e-01
1.250000e-01
1.250000e-01
1.250000e-01
1.250000e-01
1.250000e-01
1.250000e-01
1.250000e-01
1.250000e-01
1.250000e-01
1.250000e-01
1.250000e-01
1.250000e-01
1.250000e-01
1.250000e-01
1.250000e-01
1.250000e-01
1.250000e-01
1.250000e-01
1.250000e-01
1.250000e-01
1.250000e-01
1.250000e-01
1.250000e-01
1.250000e-01
1.250000e-01
1.250000e-01
1.250000e-01
1.250000e-01
1.250000e-01
1.250000e-01
1.250000e-01
1.250000e-01
1.250000e-01
1.250000e-01
1.250000e-01
1.250000e-01
1.250000e-01
1.250000e-01
1.250000e-01
1.250000e-01
1.250000e-01
1.250000e-01
1.250000e-01
1.250000e-01
1.250000e-01
1.250000e-01
1.250000e-01
1.250000e-01
1.250000e-01
1.250000e-01
1.250000e-01
1.250000e-01
1.250000e-01
1.250000e-01
1.250000e-01
1.250000e-01
1.250000e-01
1.250000e-01
1.250000e-01
1.250000e-01
1.250000e-01
1.250000e-01
1.250000e-01
1.250000e-01
1.250000e-01
1.250000e-01
1.250000e-01
1.250000e-01
1.250000e-01
1.250000e-01
1.250000e-01
1.250000e-01
1.250000e-01
1.250000e-01
1.250000e-01
1.250000e-01
1.250000e-01
1.250000e-01
1.250000e-01
1.250000e-01
1.250000e-01
1.250000e-01
1.250000e-01
1.250000e-01
1.250000e-01
1.250000e-01
1.250000e-01
1.250000e-01
1.250000e-01
1.250000e-01
1.250000e-01
1.250000e-01
1.250000e-01
1.250000e-01
1.250000e-01
1.250000e-01
1.250000e-01
1.250000e-01
1.250000e-01
1.250000e-01
1.250000e-01
1.250000e-01
1.250000e-01
1.250000e-01
1.250000e-01
1.250000e-01
1.250000e-01
1.250000e-01
1.250000e-01
1.250000e-01
1.250000e-01
1.250000e-01
1.250000e-01
1.250000e-01
1.250000e-01
1.250000e-01
1.250000e-01
1.250000e-01
1.250000e-01
1.250000e-01
1.250000e-01
1.250000e-01
1.250000e-01
1.250000e-01
1.250000e-01
1.250000e-01
1.250000e-01
1.250000e-01
1.250000e-01
1.250000e-01
1.250002e-01
1.250017e-01
1.250194e-01
1.252165e-01
1.273156e-01
1.446177e-01
2.047067e-01
2.524813e-01
2.627957e-01
2.652074e-01
2.655520e-01
2.655751e-01
2.655556e-01
2.655327e-01
2.655181e-01
2.655149e-01
2.655430e-01
2.655786e-01
2.655937e-01
2.655954e-01
2.655307e-01
2.652532e-01
2.648961e-01
2.646924e-01
2.646524e-01
2.648570e-01
2.667524e-01
2.739674e-01
2.902463e-01
3.156850e-01
3.459352e-01
3.740775e-01
3.956959e-01
4.098895e-01
4.179297e-01
4.219925e-01
4.238846e-01
4.247399e-01
4.251467e-01
4.253698e-01
4.255139e-01
4.256137e-01
4.256830e-01
4.257373e-01
4.257931e-01
4.258527e-01
4.259088e-01
4.259463e-01
4.259667e-01
4.259797e-01
4.260120e-01
4.260404e-01
4.260381e-01
4.258636e-01
4.255366e-01
4.253977e-01
4.262383e-01
