4.301276e-01
4.374616e-01
4.476726e-01
4.597777e-01
4.730261e-01
4.870151e-01
5.015897e-01
5.166511e-01
5.321526e-01
5.480607e-01
5.643705e-01
5.810446e-01
5.981059e-01
6.155455e-01
6.333581e-01
6.515414e-01
6.700950e-01
6.889898e-01
7.082362e-01
7.278196e-01
7.477257e-01
7.679345e-01
7.884288e-01
8.091571e-01
8.300802e-01
8.511274e-01
8.722037e-01
8.931739e-01
9.138487e-01
9.339252e-01
9.529534e-01
9.702741e-01
9.848164e-01
9.948432e-01
9.991887e-01
9.999648e-01
9.999998e-01
1.000000e+00
1.000000e+00
1.000000e+00
1.000000e+00
1.000000e+00
1.000000e+00
1.000000e+00
1.000000e+00
1.000000e+00
1.000000e+00
1.000000e+00
1.000000e+00
1.000000e+00
1.000000e+00
1.000000e+00
1.000000e+00
1.000000e+00
1.000000e+00
1.000000e+00
1.000000e+00
1.000000e+00
1.000000e+00
1.000000e+00
1.000000e+00
1.000000e+00
1.000000e+00
1.000000e+00
1.000000e+00
1.000000e+00
1.000000e+00
1.000000e+00
1.000000e+00
1.000000e+00
1.000000e+00
1.000000e+00
1.000000e+00
1.000000e+00
1.000000e+00
1.000000e+00
1.000000e+00
1.000000e+00
1.000000e+00
1.000000e+00
1.000000e+00
1.000000e+00
1.000000e+00
1.000000e+00
1.000000e+00
1.000000e+00
1.000000e+00
1.000000e+00
1.000000e+00
1.000000e+00
1.000000e+00
1.000000e+00
1.000000e+00
1.000000e+00
1.000000e+00
1.000000e+00
1.000000e+00
1.000000e+00
1.000000e+00
1.000000e+00
1.000000e+00
1.000000e+00
1.000000e+00
1.000000e+00
1.000000e+00
1.000000e+00
1.000000e+00
1.000000e+00
1.000000e+00
1.000000e+00
1.000000e+00
1.000000e+00
1.000000e+00
1.000000e+00
1.000000e+00
1.000000e+00
1.000000e+00
1.000000e+00
1.000000e+00
1.000000e+00
1.000000e+00
1.000000e+00
1.000000e+00
1.000000e+00
1.000000e+00
1.000000e+00
1.000000e+00
1.000000e+00
1.000000e+00
1.000000e+00
1.000000e+00
1.000000e+00
1.000000e+00
1.000000e+00
1.000000e+00
1.000000e+00
1.000000e+00
1.000000e+00
1.000000e+00
1.000000e+00
1.000000e+00
1.000000e+00
1.000000e+00
1.000000e+00
1.000000e+00
1.000000e+00
1.000000e+00
1.000000e+00
1.000000e+00
1.000000e+00
1.000000e+00
1.000000e+00
1.000000e+00
1.000000e+00
1.000000e+00
1.000000e+00
1.000000e+00
1.000000e+00
1.000000e+00
1.000000e+00
1.000000e+00
1.000000e+00
1.000000e+00
1.000000e+00
1.000000e+00
1.000000e+00
1.000000e+00
1.000000e+00
1.000000e+00
1.000000e+00
1.000000e+00
1.000000e+00
1.000000e+00
1.000000e+00
1.000000e+00
1.000000e+00
1.000000e+00
1.000000e+00
1.000000e+00
1.000000e+00
1.000000e+00
1.000000e+00
1.000000e+00
1.000000e+00
1.000000e+00
1.000000e+00
1.000000e+00
1.000000e+00
1.000000e+00
1.000000e+00
1.000000e+00
1.000000e+00
1.000000e+00
1.000000e+00
1.000000e+00
1.000000e+00
1.000000e+00
1.000000e+00
1.000000e+00
1.000000e+00
1.000000e+00
1.000000e+00
1.000000e+00
1.000000e+00
1.000000e+00
1.000000e+00
1.000000e+00
1.000000e+00
1.000000e+00
1.000000e+00
1.000000e+00
1.000000e+00
1.000000e+00
1.000000e+00
1.000000e+00
1.000000e+00
9.999999e-01
9.999992e-01
9.999952e-01
9.999725e-01
9.998503e-01
9.992591e-01
9.969317e-01
9.902994e-01
9.773893e-01
9.591957e-01
9.381919e-01
9.161814e-01
8.939867e-01
8.718872e-01
8.499964e-01
8.283835e-01
8.070879e-01
7.861350e-01
7.655302e-01
7.452989e-01
7.254387e-01
7.059530e-01
6.868446e-01
6.681169e-01
6.497539e-01
6.317777e-01
6.141861e-01
5.969773e-01
5.801546e-01
5.637241e-01
5.476655e-01
5.320134e-01
5.167791e-01
5.020002e-01
4.877363e-01
4.740978e-01
4.612361e-01
4.495175e-01
4.395308e-01
4.320479e-01
4.275689e-01
4.257990e-01
4.254528e-01
4.257016e-01
4.259823e-01
4.260731e-01
4.260711e-01
4.260516e-01
4.260273e-01
4.260007e-01
4.259665e-01
4.259224e-01
4.258711e-01
4.258101e-01
4.257251e-01
4.255976e-01
4.253893e-01
4.249923e-01
4.241302e-01
4.221874e-01
4.179875e-01
4.096546e-01
3.948539e-01
3.718697e-01
3.414131e-01
3.088735e-01
2.824465e-01
2.679168e-01
2.639534e-01
2.636958e-01
2.638100e-01
2.642165e-01
2.648476e-01
2.653727e-01
2.656034e-01
2.656501e-01
2.656528e-01
2.656382e-01
2.656057e-01
2.655697e-01
2.655393e-01
2.655114e-01
2.654188e-01
2.649862e-01
2.627944e-01
2.515976e-01
2.046481e-01
1.410545e-01
1.253747e-01
1.250005e-01
1.250000e-01
1.250000e-01
1.250000e-01
1.250000e-01
1.250000e-01
1.250000e-01
1.250000e-01
1.250000e-01
1.250000e-01
1.250000e-01
1.250000e-01
1.250000e-01
1.250000e-01
1.250000e-01
1.250000e-01
1.250000e-01
1.250000e-01
1.250000e-01
1.250000e-01
1.250000e-01
1.250000e-01
1.250000e-01
1.250000e-01
1.250000e-01
1.250000e-01
1.250000e-01
1.250000e-01
1.250000e-01
1.250000e-01
1.250000e-01
1.250000e-01
1.250000e-01
1.250000e-01
1.250000e-01
1.250000e-01
1.250000e-01
1.250000e-01
1.250000e-01
1.250000e-01
1.250000e-01
1.250000e-01
1.250000e-01
1.250000e-01
1.250000e-01
1.250000e-01
1.250000e-01
1.250000e-01
1.250000e-01
1.250000e-01
1.250000e-01
1.250000e-01
1.250000e-01
1.250000e-01
1.250000e-01
1.250000e-01
1.250000e-01
1.250000e-01
1.250000e-01
1.250000e-01
1.250000e-01
1.250000e-01
1.250000e-01
1.250000e-01
1.250000e-01
1.250000e-01
1.250000e-01
1.250000e-01
1.250000e-01
1.250000e-01
1.250000e-01
1.250000e-01
1.250000e-01
1.250000e-01
1.250000e-01
1.250000e-01
1.250000e-01
1.250000e-01
1.250000e-01
1.250000e-01
1.250000e-01
1.250000e-01
1.250000e-01
1.250000e-01
1.250000e-01
1.250000e-01
1.250000e-01
1.250000e-01
1.250000e-01
1.250000e-01
1.250000e-01
1.250000e-01
1.250000e-01
1.250000e-01
1.250000e-01
1.250000e-01
1.250000e-01
1.250000e-01
1.250000e-01
1.250000e-01
1.250000e-01
1.250000e-01
1.250000e-01
1.250000e-01
1.250000e-01
1.250000e-01
1.250000e-01
1.250000e-01
1.250000e-01
1.250000e-01
1.250000e-01
1.250000e-01
1.250000e-01
1.250000e-01
1.250000e-01
1.250000e-01
1.250000e-01
1.250000e-01
1.250000e-01
1.250000e-01
1.250000e-01
1.250000e-01
1.250000e-01
1.250000e-01
1.250000e-01
1.250000e-01
1.250000e-01
1.250000e-01
1.250000e-01
1.250000e-01
1.250000e-01
1.250000e-01
1.250000e-01
1.250000e-01
1.250000e-01
1.250000e-01
1.250000e-01
1.250000e-01
1.250000e-01
1.250000e-01
1.250000e-01
1.250000e-01
1.250000e-01
1.250000e-01
1.250000e-01
1.250000e-01
1.250000e-01
1.250000e-01
1.250000e-01
1.250000e-01
1.250000e-01
1.250000e-01
1.250000e-01
1.250000e-01
1.250001e-01
1.250016e-01
1.250178e-01
1.251991e-01
1.271358e-01
1.433668e-01
2.021994e-01
2.516700e-01
2.625684e-01
2.651049e-01
2.654767e-01
2.655181e-01
2.655274e-01
2.655476e-01
2.655824e-01
2.656115e-01
2.656196e-01
2.656081e-01
2.655381e-01
2.653121e-01
2.649189e-01
2.646133e-01
2.645264e-01
2.646177e-01
2.658674e-01
2.715059e-01
2.861752e-01
3.109091e-01
3.416696e-01
3.712027e-01
3.941444e-01
4.092494e-01
4.177402e-01
4.219571e-01
4.238740e-01
4.247213e-01
4.251223e-01
4.253436e-01
4.254880e-01
4.255964e-01
4.256880e-01
4.257685e-01
4.258342e-01
4.258774e-01
4.259034e-01
4.259238e-01
4.259704e-01
4.260106e-01
4.260101e-01
4.258062e-01
4.254295e-01
4.252862e-01
4.263568e-01
