4.261744e-01
4.266248e-01
4.276983e-01
4.296545e-01
4.324909e-01
4.360872e-01
4.402474e-01
4.447999e-01
4.496191e-01
4.546237e-01
4.597636e-01
4.650090e-01
4.703405e-01
4.757473e-01
4.812227e-01
4.867648e-01
4.923702e-01
4.980373e-01
5.037648e-01
5.095525e-01
5.154005e-01
5.213057e-01
5.272684e-01
5.332881e-01
5.393646e-01
5.454981e-01
5.516888e-01
5.579352e-01
5.642393e-01
5.705973e-01
5.770134e-01
5.834866e-01
5.900175e-01
5.966059e-01
6.032521e-01
6.099562e-01
6.167184e-01
6.235387e-01
6.304174e-01
6.373554e-01
6.443522e-01
6.514076e-01
6.585215e-01
6.656956e-01
6.729266e-01
6.802170e-01
6.875665e-01
6.949751e-01
7.024430e-01
7.099701e-01
7.175563e-01
7.252015e-01
7.329056e-01
7.406685e-01
7.484898e-01
7.563692e-01
7.643063e-01
7.723006e-01
7.803520e-01
7.884595e-01
7.966216e-01
8.048378e-01
8.131067e-01
8.214267e-01
8.297960e-01
8.382124e-01
8.466733e-01
8.551756e-01
8.637154e-01
8.722881e-01
8.808879e-01
8.895080e-01
8.981394e-01
9.067714e-01
9.153913e-01
9.239810e-01
9.325178e-01
9.409724e-01
9.493059e-01
9.574660e-01
9.653832e-01
9.729665e-01
9.800949e-01
9.866028e-01
9.922432e-01
9.965987e-01
9.991259e-01
9.999141e-01
9.999981e-01
1.000000e+00
1.000000e+00
1.000000e+00
1.000000e+00
1.000000e+00
1.000000e+00
1.000000e+00
1.000000e+00
1.000000e+00
1.000000e+00
1.000000e+00
1.000000e+00
1.000000e+00
1.000000e+00
1.000000e+00
1.000000e+00
1.000000e+00
1.000000e+00
1.000000e+00
1.000000e+00
1.000000e+00
1.000000e+00
1.000000e+00
1.000000e+00
1.000000e+00
1.000000e+00
1.000000e+00
1.000000e+00
1.000000e+00
1.000000e+00
1.000000e+00
1.000000e+00
1.000000e+00
1.000000e+00
1.000000e+00
1.000000e+00
1.000000e+00
1.000000e+00
1.000000e+00
1.000000e+00
1.000000e+00
1.000000e+00
1.000000e+00
1.000000e+00
1.000000e+00
1.000000e+00
1.000000e+00
1.000000e+00
1.000000e+00
1.000000e+00
1.000000e+00
1.000000e+00
1.000000e+00
1.000000e+00
1.000000e+00
1.000000e+00
1.000000e+00
1.000000e+00
1.000000e+00
1.000000e+00
1.000000e+00
1.000000e+00
1.000000e+00
1.000000e+00
1.000000e+00
1.000000e+00
1.000000e+00
1.000000e+00
1.000000e+00
1.000000e+00
1.000000e+00
1.000000e+00
1.000000e+00
1.000000e+00
1.000000e+00
9.999999e-01
9.999997e-01
9.999984e-01
9.999916e-01
9.999574e-01
9.997994e-01
9.991759e-01
9.972833e-01
9.931846e-01
9.867660e-01
9.787924e-01
9.700719e-01
9.610715e-01
9.519946e-01
9.429066e-01
9.338303e-01
9.247798e-01
9.157644e-01
9.067903e-01
8.978640e-01
8.889875e-01
8.801635e-01
8.713943e-01
8.626816e-01
8.540269e-01
8.454312e-01
8.368953e-01
8.284200e-01
8.200056e-01
8.116527e-01
8.033613e-01
7.951318e-01
7.869644e-01
7.788585e-01
7.708151e-01
7.628343e-01
7.549154e-01
7.470583e-01
7.392630e-01
7.315293e-01
7.238571e-01
7.162462e-01
7.086964e-01
7.012075e-01
6.937794e-01
6.864119e-01
6.791046e-01
6.718574e-01
6.646702e-01
6.575407e-01
6.504715e-01
6.434615e-01
6.365103e-01
6.296182e-01
6.227855e-01
6.160114e-01
6.092954e-01
6.026375e-01
5.960375e-01
5.894952e-01
5.830104e-01
5.765830e-01
5.702130e-01
5.639007e-01
5.576425e-01
5.514416e-01
5.452968e-01
5.392091e-01
5.331785e-01
5.272052e-01
5.212894e-01
5.154318e-01
5.096326e-01
5.038951e-01
4.982197e-01
4.926073e-01
4.870600e-01
4.815808e-01
4.761734e-01
4.708425e-01
4.655949e-01
4.604431e-01
4.554068e-01
4.505146e-01
4.458104e-01
4.413613e-01
4.372669e-01
4.336613e-01
4.306989e-01
4.285065e-01
4.271148e-01
4.264031e-01
4.261435e-01
4.260888e-01
4.261104e-01
4.261603e-01
4.262020e-01
4.262202e-01
4.262214e-01
4.262177e-01
4.262105e-01
4.262048e-01
4.262024e-01
4.262023e-01
4.262065e-01
4.262128e-01
4.262187e-01
4.262234e-01
4.262271e-01
4.262299e-01
4.262323e-01
4.262344e-01
4.262364e-01
4.262382e-01
4.262398e-01
4.262413e-01
4.262425e-01
4.262431e-01
4.262432e-01
4.262426e-01
4.262415e-01
4.262399e-01
4.262379e-01
4.262356e-01
4.262331e-01
4.262302e-01
4.262267e-01
4.262227e-01
4.262180e-01
4.262126e-01
4.262065e-01
4.261997e-01
4.261921e-01
4.261837e-01
4.261744e-01
4.261639e-01
4.261522e-01
4.261387e-01
4.261231e-01
4.261047e-01
4.260828e-01
4.260560e-01
4.260218e-01
4.259744e-01
4.259025e-01
4.257830e-01
4.255722e-01
4.251886e-01
4.244869e-01
4.232215e-01
4.210030e-01
4.172593e-01
4.112259e-01
4.020084e-01
3.887932e-01
3.712176e-01
3.496919e-01
3.259192e-01
3.030634e-01
2.842282e-01
2.717499e-01
2.661388e-01
2.649039e-01
2.648395e-01
2.648615e-01
2.649496e-01
2.651177e-01
2.653246e-01
2.654930e-01
2.655723e-01
2.655868e-01
2.655868e-01
2.655847e-01
2.655806e-01
2.655776e-01
2.655772e-01
2.655779e-01
2.655802e-01
2.655832e-01
2.655847e-01
2.655847e-01
2.655839e-01
2.655819e-01
2.655785e-01
2.655740e-01
2.655701e-01
2.655676e-01
2.655667e-01
2.655666e-01
2.655667e-01
2.655671e-01
2.655676e-01
2.655683e-01
2.655690e-01
2.655696e-01
2.655702e-01
2.655706e-01
2.655710e-01
2.655712e-01
2.655711e-01
2.655709e-01
2.655702e-01
2.655691e-01
2.655677e-01
2.655658e-01
2.655643e-01
2.655624e-01
2.655622e-01
2.655560e-01
2.655413e-01
2.654540e-01
2.650347e-01
2.629271e-01
2.521654e-01
2.063183e-01
1.420056e-01
1.254212e-01
1.250006e-01
1.250000e-01
1.250001e-01
1.250016e-01
1.250188e-01
1.252100e-01
1.272495e-01
1.441705e-01
2.038628e-01
2.522403e-01
2.627117e-01
2.651441e-01
2.655076e-01
2.655549e-01
2.655606e-01
2.655627e-01
2.655645e-01
2.655667e-01
2.655685e-01
2.655697e-01
2.655708e-01
2.655717e-01
2.655721e-01
2.655721e-01
2.655720e-01
2.655723e-01
2.655730e-01
2.655741e-01
2.655747e-01
2.655747e-01
2.655741e-01
2.655726e-01
2.655703e-01
2.655681e-01
2.655667e-01
2.655662e-01
2.655663e-01
2.655682e-01
2.655737e-01
2.655815e-01
2.655888e-01
2.655937e-01
2.655958e-01
2.655962e-01
2.655952e-01
2.655906e-01
2.655834e-01
2.655766e-01
2.655720e-01
2.655689e-01
2.655661e-01
2.655611e-01
2.655470e-01
2.655133e-01
2.654616e-01
2.654159e-01
2.653952e-01
2.653928e-01
2.654295e-01
2.657182e-01
2.668787e-01
2.700865e-01
2.769016e-01
2.885893e-01
3.052823e-01
3.258654e-01
3.480631e-01
3.690110e-01
3.867986e-01
4.005950e-01
4.103592e-01
4.167610e-01
4.207008e-01
4.229997e-01
4.242876e-01
4.249909e-01
4.253727e-01
4.255845e-01
4.257084e-01
4.257872e-01
4.258426e-01
4.258852e-01
4.259202e-01
4.259501e-01
4.259762e-01
4.259991e-01
4.260193e-01
4.260372e-01
4.260531e-01
4.260674e-01
4.260803e-01
4.260920e-01
4.261028e-01
4.261126e-01
4.261215e-01
4.261295e-01
4.261364e-01
4.261422e-01
4.261470e-01
4.261512e-01
4.261549e-01
4.261584e-01
4.261613e-01
4.261637e-01
4.261653e-01
4.261661e-01
4.261660e-01
4.261651e-01
4.261639e-01
4.261628e-01
4.261619e-01
4.261613e-01
4.261611e-01
4.261608e-01
4.261603e-01
4.261591e-01
4.261571e-01
4.261555e-01
4.261564e-01
4.261601e-01
4.261669e-01
4.261779e-01
4.261921e-01
4.262056e-01
4.262142e-01
4.262160e-01
4.262145e-01
4.261909e-01
4.261364e-01
4.260871e-01
4.260790e-01
