4.261694e-01
4.265161e-01
4.274379e-01
4.291406e-01
4.316912e-01
4.349888e-01
4.388581e-01
4.431325e-01
4.476834e-01
4.524253e-01
4.573052e-01
4.622910e-01
4.673631e-01
4.725081e-01
4.777163e-01
4.829884e-01
4.883191e-01
4.937072e-01
4.991511e-01
5.046504e-01
5.102047e-01
5.158137e-01
5.214752e-01
5.271893e-01
5.329556e-01
5.387741e-01
5.446450e-01
5.505678e-01
5.565425e-01
5.625701e-01
5.686469e-01
5.747769e-01
5.809594e-01
5.871946e-01
5.934828e-01
5.998240e-01
6.062184e-01
6.126660e-01
6.191669e-01
6.257216e-01
6.323299e-01
6.389929e-01
6.457099e-01
6.524808e-01
6.593056e-01
6.661858e-01
6.731183e-01
6.801056e-01
6.871473e-01
6.942436e-01
7.013944e-01
7.085998e-01
7.158597e-01
7.231741e-01
7.305429e-01
7.379659e-01
7.454430e-01
7.529740e-01
7.605585e-01
7.681960e-01
7.758862e-01
7.836296e-01
7.914238e-01
7.992689e-01
8.071637e-01
8.151071e-01
8.230979e-01
8.311342e-01
8.392144e-01
8.473360e-01
8.554964e-01
8.636923e-01
8.719196e-01
8.801735e-01
8.884482e-01
8.967362e-01
9.050284e-01
9.133141e-01
9.215793e-01
9.298046e-01
9.379670e-01
9.460354e-01
9.539685e-01
9.617115e-01
9.691926e-01
9.763172e-01
9.829594e-01
9.889448e-01
9.940026e-01
9.976778e-01
9.995274e-01
9.999685e-01
9.999996e-01
1.000000e+00
1.000000e+00
1.000000e+00
1.000000e+00
1.000000e+00
1.000000e+00
1.000000e+00
1.000000e+00
1.000000e+00
1.000000e+00
1.000000e+00
1.000000e+00
1.000000e+00
1.000000e+00
1.000000e+00
1.000000e+00
1.000000e+00
1.000000e+00
1.000000e+00
1.000000e+00
1.000000e+00
1.000000e+00
1.000000e+00
1.000000e+00
1.000000e+00
1.000000e+00
1.000000e+00
1.000000e+00
1.000000e+00
1.000000e+00
1.000000e+00
1.000000e+00
1.000000e+00
1.000000e+00
1.000000e+00
1.000000e+00
1.000000e+00
1.000000e+00
1.000000e+00
1.000000e+00
1.000000e+00
1.000000e+00
1.000000e+00
1.000000e+00
1.000000e+00
1.000000e+00
1.000000e+00
1.000000e+00
1.000000e+00
1.000000e+00
1.000000e+00
1.000000e+00
1.000000e+00
1.000000e+00
1.000000e+00
1.000000e+00
1.000000e+00
1.000000e+00
1.000000e+00
1.000000e+00
1.000000e+00
1.000000e+00
1.000000e+00
1.000000e+00
1.000000e+00
1.000000e+00
1.000000e+00
1.000000e+00
9.999998e-01
9.999991e-01
9.999955e-01
9.999769e-01
9.998880e-01
9.995129e-01
9.982481e-01
9.951449e-01
9.897257e-01
9.825008e-01
9.743118e-01
9.657294e-01
9.570249e-01
9.482960e-01
9.395715e-01
9.308660e-01
9.221896e-01
9.135486e-01
9.049486e-01
8.963937e-01
8.878859e-01
8.794274e-01
8.710200e-01
8.626651e-01
8.543640e-01
8.461176e-01
8.379265e-01
8.297913e-01
8.217124e-01
8.136901e-01
8.057247e-01
7.978163e-01
7.899651e-01
7.821712e-01
7.744338e-01
7.667547e-01
7.591328e-01
7.515678e-01
7.440598e-01
7.366086e-01
7.292141e-01
7.218762e-01
7.145947e-01
7.073695e-01
7.002003e-01
6.930870e-01
6.860293e-01
6.790272e-01
6.720803e-01
6.651886e-01
6.583500e-01
6.515670e-01
6.448382e-01
6.381637e-01
6.315433e-01
6.249778e-01
6.184661e-01
6.120080e-01
6.056034e-01
5.992520e-01
5.929536e-01
5.867081e-01
5.805156e-01
5.743757e-01
5.682884e-01
5.622539e-01
5.562687e-01
5.503362e-01
5.444557e-01
5.386273e-01
5.328513e-01
5.271279e-01
5.214572e-01
5.158395e-01
5.102755e-01
5.047674e-01
4.993158e-01
4.939218e-01
4.885867e-01
4.833124e-01
4.781018e-01
4.729607e-01
4.678898e-01
4.629004e-01
4.580067e-01
4.532279e-01
4.485936e-01
4.441499e-01
4.399666e-01
4.361446e-01
4.328148e-01
4.301198e-01
4.281646e-01
4.269540e-01
4.263512e-01
4.261420e-01
4.261004e-01
4.261244e-01
4.261709e-01
4.262065e-01
4.262216e-01
4.262228e-01
4.262191e-01
4.262126e-01
4.262076e-01
4.262048e-01
4.262058e-01
4.262105e-01
4.262171e-01
4.262234e-01
4.262282e-01
4.262319e-01
4.262347e-01
4.262371e-01
4.262392e-01
4.262413e-01
4.262434e-01
4.262454e-01
4.262472e-01
4.262487e-01
4.262495e-01
4.262498e-01
4.262495e-01
4.262487e-01
4.262475e-01
4.262461e-01
4.262445e-01
4.262426e-01
4.262402e-01
4.262375e-01
4.262342e-01
4.262305e-01
4.262263e-01
4.262216e-01
4.262164e-01
4.262107e-01
4.262044e-01
4.261975e-01
4.261899e-01
4.261814e-01
4.261720e-01
4.261615e-01
4.261494e-01
4.261356e-01
4.261195e-01
4.261006e-01
4.260780e-01
4.260500e-01
4.260132e-01
4.259606e-01
4.258785e-01
4.257394e-01
4.254922e-01
4.250431e-01
4.242298e-01
4.227839e-01
4.202907e-01
4.161567e-01
4.096132e-01
3.997969e-01
3.859874e-01
3.679523e-01
3.462512e-01
3.227543e-01
3.005831e-01
2.826265e-01
2.710038e-01
2.659624e-01
2.649200e-01
2.648733e-01
2.648956e-01
2.649810e-01
2.651405e-01
2.653354e-01
2.654948e-01
2.655712e-01
2.655851e-01
2.655851e-01
2.655835e-01
2.655802e-01
2.655782e-01
2.655782e-01
2.655791e-01
2.655815e-01
2.655843e-01
2.655853e-01
2.655851e-01
2.655840e-01
2.655816e-01
2.655777e-01
2.655733e-01
2.655692e-01
2.655670e-01
2.655668e-01
2.655670e-01
2.655675e-01
2.655683e-01
2.655693e-01
2.655702e-01
2.655708e-01
2.655710e-01
2.655711e-01
2.655709e-01
2.655708e-01
2.655709e-01
2.655710e-01
2.655709e-01
2.655708e-01
2.655705e-01
2.655700e-01
2.655692e-01
2.655680e-01
2.655667e-01
2.655650e-01
2.655640e-01
2.655614e-01
2.655604e-01
2.655490e-01
2.655004e-01
2.652082e-01
2.637239e-01
2.603671e-01
2.717771e-01
2.694602e-01
2.573190e-01
2.637043e-01
2.653328e-01
2.655426e-01
2.655610e-01
2.655645e-01
2.655653e-01
2.655665e-01
2.655670e-01
2.655676e-01
2.655684e-01
2.655692e-01
2.655702e-01
2.655711e-01
2.655719e-01
2.655727e-01
2.655735e-01
2.655746e-01
2.655754e-01
2.655758e-01
2.655757e-01
2.655753e-01
2.655746e-01
2.655735e-01
2.655719e-01
2.655701e-01
2.655686e-01
2.655678e-01
2.655677e-01
2.655682e-01
2.655701e-01
2.655743e-01
2.655808e-01
2.655872e-01
2.655917e-01
2.655940e-01
2.655947e-01
2.655947e-01
2.655919e-01
2.655855e-01
2.655790e-01
2.655740e-01
2.655702e-01
2.655665e-01
2.655603e-01
2.655453e-01
2.655126e-01
2.654657e-01
2.654267e-01
2.654101e-01
2.654088e-01
2.654467e-01
2.657218e-01
2.668096e-01
2.698082e-01
2.761821e-01
2.871926e-01
3.030910e-01
3.229455e-01
3.447385e-01
3.657154e-01
3.838583e-01
3.982212e-01
4.086160e-01
4.155743e-01
4.199453e-01
4.225457e-01
4.240275e-01
4.248472e-01
4.252950e-01
4.255426e-01
4.256851e-01
4.257734e-01
4.258334e-01
4.258782e-01
4.259142e-01
4.259446e-01
4.259708e-01
4.259937e-01
4.260141e-01
4.260323e-01
4.260487e-01
4.260634e-01
4.260767e-01
4.260887e-01
4.260997e-01
4.261097e-01
4.261190e-01
4.261275e-01
4.261354e-01
4.261425e-01
4.261489e-01
4.261545e-01
4.261592e-01
4.261630e-01
4.261663e-01
4.261692e-01
4.261718e-01
4.261740e-01
4.261757e-01
4.261768e-01
4.261770e-01
4.261765e-01
4.261753e-01
4.261737e-01
4.261721e-01
4.261707e-01
4.261697e-01
4.261689e-01
4.261682e-01
4.261675e-01
4.261663e-01
4.261643e-01
4.261626e-01
4.261620e-01
4.261650e-01
4.261707e-01
4.261807e-01
4.261946e-01
4.262085e-01
4.262178e-01
4.262198e-01
4.262182e-01
4.261973e-01
4.261497e-01
4.261040e-01
4.260916e-01
