4.261651e-01
4.264852e-01
4.273502e-01
4.289667e-01
4.314171e-01
4.346078e-01
4.383732e-01
4.425478e-01
4.470028e-01
4.516516e-01
4.564397e-01
4.613341e-01
4.663144e-01
4.713664e-01
4.764820e-01
4.816584e-01
4.868928e-01
4.921832e-01
4.975280e-01
5.029259e-01
5.083773e-01
5.138824e-01
5.194385e-01
5.250456e-01
5.307033e-01
5.364117e-01
5.421706e-01
5.479800e-01
5.538403e-01
5.597507e-01
5.657107e-01
5.717204e-01
5.777813e-01
5.838933e-01
5.900565e-01
5.962710e-01
6.025371e-01
6.088547e-01
6.152241e-01
6.216451e-01
6.281184e-01
6.346440e-01
6.412225e-01
6.478532e-01
6.545365e-01
6.612721e-01
6.680611e-01
6.749011e-01
6.817944e-01
6.887404e-01
6.957394e-01
7.027914e-01
7.098963e-01
7.170542e-01
7.242650e-01
7.315285e-01
7.388448e-01
7.462135e-01
7.536346e-01
7.611076e-01
7.686321e-01
7.762078e-01
7.838353e-01
7.915120e-01
7.992384e-01
8.070131e-01
8.148353e-01
8.227035e-01
8.306164e-01
8.385721e-01
8.465685e-01
8.546031e-01
8.626729e-01
8.707741e-01
8.789024e-01
8.870522e-01
8.952169e-01
9.033881e-01
9.115558e-01
9.197080e-01
9.278268e-01
9.358918e-01
9.438752e-01
9.517405e-01
9.594395e-01
9.669081e-01
9.740630e-01
9.807937e-01
9.869505e-01
9.923141e-01
9.965156e-01
9.990452e-01
9.998952e-01
9.999973e-01
1.000000e+00
1.000000e+00
1.000000e+00
1.000000e+00
1.000000e+00
1.000000e+00
1.000000e+00
1.000000e+00
1.000000e+00
1.000000e+00
1.000000e+00
1.000000e+00
1.000000e+00
1.000000e+00
1.000000e+00
1.000000e+00
1.000000e+00
1.000000e+00
1.000000e+00
1.000000e+00
1.000000e+00
1.000000e+00
1.000000e+00
1.000000e+00
1.000000e+00
1.000000e+00
1.000000e+00
1.000000e+00
1.000000e+00
1.000000e+00
1.000000e+00
1.000000e+00
1.000000e+00
1.000000e+00
1.000000e+00
1.000000e+00
1.000000e+00
1.000000e+00
1.000000e+00
1.000000e+00
1.000000e+00
1.000000e+00
1.000000e+00
1.000000e+00
1.000000e+00
1.000000e+00
1.000000e+00
1.000000e+00
1.000000e+00
1.000000e+00
1.000000e+00
1.000000e+00
1.000000e+00
1.000000e+00
1.000000e+00
1.000000e+00
1.000000e+00
1.000000e+00
1.000000e+00
1.000000e+00
1.000000e+00
1.000000e+00
1.000000e+00
1.000000e+00
1.000000e+00
9.999999e-01
9.999997e-01
9.999984e-01
9.999919e-01
9.999591e-01
9.998080e-01
9.992134e-01
9.974133e-01
9.935230e-01
9.874378e-01
9.798831e-01
9.716244e-01
9.631029e-01
9.545108e-01
9.459084e-01
9.373161e-01
9.287462e-01
9.202068e-01
9.117032e-01
9.032412e-01
8.948236e-01
8.864522e-01
8.781292e-01
8.698562e-01
8.616346e-01
8.534654e-01
8.453494e-01
8.372872e-01
8.292794e-01
8.213264e-01
8.134284e-01
8.055855e-01
7.977981e-01
7.900662e-01
7.823899e-01
7.747685e-01
7.672037e-01
7.596944e-01
7.522404e-01
7.448417e-01
7.374981e-01
7.302096e-01
7.229760e-01
7.157971e-01
7.086729e-01
7.016031e-01
6.945875e-01
6.876260e-01
6.807183e-01
6.738643e-01
6.670641e-01
6.603154e-01
6.536205e-01
6.469783e-01
6.403888e-01
6.338518e-01
6.273678e-01
6.209363e-01
6.145570e-01
6.082295e-01
6.019537e-01
5.957293e-01
5.895564e-01
5.834348e-01
5.773643e-01
5.713448e-01
5.653764e-01
5.594577e-01
5.535885e-01
5.477693e-01
5.420010e-01
5.362833e-01
5.306164e-01
5.250005e-01
5.194358e-01
5.139226e-01
5.084616e-01
5.030554e-01
4.977046e-01
4.924091e-01
4.871709e-01
4.819925e-01
4.768767e-01
4.718284e-01
4.668500e-01
4.619518e-01
4.571487e-01
4.524607e-01
4.479179e-01
4.435670e-01
4.394787e-01
4.357538e-01
4.325220e-01
4.299215e-01
4.280490e-01
4.269009e-01
4.263352e-01
4.261414e-01
4.261044e-01
4.261293e-01
4.261747e-01
4.262084e-01
4.262221e-01
4.262229e-01
4.262192e-01
4.262131e-01
4.262087e-01
4.262061e-01
4.262074e-01
4.262120e-01
4.262185e-01
4.262247e-01
4.262296e-01
4.262334e-01
4.262364e-01
4.262389e-01
4.262411e-01
4.262432e-01
4.262453e-01
4.262472e-01
4.262490e-01
4.262505e-01
4.262516e-01
4.262520e-01
4.262519e-01
4.262512e-01
4.262501e-01
4.262488e-01
4.262472e-01
4.262455e-01
4.262435e-01
4.262410e-01
4.262381e-01
4.262346e-01
4.262306e-01
4.262262e-01
4.262214e-01
4.262162e-01
4.262106e-01
4.262045e-01
4.261977e-01
4.261902e-01
4.261818e-01
4.261724e-01
4.261619e-01
4.261499e-01
4.261362e-01
4.261204e-01
4.261018e-01
4.260794e-01
4.260517e-01
4.260152e-01
4.259633e-01
4.258820e-01
4.257445e-01
4.255007e-01
4.250592e-01
4.242615e-01
4.228465e-01
4.204106e-01
4.163761e-01
4.099927e-01
4.004113e-01
3.869075e-01
3.692197e-01
3.478391e-01
3.245024e-01
3.022402e-01
2.839411e-01
2.717755e-01
2.662224e-01
2.649568e-01
2.648843e-01
2.649021e-01
2.649774e-01
2.651259e-01
2.653161e-01
2.654798e-01
2.655664e-01
2.655845e-01
2.655848e-01
2.655835e-01
2.655805e-01
2.655783e-01
2.655783e-01
2.655790e-01
2.655812e-01
2.655841e-01
2.655854e-01
2.655853e-01
2.655844e-01
2.655822e-01
2.655785e-01
2.655739e-01
2.655695e-01
2.655670e-01
2.655666e-01
2.655668e-01
2.655673e-01
2.655682e-01
2.655693e-01
2.655704e-01
2.655712e-01
2.655717e-01
2.655718e-01
2.655716e-01
2.655714e-01
2.655711e-01
2.655709e-01
2.655708e-01
2.655708e-01
2.655705e-01
2.655701e-01
2.655696e-01
2.655688e-01
2.655679e-01
2.655668e-01
2.655652e-01
2.655645e-01
2.655593e-01
2.655366e-01
2.655799e-01
2.695769e-01
3.328558e-01
4.733659e-01
4.745982e-01
3.353590e-01
2.675237e-01
2.654221e-01
2.655330e-01
2.655657e-01
2.655670e-01
2.655671e-01
2.655677e-01
2.655681e-01
2.655686e-01
2.655694e-01
2.655704e-01
2.655715e-01
2.655729e-01
2.655742e-01
2.655750e-01
2.655754e-01
2.655756e-01
2.655757e-01
2.655757e-01
2.655751e-01
2.655743e-01
2.655732e-01
2.655718e-01
2.655704e-01
2.655692e-01
2.655687e-01
2.655685e-01
2.655687e-01
2.655703e-01
2.655745e-01
2.655809e-01
2.655873e-01
2.655917e-01
2.655940e-01
2.655947e-01
2.655947e-01
2.655919e-01
2.655852e-01
2.655788e-01
2.655738e-01
2.655699e-01
2.655659e-01
2.655588e-01
2.655418e-01
2.655074e-01
2.654620e-01
2.654276e-01
2.654146e-01
2.654150e-01
2.654660e-01
2.657946e-01
2.670214e-01
2.702743e-01
2.770028e-01
2.883847e-01
3.045586e-01
3.245269e-01
3.462242e-01
3.669458e-01
3.847828e-01
3.988524e-01
4.090081e-01
4.158004e-01
4.200676e-01
4.226088e-01
4.240595e-01
4.248639e-01
4.253045e-01
4.255486e-01
4.256894e-01
4.257768e-01
4.258361e-01
4.258805e-01
4.259161e-01
4.259462e-01
4.259721e-01
4.259948e-01
4.260148e-01
4.260327e-01
4.260488e-01
4.260635e-01
4.260768e-01
4.260888e-01
4.260998e-01
4.261098e-01
4.261190e-01
4.261275e-01
4.261353e-01
4.261426e-01
4.261493e-01
4.261553e-01
4.261605e-01
4.261648e-01
4.261684e-01
4.261713e-01
4.261739e-01
4.261762e-01
4.261782e-01
4.261798e-01
4.261807e-01
4.261808e-01
4.261801e-01
4.261787e-01
4.261770e-01
4.261752e-01
4.261737e-01
4.261726e-01
4.261718e-01
4.261711e-01
4.261701e-01
4.261686e-01
4.261664e-01
4.261646e-01
4.261640e-01
4.261674e-01
4.261727e-01
4.261820e-01
4.261950e-01
4.262088e-01
4.262181e-01
4.262206e-01
4.262198e-01
4.262005e-01
4.261557e-01
4.261102e-01
4.260957e-01
