4.274957e-01
4.309731e-01
4.365152e-01
4.437275e-01
4.520454e-01
4.610657e-01
4.705409e-01
4.803423e-01
4.904109e-01
5.007180e-01
5.112458e-01
5.219855e-01
5.329237e-01
5.440584e-01
5.553825e-01
5.668997e-01
5.785977e-01
5.904882e-01
6.025681e-01
6.148367e-01
6.272942e-01
6.399424e-01
6.527779e-01
6.658043e-01
6.790098e-01
6.924013e-01
7.059759e-01
7.197318e-01
7.336660e-01
7.477749e-01
7.620543e-01
7.764981e-01
7.911003e-01
8.058463e-01
8.207261e-01
8.357217e-01
8.508112e-01
8.659652e-01
8.811445e-01
8.962965e-01
9.113516e-01
9.262092e-01
9.407234e-01
9.546869e-01
9.678093e-01
9.796716e-01
9.895818e-01
9.964182e-01
9.994196e-01
9.999734e-01
9.999998e-01
1.000000e+00
1.000000e+00
1.000000e+00
1.000000e+00
1.000000e+00
1.000000e+00
1.000000e+00
1.000000e+00
1.000000e+00
1.000000e+00
1.000000e+00
1.000000e+00
1.000000e+00
1.000000e+00
1.000000e+00
1.000000e+00
1.000000e+00
1.000000e+00
1.000000e+00
1.000000e+00
1.000000e+00
1.000000e+00
1.000000e+00
1.000000e+00
1.000000e+00
1.000000e+00
1.000000e+00
1.000000e+00
1.000000e+00
1.000000e+00
1.000000e+00
1.000000e+00
1.000000e+00
1.000000e+00
1.000000e+00
1.000000e+00
1.000000e+00
1.000000e+00
1.000000e+00
1.000000e+00
1.000000e+00
1.000000e+00
1.000000e+00
1.000000e+00
1.000000e+00
1.000000e+00
1.000000e+00
1.000000e+00
1.000000e+00
1.000000e+00
1.000000e+00
1.000000e+00
1.000000e+00
1.000000e+00
1.000000e+00
1.000000e+00
1.000000e+00
1.000000e+00
1.000000e+00
1.000000e+00
1.000000e+00
1.000000e+00
1.000000e+00
1.000000e+00
1.000000e+00
1.000000e+00
1.000000e+00
1.000000e+00
1.000000e+00
1.000000e+00
1.000000e+00
1.000000e+00
1.000000e+00
1.000000e+00
1.000000e+00
1.000000e+00
1.000000e+00
1.000000e+00
1.000000e+00
1.000000e+00
1.000000e+00
1.000000e+00
1.000000e+00
1.000000e+00
1.000000e+00
1.000000e+00
1.000000e+00
1.000000e+00
1.000000e+00
1.000000e+00
1.000000e+00
1.000000e+00
1.000000e+00
1.000000e+00
1.000000e+00
1.000000e+00
1.000000e+00
1.000000e+00
1.000000e+00
1.000000e+00
1.000000e+00
1.000000e+00
1.000000e+00
1.000000e+00
1.000000e+00
1.000000e+00
1.000000e+00
1.000000e+00
1.000000e+00
1.000000e+00
1.000000e+00
1.000000e+00
1.000000e+00
1.000000e+00
1.000000e+00
1.000000e+00
1.000000e+00
1.000000e+00
1.000000e+00
1.000000e+00
1.000000e+00
1.000000e+00
1.000000e+00
1.000000e+00
1.000000e+00
1.000000e+00
1.000000e+00
1.000000e+00
1.000000e+00
1.000000e+00
1.000000e+00
1.000000e+00
1.000000e+00
1.000000e+00
1.000000e+00
1.000000e+00
1.000000e+00
1.000000e+00
1.000000e+00
1.000000e+00
1.000000e+00
1.000000e+00
1.000000e+00
1.000000e+00
1.000000e+00
1.000000e+00
1.000000e+00
1.000000e+00
1.000000e+00
1.000000e+00
1.000000e+00
9.999999e-01
9.999995e-01
9.999971e-01
9.999843e-01
9.999174e-01
9.995985e-01
9.983255e-01
9.945120e-01
9.865339e-01
9.745220e-01
9.600293e-01
9.444446e-01
9.285164e-01
9.125343e-01
8.965979e-01
8.807665e-01
8.650688e-01
8.495244e-01
8.341468e-01
8.189450e-01
8.039252e-01
7.890925e-01
7.744467e-01
7.599947e-01
7.457362e-01
7.316713e-01
7.178001e-01
7.041227e-01
6.906388e-01
6.773483e-01
6.642508e-01
6.513393e-01
6.386226e-01
6.260978e-01
6.137661e-01
6.016261e-01
5.896762e-01
5.779173e-01
5.663514e-01
5.549683e-01
5.437789e-01
5.327811e-01
5.219824e-01
5.113878e-01
5.010126e-01
4.908702e-01
4.809832e-01
4.713904e-01
4.621498e-01
4.533830e-01
4.452971e-01
4.382135e-01
4.325485e-01
4.286800e-01
4.266119e-01
4.259062e-01
4.257951e-01
4.259303e-01
4.260834e-01
4.261546e-01
4.261672e-01
4.261654e-01
4.261596e-01
4.261458e-01
4.261270e-01
4.261091e-01
4.260951e-01
4.260907e-01
4.260896e-01
4.260874e-01
4.260813e-01
4.260699e-01
4.260531e-01
4.260324e-01
4.260089e-01
4.259818e-01
4.259479e-01
4.259007e-01
4.258288e-01
4.257095e-01
4.254937e-01
4.250730e-01
4.242189e-01
4.224832e-01
4.190741e-01
4.127619e-01
4.019399e-01
3.850741e-01
3.616211e-01
3.331521e-01
3.045812e-01
2.817576e-01
2.686931e-01
2.646120e-01
2.642164e-01
2.642552e-01
2.644507e-01
2.648368e-01
2.652705e-01
2.655453e-01
2.656224e-01
2.656255e-01
2.656176e-01
2.655964e-01
2.655708e-01
2.655547e-01
2.655515e-01
2.655526e-01
2.655562e-01
2.655601e-01
2.655614e-01
2.655605e-01
2.655595e-01
2.655585e-01
2.655528e-01
2.655371e-01
2.654692e-01
2.651441e-01
2.635189e-01
2.552331e-01
2.169239e-01
1.494090e-01
1.259037e-01
1.250020e-01
1.250000e-01
1.250000e-01
1.250000e-01
1.250000e-01
1.250000e-01
1.250000e-01
1.250000e-01
1.250000e-01
1.250000e-01
1.250000e-01
1.250000e-01
1.250000e-01
1.250000e-01
1.250000e-01
1.250000e-01
1.250000e-01
1.250000e-01
1.250000e-01
1.250000e-01
1.250000e-01
1.250000e-01
1.250000e-01
1.250000e-01
1.250000e-01
1.250000e-01
1.250000e-01
1.250000e-01
1.250000e-01
1.250000e-01
1.250000e-01
1.250000e-01
1.250000e-01
1.250000e-01
1.250000e-01
1.250000e-01
1.250000e-01
1.250000e-01
1.250000e-01
1.250000e-01
1.250000e-01
1.250000e-01
1.250000e-01
1.250000e-01
1.250000e-01
1.250000e-01
1.250000e-01
1.250000e-01
1.250000e-01
1.250000e-01
1.250000e-01
1.250000e-01
1.250000e-01
1.250000e-01
1.250000e-01
1.250000e-01
1.250000e-01
1.250000e-01
1.250000e-01
1.250000e-01
1.250000e-01
1.250000e-01
1.250000e-01
1.250000e-01
1.250000e-01
1.250000e-01
1.250000e-01
1.250000e-01
1.250000e-01
1.250000e-01
1.250000e-01
1.250000e-01
1.250000e-01
1.250000e-01
1.250000e-01
1.250000e-01
1.250000e-01
1.250000e-01
1.250000e-01
1.250000e-01
1.250000e-01
1.250000e-01
1.250000e-01
1.250000e-01
1.250000e-01
1.250000e-01
1.250000e-01
1.250000e-01
1.250000e-01
1.250000e-01
1.250000e-01
1.250000e-01
1.250000e-01
1.250000e-01
1.250000e-01
1.250000e-01
1.250000e-01
1.250000e-01
1.250000e-01
1.250000e-01
1.250000e-01
1.250000e-01
1.250000e-01
1.250000e-01
1.250000e-01
1.250000e-01
1.250000e-01
1.250000e-01
1.250000e-01
1.250000e-01
1.250000e-01
1.250000e-01
1.250000e-01
1.250000e-01
1.250002e-01
1.250024e-01
1.250275e-01
1.253074e-01
1.282380e-01
1.505737e-01
2.148575e-01
2.552354e-01
2.634015e-01
2.652393e-01
2.655018e-01
2.655427e-01
2.655539e-01
2.655618e-01
2.655686e-01
2.655762e-01
2.655840e-01
2.655842e-01
2.655709e-01
2.655535e-01
2.655428e-01
2.655396e-01
2.655412e-01
2.655606e-01
2.655772e-01
2.655811e-01
2.655722e-01
2.654843e-01
2.652772e-01
2.650791e-01
2.649954e-01
2.649924e-01
2.652546e-01
2.669840e-01
2.728544e-01
2.858044e-01
3.067243e-01
3.332598e-01
3.605309e-01
3.837889e-01
4.010693e-01
4.122977e-01
4.188132e-01
4.222745e-01
4.239993e-01
4.248342e-01
4.252455e-01
4.254630e-01
4.255916e-01
4.256774e-01
4.257401e-01
4.257890e-01
4.258286e-01
4.258617e-01
4.258900e-01
4.259143e-01
4.259348e-01
4.259510e-01
4.259639e-01
4.259778e-01
4.259991e-01
4.260266e-01
4.260570e-01
4.260803e-01
4.260924e-01
4.261017e-01
4.261132e-01
4.261204e-01
4.261138e-01
4.260109e-01
4.258106e-01
4.256948e-01
4.260291e-01
