4.276506e-01
4.313908e-01
4.372664e-01
4.448341e-01
4.535089e-01
4.628858e-01
4.727198e-01
4.828812e-01
4.933230e-01
5.040137e-01
5.149382e-01
5.260821e-01
5.374357e-01
5.489965e-01
5.607620e-01
5.727210e-01
5.848826e-01
5.972453e-01
6.098081e-01
6.225725e-01
6.355371e-01
6.487028e-01
6.620688e-01
6.756280e-01
6.893817e-01
7.033301e-01
7.174703e-01
7.317992e-01
7.463131e-01
7.610069e-01
7.758739e-01
7.909078e-01
8.060920e-01
8.214153e-01
8.368576e-01
8.523938e-01
8.679904e-01
8.836025e-01
8.991691e-01
9.146104e-01
9.298044e-01
9.445800e-01
9.586897e-01
9.717893e-01
9.833562e-01
9.924969e-01
9.979864e-01
9.997893e-01
9.999950e-01
1.000000e+00
1.000000e+00
1.000000e+00
1.000000e+00
1.000000e+00
1.000000e+00
1.000000e+00
1.000000e+00
1.000000e+00
1.000000e+00
1.000000e+00
1.000000e+00
1.000000e+00
1.000000e+00
1.000000e+00
1.000000e+00
1.000000e+00
1.000000e+00
1.000000e+00
1.000000e+00
1.000000e+00
1.000000e+00
1.000000e+00
1.000000e+00
1.000000e+00
1.000000e+00
1.000000e+00
1.000000e+00
1.000000e+00
1.000000e+00
1.000000e+00
1.000000e+00
1.000000e+00
1.000000e+00
1.000000e+00
1.000000e+00
1.000000e+00
1.000000e+00
1.000000e+00
1.000000e+00
1.000000e+00
1.000000e+00
1.000000e+00
1.000000e+00
1.000000e+00
1.000000e+00
1.000000e+00
1.000000e+00
1.000000e+00
1.000000e+00
1.000000e+00
1.000000e+00
1.000000e+00
1.000000e+00
1.000000e+00
1.000000e+00
1.000000e+00
1.000000e+00
1.000000e+00
1.000000e+00
1.000000e+00
1.000000e+00
1.000000e+00
1.000000e+00
1.000000e+00
1.000000e+00
1.000000e+00
1.000000e+00
1.000000e+00
1.000000e+00
1.000000e+00
1.000000e+00
1.000000e+00
1.000000e+00
1.000000e+00
1.000000e+00
1.000000e+00
1.000000e+00
1.000000e+00
1.000000e+00
1.000000e+00
1.000000e+00
1.000000e+00
1.000000e+00
1.000000e+00
1.000000e+00
1.000000e+00
1.000000e+00
1.000000e+00
1.000000e+00
1.000000e+00
1.000000e+00
1.000000e+00
1.000000e+00
1.000000e+00
1.000000e+00
1.000000e+00
1.000000e+00
1.000000e+00
1.000000e+00
1.000000e+00
1.000000e+00
1.000000e+00
1.000000e+00
1.000000e+00
1.000000e+00
1.000000e+00
1.000000e+00
1.000000e+00
1.000000e+00
1.000000e+00
1.000000e+00
1.000000e+00
1.000000e+00
1.000000e+00
1.000000e+00
1.000000e+00
1.000000e+00
1.000000e+00
1.000000e+00
1.000000e+00
1.000000e+00
1.000000e+00
1.000000e+00
1.000000e+00
1.000000e+00
1.000000e+00
1.000000e+00
1.000000e+00
1.000000e+00
1.000000e+00
1.000000e+00
1.000000e+00
1.000000e+00
1.000000e+00
1.000000e+00
1.000000e+00
1.000000e+00
1.000000e+00
1.000000e+00
1.000000e+00
1.000000e+00
1.000000e+00
1.000000e+00
1.000000e+00
1.000000e+00
1.000000e+00
1.000000e+00
1.000000e+00
1.000000e+00
1.000000e+00
1.000000e+00
1.000000e+00
1.000000e+00
1.000000e+00
9.999997e-01
9.999985e-01
9.999916e-01
9.999545e-01
9.997697e-01
9.989694e-01
9.962593e-01
9.897487e-01
9.787714e-01
9.645919e-01
9.488404e-01
9.325258e-01
9.160895e-01
8.996751e-01
8.833578e-01
8.671743e-01
8.511487e-01
8.352967e-01
8.196290e-01
8.041529e-01
7.888742e-01
7.737927e-01
7.589164e-01
7.442448e-01
7.297779e-01
7.155162e-01
7.014596e-01
6.876080e-01
6.739614e-01
6.605170e-01
6.472729e-01
6.342334e-01
6.213994e-01
6.087685e-01
5.963414e-01
5.841165e-01
5.720943e-01
5.602753e-01
5.486517e-01
5.372343e-01
5.260268e-01
5.150338e-01
5.042674e-01
4.937459e-01
4.834910e-01
4.735416e-01
4.639469e-01
4.548327e-01
4.464062e-01
4.389908e-01
4.330177e-01
4.288965e-01
4.266675e-01
4.258986e-01
4.257724e-01
4.259143e-01
4.260743e-01
4.261485e-01
4.261622e-01
4.261607e-01
4.261541e-01
4.261392e-01
4.261185e-01
4.260989e-01
4.260843e-01
4.260796e-01
4.260777e-01
4.260731e-01
4.260627e-01
4.260462e-01
4.260256e-01
4.260023e-01
4.259757e-01
4.259419e-01
4.258943e-01
4.258214e-01
4.257011e-01
4.254848e-01
4.250633e-01
4.242030e-01
4.224421e-01
4.189594e-01
4.124768e-01
4.013303e-01
3.839603e-01
3.598897e-01
3.309267e-01
3.023355e-01
2.800532e-01
2.679030e-01
2.644471e-01
2.641762e-01
2.642300e-01
2.644602e-01
2.648804e-01
2.653170e-01
2.655691e-01
2.656302e-01
2.656310e-01
2.656204e-01
2.655954e-01
2.655675e-01
2.655501e-01
2.655447e-01
2.655437e-01
2.655463e-01
2.655520e-01
2.655577e-01
2.655616e-01
2.655642e-01
2.655610e-01
2.655465e-01
2.654757e-01
2.651383e-01
2.634604e-01
2.549177e-01
2.157407e-01
1.484624e-01
1.258297e-01
1.250017e-01
1.250000e-01
1.250000e-01
1.250000e-01
1.250000e-01
1.250000e-01
1.250000e-01
1.250000e-01
1.250000e-01
1.250000e-01
1.250000e-01
1.250000e-01
1.250000e-01
1.250000e-01
1.250000e-01
1.250000e-01
1.250000e-01
1.250000e-01
1.250000e-01
1.250000e-01
1.250000e-01
1.250000e-01
1.250000e-01
1.250000e-01
1.250000e-01
1.250000e-01
1.250000e-01
1.250000e-01
1.250000e-01
1.250000e-01
1.250000e-01
1.250000e-01
1.250000e-01
1.250000e-01
1.250000e-01
1.250000e-01
1.250000e-01
1.250000e-01
1.250000e-01
1.250000e-01
1.250000e-01
1.250000e-01
1.250000e-01
1.250000e-01
1.250000e-01
1.250000e-01
1.250000e-01
1.250000e-01
1.250000e-01
1.250000e-01
1.250000e-01
1.250000e-01
1.250000e-01
1.250000e-01
1.250000e-01
1.250000e-01
1.250000e-01
1.250000e-01
1.250000e-01
1.250000e-01
1.250000e-01
1.250000e-01
1.250000e-01
1.250000e-01
1.250000e-01
1.250000e-01
1.250000e-01
1.250000e-01
1.250000e-01
1.250000e-01
1.250000e-01
1.250000e-01
1.250000e-01
1.250000e-01
1.250000e-01
1.250000e-01
1.250000e-01
1.250000e-01
1.250000e-01
1.250000e-01
1.250000e-01
1.250000e-01
1.250000e-01
1.250000e-01
1.250000e-01
1.250000e-01
1.250000e-01
1.250000e-01
1.250000e-01
1.250000e-01
1.250000e-01
1.250000e-01
1.250000e-01
1.250000e-01
1.250000e-01
1.250000e-01
1.250000e-01
1.250000e-01
1.250000e-01
1.250000e-01
1.250000e-01
1.250000e-01
1.250000e-01
1.250000e-01
1.250000e-01
1.250000e-01
1.250000e-01
1.250000e-01
1.250000e-01
1.250000e-01
1.250000e-01
1.250000e-01
1.250000e-01
1.250000e-01
1.250000e-01
1.250000e-01
1.250000e-01
1.250000e-01
1.250002e-01
1.250023e-01
1.250263e-01
1.252940e-01
1.281040e-01
1.497531e-01
2.136128e-01
2.549347e-01
2.633329e-01
2.652364e-01
2.655126e-01
2.655567e-01
2.655665e-01
2.655694e-01
2.655710e-01
2.655720e-01
2.655708e-01
2.655629e-01
2.655508e-01
2.655427e-01
2.655404e-01
2.655451e-01
2.655646e-01
2.655814e-01
2.655859e-01
2.655767e-01
2.655000e-01
2.653002e-01
2.650771e-01
2.649695e-01
2.649564e-01
2.651506e-01
2.665939e-01
2.718874e-01
2.841881e-01
3.046753e-01
3.312065e-01
3.588960e-01
3.827074e-01
4.004640e-01
4.120145e-01
4.186991e-01
4.222323e-01
4.239809e-01
4.248210e-01
4.252327e-01
4.254507e-01
4.255812e-01
4.256692e-01
4.257335e-01
4.257829e-01
4.258224e-01
4.258556e-01
4.258847e-01
4.259096e-01
4.259293e-01
4.259446e-01
4.259604e-01
4.259836e-01
4.260135e-01
4.260459e-01
4.260698e-01
4.260824e-01
4.260916e-01
4.261043e-01
4.261127e-01
4.261065e-01
4.259976e-01
4.257854e-01
4.256665e-01
4.260408e-01
