4.262541e-01
4.270695e-01
4.287954e-01
4.316297e-01
4.354545e-01
4.400489e-01
4.451759e-01
4.506597e-01
4.563852e-01
4.622841e-01
4.683158e-01
4.744580e-01
4.806921e-01
4.870187e-01
4.934291e-01
4.999209e-01
5.064940e-01
5.131470e-01
5.198769e-01
5.266823e-01
5.335628e-01
5.405182e-01
5.475479e-01
5.546522e-01
5.618315e-01
5.690812e-01
5.764063e-01
5.838062e-01
5.912811e-01
5.988312e-01
6.064566e-01
6.141576e-01
6.219342e-01
6.297866e-01
6.377160e-01
6.457217e-01
6.538037e-01
6.619622e-01
6.701967e-01
6.785063e-01
6.868927e-01
6.953554e-01
7.038946e-01
7.125100e-01
7.212016e-01
7.299689e-01
7.388117e-01
7.477295e-01
7.567217e-01
7.657873e-01
7.749255e-01
7.841369e-01
7.934171e-01
8.027661e-01
8.121814e-01
8.216606e-01
8.312004e-01
8.407973e-01
8.504467e-01
8.601429e-01
8.698790e-01
8.796465e-01
8.894344e-01
8.992291e-01
9.090131e-01
9.187660e-01
9.284561e-01
9.380457e-01
9.474821e-01
9.566940e-01
9.655856e-01
9.740300e-01
9.818544e-01
9.888084e-01
9.944792e-01
9.982251e-01
9.997431e-01
9.999900e-01
9.999999e-01
1.000000e+00
1.000000e+00
1.000000e+00
1.000000e+00
1.000000e+00
1.000000e+00
1.000000e+00
1.000000e+00
1.000000e+00
1.000000e+00
1.000000e+00
1.000000e+00
1.000000e+00
1.000000e+00
1.000000e+00
1.000000e+00
1.000000e+00
1.000000e+00
1.000000e+00
1.000000e+00
1.000000e+00
1.000000e+00
1.000000e+00
1.000000e+00
1.000000e+00
1.000000e+00
1.000000e+00
1.000000e+00
1.000000e+00
1.000000e+00
1.000000e+00
1.000000e+00
1.000000e+00
1.000000e+00
1.000000e+00
1.000000e+00
1.000000e+00
1.000000e+00
1.000000e+00
1.000000e+00
1.000000e+00
1.000000e+00
1.000000e+00
1.000000e+00
1.000000e+00
1.000000e+00
1.000000e+00
1.000000e+00
1.000000e+00
1.000000e+00
1.000000e+00
1.000000e+00
1.000000e+00
1.000000e+00
1.000000e+00
1.000000e+00
1.000000e+00
1.000000e+00
1.000000e+00
1.000000e+00
1.000000e+00
1.000000e+00
1.000000e+00
1.000000e+00
1.000000e+00
1.000000e+00
1.000000e+00
1.000000e+00
1.000000e+00
1.000000e+00
1.000000e+00
1.000000e+00
1.000000e+00
1.000000e+00
1.000000e+00
1.000000e+00
1.000000e+00
1.000000e+00
1.000000e+00
1.000000e+00
1.000000e+00
1.000000e+00
1.000000e+00
1.000000e+00
1.000000e+00
1.000000e+00
1.000000e+00
1.000000e+00
1.000000e+00
1.000000e+00
1.000000e+00
1.000000e+00
1.000000e+00
1.000000e+00
1.000000e+00
1.000000e+00
9.999999e-01
9.999992e-01
9.999957e-01
9.999779e-01
9.998908e-01
9.995135e-01
9.981938e-01
9.948172e-01
9.887014e-01
9.803489e-01
9.707610e-01
9.606540e-01
9.503800e-01
9.400705e-01
9.297677e-01
9.194944e-01
9.092642e-01
8.990893e-01
8.889749e-01
8.789255e-01
8.689448e-01
8.590357e-01
8.492006e-01
8.394410e-01
8.297583e-01
8.201535e-01
8.106273e-01
8.011801e-01
7.918126e-01
7.825250e-01
7.733163e-01
7.641892e-01
7.551421e-01
7.461749e-01
7.372875e-01
7.284798e-01
7.197515e-01
7.111026e-01
7.025327e-01
6.940416e-01
6.856291e-01
6.772948e-01
6.690387e-01
6.608586e-01
6.527558e-01
6.447300e-01
6.367811e-01
6.289090e-01
6.211143e-01
6.133959e-01
6.057530e-01
5.981857e-01
5.906939e-01
5.832773e-01
5.759356e-01
5.686689e-01
5.614772e-01
5.543562e-01
5.473102e-01
5.403388e-01
5.334421e-01
5.266209e-01
5.198756e-01
5.132071e-01
5.066173e-01
5.001100e-01
4.936874e-01
4.873509e-01
4.811051e-01
4.749587e-01
4.689161e-01
4.629956e-01
4.572206e-01
4.516296e-01
4.462825e-01
4.412732e-01
4.367407e-01
4.328663e-01
4.298411e-01
4.277785e-01
4.266354e-01
4.261617e-01
4.260538e-01
4.260608e-01
4.261219e-01
4.261830e-01
4.262118e-01
4.262160e-01
4.262143e-01
4.262059e-01
4.261967e-01
4.261911e-01
4.261880e-01
4.261909e-01
4.261964e-01
4.262026e-01
4.262073e-01
4.262106e-01
4.262129e-01
4.262145e-01
4.262157e-01
4.262166e-01
4.262174e-01
4.262179e-01
4.262181e-01
4.262179e-01
4.262172e-01
4.262156e-01
4.262133e-01
4.262102e-01
4.262063e-01
4.262015e-01
4.261960e-01
4.261895e-01
4.261821e-01
4.261736e-01
4.261638e-01
4.261524e-01
4.261390e-01
4.261231e-01
4.261042e-01
4.260816e-01
4.260544e-01
4.260207e-01
4.259760e-01
4.259103e-01
4.258032e-01
4.256141e-01
4.252647e-01
4.246099e-01
4.233955e-01
4.212036e-01
4.174011e-01
4.111221e-01
4.013399e-01
3.871325e-01
3.681349e-01
3.449749e-01
3.199628e-01
2.968731e-01
2.790769e-01
2.687577e-01
2.651950e-01
2.647300e-01
2.647331e-01
2.647973e-01
2.649602e-01
2.652007e-01
2.654292e-01
2.655593e-01
2.655904e-01
2.655912e-01
2.655884e-01
2.655812e-01
2.655744e-01
2.655727e-01
2.655734e-01
2.655759e-01
2.655806e-01
2.655845e-01
2.655850e-01
2.655844e-01
2.655825e-01
2.655792e-01
2.655745e-01
2.655696e-01
2.655660e-01
2.655644e-01
2.655642e-01
2.655644e-01
2.655649e-01
2.655654e-01
2.655656e-01
2.655654e-01
2.655649e-01
2.655644e-01
2.655644e-01
2.655648e-01
2.655651e-01
2.655658e-01
2.655654e-01
2.655648e-01
2.655573e-01
2.655199e-01
2.653382e-01
2.644312e-01
2.598849e-01
2.368190e-01
1.720726e-01
1.291002e-01
1.250273e-01
1.250000e-01
1.250000e-01
1.250000e-01
1.250000e-01
1.250000e-01
1.250000e-01
1.250000e-01
1.250000e-01
1.250000e-01
1.250000e-01
1.250000e-01
1.250000e-01
1.250000e-01
1.250000e-01
1.250000e-01
1.250000e-01
1.250000e-01
1.250000e-01
1.250000e-01
1.250000e-01
1.250000e-01
1.250000e-01
1.250000e-01
1.250000e-01
1.250000e-01
1.250000e-01
1.250000e-01
1.250000e-01
1.250000e-01
1.250000e-01
1.250000e-01
1.250000e-01
1.250000e-01
1.250005e-01
1.250059e-01
1.250669e-01
1.257384e-01
1.323194e-01
1.706828e-01
2.361304e-01
2.595891e-01
2.644914e-01
2.654216e-01
2.655466e-01
2.655619e-01
2.655643e-01
2.655642e-01
2.655645e-01
2.655646e-01
2.655657e-01
2.655679e-01
2.655701e-01
2.655713e-01
2.655714e-01
2.655705e-01
2.655683e-01
2.655654e-01
2.655631e-01
2.655621e-01
2.655621e-01
2.655635e-01
2.655687e-01
2.655772e-01
2.655863e-01
2.655933e-01
2.655970e-01
2.655978e-01
2.655971e-01
2.655920e-01
2.655827e-01
2.655738e-01
2.655682e-01
2.655656e-01
2.655647e-01
2.655637e-01
2.655604e-01
2.655436e-01
2.654954e-01
2.654210e-01
2.653599e-01
2.653361e-01
2.653364e-01
2.654278e-01
2.660205e-01
2.681476e-01
2.734803e-01
2.837784e-01
2.997605e-01
3.205207e-01
3.437592e-01
3.661561e-01
3.852613e-01
4.000206e-01
4.103357e-01
4.169609e-01
4.209338e-01
4.231849e-01
4.244086e-01
4.250592e-01
4.254064e-01
4.255985e-01
4.257125e-01
4.257873e-01
4.258416e-01
4.258846e-01
4.259204e-01
4.259509e-01
4.259772e-01
4.260002e-01
4.260202e-01
4.260375e-01
4.260523e-01
4.260649e-01
4.260759e-01
4.260856e-01
4.260944e-01
4.261022e-01
4.261090e-01
4.261146e-01
4.261189e-01
4.261220e-01
4.261241e-01
4.261255e-01
4.261265e-01
4.261276e-01
4.261289e-01
4.261302e-01
4.261315e-01
4.261326e-01
4.261334e-01
4.261335e-01
4.261326e-01
4.261316e-01
4.261355e-01
4.261413e-01
4.261521e-01
4.261672e-01
4.261829e-01
4.261950e-01
4.262014e-01
4.262029e-01
4.261984e-01
4.261621e-01
4.260855e-01
4.260236e-01
4.260437e-01
