4.262387e-01
4.269948e-01
4.286182e-01
4.313219e-01
4.350023e-01
4.394533e-01
4.444412e-01
4.497903e-01
4.553837e-01
4.611518e-01
4.670535e-01
4.730632e-01
4.791634e-01
4.853533e-01
4.916247e-01
4.979755e-01
5.044044e-01
5.109098e-01
5.174909e-01
5.241447e-01
5.308711e-01
5.376694e-01
5.445397e-01
5.514822e-01
5.584953e-01
5.655800e-01
5.727339e-01
5.799605e-01
5.872593e-01
5.946306e-01
6.020744e-01
6.095908e-01
6.171800e-01
6.248426e-01
6.325783e-01
6.403884e-01
6.482718e-01
6.562286e-01
6.642603e-01
6.723636e-01
6.805406e-01
6.887914e-01
6.971161e-01
7.055144e-01
7.139864e-01
7.225319e-01
7.311506e-01
7.398421e-01
7.486060e-01
7.574417e-01
7.663485e-01
7.753254e-01
7.843730e-01
7.934873e-01
8.026682e-01
8.119135e-01
8.212208e-01
8.305873e-01
8.400096e-01
8.494834e-01
8.590037e-01
8.685640e-01
8.781567e-01
8.877718e-01
8.973970e-01
9.070166e-01
9.166121e-01
9.261561e-01
9.356146e-01
9.449417e-01
9.540752e-01
9.629310e-01
9.713978e-01
9.793264e-01
9.865075e-01
9.926143e-01
9.970962e-01
9.993934e-01
9.999579e-01
9.999994e-01
1.000000e+00
1.000000e+00
1.000000e+00
1.000000e+00
1.000000e+00
1.000000e+00
1.000000e+00
1.000000e+00
1.000000e+00
1.000000e+00
1.000000e+00
1.000000e+00
1.000000e+00
1.000000e+00
1.000000e+00
1.000000e+00
1.000000e+00
1.000000e+00
1.000000e+00
1.000000e+00
1.000000e+00
1.000000e+00
1.000000e+00
1.000000e+00
1.000000e+00
1.000000e+00
1.000000e+00
1.000000e+00
1.000000e+00
1.000000e+00
1.000000e+00
1.000000e+00
1.000000e+00
1.000000e+00
1.000000e+00
1.000000e+00
1.000000e+00
1.000000e+00
1.000000e+00
1.000000e+00
1.000000e+00
1.000000e+00
1.000000e+00
1.000000e+00
1.000000e+00
1.000000e+00
1.000000e+00
1.000000e+00
1.000000e+00
1.000000e+00
1.000000e+00
1.000000e+00
1.000000e+00
1.000000e+00
1.000000e+00
1.000000e+00
1.000000e+00
1.000000e+00
1.000000e+00
1.000000e+00
1.000000e+00
1.000000e+00
1.000000e+00
1.000000e+00
1.000000e+00
1.000000e+00
1.000000e+00
1.000000e+00
1.000000e+00
1.000000e+00
1.000000e+00
1.000000e+00
1.000000e+00
1.000000e+00
1.000000e+00
1.000000e+00
1.000000e+00
1.000000e+00
1.000000e+00
1.000000e+00
1.000000e+00
1.000000e+00
1.000000e+00
1.000000e+00
1.000000e+00
1.000000e+00
1.000000e+00
1.000000e+00
1.000000e+00
1.000000e+00
1.000000e+00
1.000000e+00
1.000000e+00
9.999999e-01
9.999997e-01
9.999985e-01
9.999923e-01
9.999605e-01
9.998111e-01
9.992057e-01
9.973007e-01
9.930141e-01
9.860930e-01
9.773338e-01
9.676659e-01
9.576484e-01
9.475318e-01
9.373996e-01
9.272824e-01
9.171989e-01
9.071606e-01
8.971779e-01
8.872550e-01
8.773957e-01
8.676037e-01
8.578813e-01
8.482308e-01
8.386535e-01
8.291507e-01
8.197232e-01
8.103717e-01
8.010967e-01
7.918984e-01
7.827775e-01
7.737327e-01
7.647667e-01
7.558780e-01
7.470664e-01
7.383318e-01
7.296741e-01
7.210932e-01
7.125888e-01
7.041608e-01
6.958088e-01
6.875326e-01
6.793320e-01
6.712066e-01
6.631559e-01
6.551781e-01
6.472756e-01
6.394471e-01
6.316924e-01
6.240127e-01
6.164063e-01
6.088733e-01
6.014133e-01
5.940259e-01
5.867110e-01
5.794686e-01
5.722984e-01
5.652007e-01
5.581725e-01
5.512156e-01
5.443294e-01
5.375157e-01
5.307743e-01
5.241056e-01
5.175102e-01
5.109890e-01
5.045454e-01
4.981810e-01
4.918982e-01
4.856997e-01
4.795897e-01
4.735772e-01
4.676653e-01
4.618741e-01
4.562288e-01
4.507674e-01
4.455509e-01
4.406740e-01
4.362754e-01
4.325336e-01
4.296321e-01
4.276709e-01
4.265958e-01
4.261593e-01
4.260579e-01
4.260671e-01
4.261270e-01
4.261869e-01
4.262140e-01
4.262167e-01
4.262145e-01
4.262065e-01
4.261980e-01
4.261931e-01
4.261901e-01
4.261932e-01
4.261987e-01
4.262048e-01
4.262097e-01
4.262131e-01
4.262156e-01
4.262174e-01
4.262188e-01
4.262198e-01
4.262207e-01
4.262213e-01
4.262218e-01
4.262219e-01
4.262214e-01
4.262203e-01
4.262184e-01
4.262156e-01
4.262120e-01
4.262078e-01
4.262029e-01
4.261974e-01
4.261910e-01
4.261836e-01
4.261749e-01
4.261649e-01
4.261532e-01
4.261397e-01
4.261238e-01
4.261050e-01
4.260826e-01
4.260558e-01
4.260226e-01
4.259782e-01
4.259130e-01
4.258067e-01
4.256195e-01
4.252747e-01
4.246306e-01
4.234399e-01
4.212966e-01
4.175858e-01
4.114653e-01
4.019311e-01
3.880641e-01
3.694677e-01
3.466827e-01
3.218437e-01
2.986180e-01
2.803760e-01
2.694131e-01
2.653574e-01
2.647519e-01
2.647475e-01
2.648001e-01
2.649475e-01
2.651765e-01
2.654065e-01
2.655494e-01
2.655887e-01
2.655903e-01
2.655881e-01
2.655818e-01
2.655749e-01
2.655732e-01
2.655737e-01
2.655761e-01
2.655806e-01
2.655847e-01
2.655857e-01
2.655852e-01
2.655835e-01
2.655800e-01
2.655751e-01
2.655700e-01
2.655659e-01
2.655642e-01
2.655642e-01
2.655645e-01
2.655652e-01
2.655661e-01
2.655668e-01
2.655672e-01
2.655670e-01
2.655663e-01
2.655654e-01
2.655648e-01
2.655649e-01
2.655652e-01
2.655658e-01
2.655654e-01
2.655638e-01
2.655574e-01
2.655206e-01
2.653452e-01
2.644639e-01
2.600527e-01
2.376245e-01
1.733603e-01
1.293794e-01
1.250308e-01
1.250000e-01
1.250000e-01
1.250000e-01
1.250000e-01
1.250000e-01
1.250000e-01
1.250000e-01
1.250000e-01
1.250000e-01
1.250000e-01
1.250000e-01
1.250000e-01
1.250000e-01
1.250000e-01
1.250000e-01
1.250000e-01
1.250000e-01
1.250000e-01
1.250000e-01
1.250000e-01
1.250000e-01
1.250000e-01
1.250000e-01
1.250000e-01
1.250000e-01
1.250000e-01
1.250000e-01
1.250000e-01
1.250000e-01
1.250005e-01
1.250062e-01
1.250699e-01
1.257714e-01
1.326153e-01
1.718677e-01
2.369989e-01
2.597473e-01
2.645276e-01
2.654260e-01
2.655464e-01
2.655615e-01
2.655634e-01
2.655639e-01
2.655645e-01
2.655652e-01
2.655669e-01
2.655692e-01
2.655709e-01
2.655718e-01
2.655719e-01
2.655715e-01
2.655700e-01
2.655675e-01
2.655649e-01
2.655631e-01
2.655627e-01
2.655633e-01
2.655658e-01
2.655710e-01
2.655790e-01
2.655873e-01
2.655933e-01
2.655962e-01
2.655969e-01
2.655960e-01
2.655911e-01
2.655825e-01
2.655744e-01
2.655693e-01
2.655668e-01
2.655655e-01
2.655638e-01
2.655584e-01
2.655377e-01
2.654865e-01
2.654146e-01
2.653618e-01
2.653444e-01
2.653486e-01
2.654705e-01
2.661684e-01
2.685351e-01
2.742524e-01
2.849928e-01
3.013178e-01
3.222247e-01
3.453545e-01
3.674453e-01
3.861939e-01
4.006245e-01
4.106869e-01
4.171484e-01
4.210271e-01
4.232294e-01
4.244299e-01
4.250700e-01
4.254125e-01
4.256026e-01
4.257158e-01
4.257900e-01
4.258439e-01
4.258865e-01
4.259219e-01
4.259521e-01
4.259783e-01
4.260011e-01
4.260212e-01
4.260388e-01
4.260542e-01
4.260674e-01
4.260785e-01
4.260882e-01
4.260968e-01
4.261046e-01
4.261116e-01
4.261177e-01
4.261227e-01
4.261265e-01
4.261292e-01
4.261308e-01
4.261318e-01
4.261324e-01
4.261331e-01
4.261340e-01
4.261351e-01
4.261362e-01
4.261371e-01
4.261376e-01
4.261374e-01
4.261361e-01
4.261350e-01
4.261387e-01
4.261443e-01
4.261545e-01
4.261690e-01
4.261845e-01
4.261966e-01
4.262032e-01
4.262048e-01
4.262012e-01
4.261668e-01
4.260929e-01
4.260328e-01
4.260481e-01
