4.264400e-01
4.278043e-01
4.304177e-01
4.343517e-01
4.393445e-01
4.450915e-01
4.513358e-01
4.579101e-01
4.647151e-01
4.716913e-01
4.788062e-01
4.860486e-01
4.934077e-01
5.008773e-01
5.084557e-01
5.161416e-01
5.239285e-01
5.318161e-01
5.398036e-01
5.478903e-01
5.560745e-01
5.643590e-01
5.727365e-01
5.812145e-01
5.897913e-01
5.984675e-01
6.072429e-01
6.161175e-01
6.250923e-01
6.341671e-01
6.433430e-01
6.526188e-01
6.619951e-01
6.714704e-01
6.810443e-01
6.907184e-01
7.004921e-01
7.103652e-01
7.203373e-01
7.304078e-01
7.405759e-01
7.508408e-01
7.612007e-01
7.716546e-01
7.822022e-01
7.928382e-01
8.035610e-01
8.143669e-01
8.252512e-01
8.362083e-01
8.472315e-01
8.583118e-01
8.694385e-01
8.805976e-01
8.917712e-01
9.029364e-01
9.140647e-01
9.251154e-01
9.360346e-01
9.467486e-01
9.571551e-01
9.671157e-01
9.764436e-01
9.848722e-01
9.919727e-01
9.970342e-01
9.994490e-01
9.999684e-01
9.999997e-01
1.000000e+00
1.000000e+00
1.000000e+00
1.000000e+00
1.000000e+00
1.000000e+00
1.000000e+00
1.000000e+00
1.000000e+00
1.000000e+00
1.000000e+00
1.000000e+00
1.000000e+00
1.000000e+00
1.000000e+00
1.000000e+00
1.000000e+00
1.000000e+00
1.000000e+00
1.000000e+00
1.000000e+00
1.000000e+00
1.000000e+00
1.000000e+00
1.000000e+00
1.000000e+00
1.000000e+00
1.000000e+00
1.000000e+00
1.000000e+00
1.000000e+00
1.000000e+00
1.000000e+00
1.000000e+00
1.000000e+00
1.000000e+00
1.000000e+00
1.000000e+00
1.000000e+00
1.000000e+00
1.000000e+00
1.000000e+00
1.000000e+00
1.000000e+00
1.000000e+00
1.000000e+00
1.000000e+00
1.000000e+00
1.000000e+00
1.000000e+00
1.000000e+00
1.000000e+00
1.000000e+00
1.000000e+00
1.000000e+00
1.000000e+00
1.000000e+00
1.000000e+00
1.000000e+00
1.000000e+00
1.000000e+00
1.000000e+00
1.000000e+00
1.000000e+00
1.000000e+00
1.000000e+00
1.000000e+00
1.000000e+00
1.000000e+00
1.000000e+00
1.000000e+00
1.000000e+00
1.000000e+00
1.000000e+00
1.000000e+00
1.000000e+00
1.000000e+00
1.000000e+00
1.000000e+00
1.000000e+00
1.000000e+00
1.000000e+00
1.000000e+00
1.000000e+00
1.000000e+00
1.000000e+00
1.000000e+00
1.000000e+00
1.000000e+00
1.000000e+00
1.000000e+00
1.000000e+00
1.000000e+00
1.000000e+00
1.000000e+00
1.000000e+00
1.000000e+00
1.000000e+00
1.000000e+00
1.000000e+00
1.000000e+00
1.000000e+00
1.000000e+00
1.000000e+00
1.000000e+00
1.000000e+00
1.000000e+00
1.000000e+00
1.000000e+00
1.000000e+00
1.000000e+00
1.000000e+00
1.000000e+00
1.000000e+00
1.000000e+00
9.999999e-01
9.999997e-01
9.999982e-01
9.999905e-01
9.999509e-01
9.997639e-01
9.990086e-01
9.966598e-01
9.914697e-01
9.832380e-01
9.729483e-01
9.616648e-01
9.500105e-01
9.382580e-01
9.264975e-01
9.147669e-01
9.030897e-01
8.914835e-01
8.799558e-01
8.685134e-01
8.571616e-01
8.459043e-01
8.347443e-01
8.236839e-01
8.127246e-01
8.018675e-01
7.911136e-01
7.804634e-01
7.699164e-01
7.594754e-01
7.491388e-01
7.389065e-01
7.287782e-01
7.187541e-01
7.088338e-01
6.990169e-01
6.893033e-01
6.796925e-01
6.701844e-01
6.607767e-01
6.514700e-01
6.422649e-01
6.331608e-01
6.241588e-01
6.152573e-01
6.064564e-01
5.977551e-01
5.891533e-01
5.806509e-01
5.722477e-01
5.639446e-01
5.557351e-01
5.476256e-01
5.396142e-01
5.317026e-01
5.238920e-01
5.161835e-01
5.085786e-01
5.010846e-01
4.937044e-01
4.864415e-01
4.793048e-01
4.723088e-01
4.654658e-01
4.588110e-01
4.523999e-01
4.463184e-01
4.407017e-01
4.357467e-01
4.316991e-01
4.287715e-01
4.270202e-01
4.262252e-01
4.260114e-01
4.259949e-01
4.260731e-01
4.261585e-01
4.262005e-01
4.262077e-01
4.262062e-01
4.261979e-01
4.261865e-01
4.261775e-01
4.261726e-01
4.261707e-01
4.261752e-01
4.261809e-01
4.261850e-01
4.261874e-01
4.261886e-01
4.261887e-01
4.261882e-01
4.261871e-01
4.261856e-01
4.261837e-01
4.261812e-01
4.261777e-01
4.261731e-01
4.261671e-01
4.261598e-01
4.261511e-01
4.261405e-01
4.261275e-01
4.261114e-01
4.260920e-01
4.260687e-01
4.260409e-01
4.260065e-01
4.259606e-01
4.258923e-01
4.257796e-01
4.255774e-01
4.251961e-01
4.244645e-01
4.230748e-01
4.205122e-01
4.159924e-01
4.084558e-01
3.967067e-01
3.798409e-01
3.578119e-01
3.321034e-01
3.064516e-01
2.851231e-01
2.713343e-01
2.656390e-01
2.646185e-01
2.645967e-01
2.646547e-01
2.648328e-01
2.651159e-01
2.653966e-01
2.655627e-01
2.655990e-01
2.655988e-01
2.655935e-01
2.655810e-01
2.655686e-01
2.655656e-01
2.655663e-01
2.655697e-01
2.655764e-01
2.655830e-01
2.655854e-01
2.655851e-01
2.655831e-01
2.655784e-01
2.655718e-01
2.655649e-01
2.655592e-01
2.655567e-01
2.655565e-01
2.655574e-01
2.655593e-01
2.655615e-01
2.655625e-01
2.655636e-01
2.655621e-01
2.655609e-01
2.655484e-01
2.655017e-01
2.652740e-01
2.641599e-01
2.585518e-01
2.306780e-01
1.634209e-01
1.275213e-01
1.250115e-01
1.250000e-01
1.250000e-01
1.250000e-01
1.250000e-01
1.250000e-01
1.250000e-01
1.250000e-01
1.250000e-01
1.250000e-01
1.250000e-01
1.250000e-01
1.250000e-01
1.250000e-01
1.250000e-01
1.250000e-01
1.250000e-01
1.250000e-01
1.250000e-01
1.250000e-01
1.250000e-01
1.250000e-01
1.250000e-01
1.250000e-01
1.250000e-01
1.250000e-01
1.250000e-01
1.250000e-01
1.250000e-01
1.250000e-01
1.250000e-01
1.250000e-01
1.250000e-01
1.250000e-01
1.250000e-01
1.250000e-01
1.250000e-01
1.250000e-01
1.250000e-01
1.250000e-01
1.250000e-01
1.250000e-01
1.250000e-01
1.250000e-01
1.250000e-01
1.250000e-01
1.250000e-01
1.250000e-01
1.250000e-01
1.250000e-01
1.250000e-01
1.250000e-01
1.250000e-01
1.250000e-01
1.250000e-01
1.250000e-01
1.250000e-01
1.250000e-01
1.250000e-01
1.250000e-01
1.250000e-01
1.250000e-01
1.250004e-01
1.250043e-01
1.250491e-01
1.255440e-01
1.305311e-01
1.628433e-01
2.294994e-01
2.583447e-01
2.641821e-01
2.653751e-01
2.655417e-01
2.655627e-01
2.655661e-01
2.655654e-01
2.655650e-01
2.655625e-01
2.655589e-01
2.655551e-01
2.655528e-01
2.655524e-01
2.655543e-01
2.655593e-01
2.655674e-01
2.655776e-01
2.655871e-01
2.655934e-01
2.655960e-01
2.655962e-01
2.655936e-01
2.655851e-01
2.655733e-01
2.655647e-01
2.655614e-01
2.655614e-01
2.655633e-01
2.655644e-01
2.655634e-01
2.655494e-01
2.654918e-01
2.653880e-01
2.652955e-01
2.652578e-01
2.652571e-01
2.653792e-01
2.661838e-01
2.690675e-01
2.761156e-01
2.891594e-01
3.083377e-01
3.318460e-01
3.562752e-01
3.780391e-01
3.953206e-01
4.076195e-01
4.155365e-01
4.202441e-01
4.228676e-01
4.242620e-01
4.249849e-01
4.253614e-01
4.255661e-01
4.256868e-01
4.257660e-01
4.258231e-01
4.258673e-01
4.259033e-01
4.259336e-01
4.259597e-01
4.259821e-01
4.260012e-01
4.260175e-01
4.260311e-01
4.260423e-01
4.260515e-01
4.260589e-01
4.260650e-01
4.260705e-01
4.260758e-01
4.260810e-01
4.260856e-01
4.260898e-01
4.260933e-01
4.260963e-01
4.260983e-01
4.260994e-01
4.261007e-01
4.261075e-01
4.261177e-01
4.261332e-01
4.261515e-01
4.261670e-01
4.261774e-01
4.261825e-01
4.261843e-01
4.261774e-01
4.261258e-01
4.260226e-01
4.259448e-01
4.260106e-01
