4.299835e-01
4.371304e-01
4.471222e-01
4.589978e-01
4.720121e-01
4.857650e-01
5.000902e-01
5.148923e-01
5.301273e-01
5.457609e-01
5.617835e-01
5.781641e-01
5.949207e-01
6.120450e-01
6.295324e-01
6.473839e-01
6.655971e-01
6.841457e-01
7.030382e-01
7.222626e-01
7.418061e-01
7.616528e-01
7.817861e-01
8.021645e-01
8.227513e-01
8.434880e-01
8.642942e-01
8.850568e-01
9.056160e-01
9.257350e-01
9.450400e-01
9.629929e-01
9.787712e-01
9.909705e-01
9.978432e-01
9.998161e-01
9.999968e-01
1.000000e+00
1.000000e+00
1.000000e+00
1.000000e+00
1.000000e+00
1.000000e+00
1.000000e+00
1.000000e+00
1.000000e+00
1.000000e+00
1.000000e+00
1.000000e+00
1.000000e+00
1.000000e+00
1.000000e+00
1.000000e+00
1.000000e+00
1.000000e+00
1.000000e+00
1.000000e+00
1.000000e+00
1.000000e+00
1.000000e+00
1.000000e+00
1.000000e+00
1.000000e+00
1.000000e+00
1.000000e+00
1.000000e+00
1.000000e+00
1.000000e+00
1.000000e+00
1.000000e+00
1.000000e+00
1.000000e+00
1.000000e+00
1.000000e+00
1.000000e+00
1.000000e+00
1.000000e+00
1.000000e+00
1.000000e+00
1.000000e+00
1.000000e+00
1.000000e+00
1.000000e+00
1.000000e+00
1.000000e+00
1.000000e+00
1.000000e+00
1.000000e+00
1.000000e+00
1.000000e+00
1.000000e+00
1.000000e+00
1.000000e+00
1.000000e+00
1.000000e+00
1.000000e+00
1.000000e+00
1.000000e+00
1.000000e+00
1.000000e+00
1.000000e+00
1.000000e+00
1.000000e+00
1.000000e+00
1.000000e+00
1.000000e+00
1.000000e+00
1.000000e+00
1.000000e+00
1.000000e+00
1.000000e+00
1.000000e+00
1.000000e+00
1.000000e+00
1.000000e+00
1.000000e+00
1.000000e+00
1.000000e+00
1.000000e+00
1.000000e+00
1.000000e+00
1.000000e+00
1.000000e+00
1.000000e+00
1.000000e+00
1.000000e+00
1.000000e+00
1.000000e+00
1.000000e+00
1.000000e+00
1.000000e+00
1.000000e+00
1.000000e+00
1.000000e+00
1.000000e+00
1.000000e+00
1.000000e+00
1.000000e+00
1.000000e+00
1.000000e+00
1.000000e+00
1.000000e+00
1.000000e+00
1.000000e+00
1.000000e+00
1.000000e+00
1.000000e+00
1.000000e+00
1.000000e+00
1.000000e+00
1.000000e+00
1.000000e+00
1.000000e+00
1.000000e+00
1.000000e+00
1.000000e+00
1.000000e+00
1.000000e+00
1.000000e+00
1.000000e+00
1.000000e+00
1.000000e+00
1.000000e+00
1.000000e+00
1.000000e+00
1.000000e+00
1.000000e+00
1.000000e+00
1.000000e+00
1.000000e+00
1.000000e+00
1.000000e+00
1.000000e+00
1.000000e+00
1.000000e+00
1.000000e+00
1.000000e+00
1.000000e+00
1.000000e+00
1.000000e+00
1.000000e+00
1.000000e+00
1.000000e+00
1.000000e+00
1.000000e+00
1.000000e+00
1.000000e+00
1.000000e+00
1.000000e+00
1.000000e+00
1.000000e+00
1.000000e+00
1.000000e+00
1.000000e+00
1.000000e+00
1.000000e+00
1.000000e+00
1.000000e+00
1.000000e+00
1.000000e+00
1.000000e+00
1.000000e+00
1.000000e+00
1.000000e+00
1.000000e+00
1.000000e+00
1.000000e+00
1.000000e+00
1.000000e+00
1.000000e+00
1.000000e+00
1.000000e+00
1.000000e+00
1.000000e+00
1.000000e+00
9.999999e-01
9.999997e-01
9.999982e-01
9.999893e-01
9.999400e-01
9.996852e-01
9.985505e-01
9.946560e-01
9.853503e-01
9.699485e-01
9.504463e-01
9.291113e-01
9.072494e-01
8.853618e-01
8.636223e-01
8.421195e-01
8.209057e-01
8.000116e-01
7.794563e-01
7.592470e-01
7.394024e-01
7.199212e-01
7.008055e-01
6.820575e-01
6.636788e-01
6.456571e-01
6.280116e-01
6.107421e-01
5.938451e-01
5.773229e-01
5.611809e-01
5.454039e-01
5.300214e-01
5.150487e-01
5.005244e-01
4.865049e-01
4.730991e-01
4.604664e-01
4.489674e-01
4.391852e-01
4.318751e-01
4.275183e-01
4.258059e-01
4.254695e-01
4.257114e-01
4.259844e-01
4.260776e-01
4.260780e-01
4.260613e-01
4.260375e-01
4.260096e-01
4.259746e-01
4.259325e-01
4.258867e-01
4.258352e-01
4.257628e-01
4.256526e-01
4.254773e-01
4.251605e-01
4.244978e-01
4.230143e-01
4.197575e-01
4.131105e-01
4.008549e-01
3.809055e-01
3.528934e-01
3.203006e-01
2.909201e-01
2.717703e-01
2.646533e-01
2.637206e-01
2.637637e-01
2.640455e-01
2.646110e-01
2.652075e-01
2.655454e-01
2.656379e-01
2.656468e-01
2.656398e-01
2.656155e-01
2.655823e-01
2.655531e-01
2.655350e-01
2.654985e-01
2.653559e-01
2.646147e-01
2.608902e-01
2.418379e-01
1.808758e-01
1.312786e-01
1.250599e-01
1.250000e-01
1.250000e-01
1.250000e-01
1.250000e-01
1.250000e-01
1.250000e-01
1.250000e-01
1.250000e-01
1.250000e-01
1.250000e-01
1.250000e-01
1.250000e-01
1.250000e-01
1.250000e-01
1.250000e-01
1.250000e-01
1.250000e-01
1.250000e-01
1.250000e-01
1.250000e-01
1.250000e-01
1.250000e-01
1.250000e-01
1.250000e-01
1.250000e-01
1.250000e-01
1.250000e-01
1.250000e-01
1.250000e-01
1.250000e-01
1.250000e-01
1.250000e-01
1.250000e-01
1.250000e-01
1.250000e-01
1.250000e-01
1.250000e-01
1.250000e-01
1.250000e-01
1.250000e-01
1.250000e-01
1.250000e-01
1.250000e-01
1.250000e-01
1.250000e-01
1.250000e-01
1.250000e-01
1.250000e-01
1.250000e-01
1.250000e-01
1.250000e-01
1.250000e-01
1.250000e-01
1.250000e-01
1.250000e-01
1.250000e-01
1.250000e-01
1.250000e-01
1.250000e-01
1.250000e-01
1.250000e-01
1.250000e-01
1.250000e-01
1.250000e-01
1.250000e-01
1.250000e-01
1.250000e-01
1.250000e-01
1.250000e-01
1.250000e-01
1.250000e-01
1.250000e-01
1.250000e-01
1.250000e-01
1.250000e-01
1.250000e-01
1.250000e-01
1.250000e-01
1.250000e-01
1.250000e-01
1.250000e-01
1.250000e-01
1.250000e-01
1.250000e-01
1.250000e-01
1.250000e-01
1.250000e-01
1.250000e-01
1.250000e-01
1.250000e-01
1.250000e-01
1.250000e-01
1.250000e-01
1.250000e-01
1.250000e-01
1.250000e-01
1.250000e-01
1.250000e-01
1.250000e-01
1.250000e-01
1.250000e-01
1.250000e-01
1.250000e-01
1.250000e-01
1.250000e-01
1.250000e-01
1.250000e-01
1.250000e-01
1.250000e-01
1.250000e-01
1.250000e-01
1.250000e-01
1.250000e-01
1.250000e-01
1.250000e-01
1.250000e-01
1.250000e-01
1.250000e-01
1.250000e-01
1.250000e-01
1.250000e-01
1.250000e-01
1.250000e-01
1.250000e-01
1.250000e-01
1.250000e-01
1.250000e-01
1.250000e-01
1.250000e-01
1.250000e-01
1.250000e-01
1.250000e-01
1.250000e-01
1.250000e-01
1.250000e-01
1.250000e-01
1.250000e-01
1.250000e-01
1.250000e-01
1.250000e-01
1.250000e-01
1.250000e-01
1.250000e-01
1.250000e-01
1.250000e-01
1.250000e-01
1.250000e-01
1.250000e-01
1.250000e-01
1.250000e-01
1.250000e-01
1.250000e-01
1.250001e-01
1.250007e-01
1.250080e-01
1.250904e-01
1.259920e-01
1.345358e-01
1.789053e-01
2.415199e-01
2.605573e-01
2.647160e-01
2.654428e-01
2.655241e-01
2.655291e-01
2.655341e-01
2.655565e-01
2.655870e-01
2.656071e-01
2.656091e-01
2.655895e-01
2.654779e-01
2.651815e-01
2.647947e-01
2.645837e-01
2.645508e-01
2.648601e-01
2.672157e-01
2.757125e-01
2.941590e-01
3.216128e-01
3.526805e-01
3.801126e-01
4.002384e-01
4.127761e-01
4.195264e-01
4.227780e-01
4.242360e-01
4.248894e-01
4.252133e-01
4.254030e-01
4.255308e-01
4.256271e-01
4.257097e-01
4.257845e-01
4.258476e-01
4.258900e-01
4.259155e-01
4.259348e-01
4.259785e-01
4.260161e-01
4.260149e-01
4.258161e-01
4.254490e-01
4.253066e-01
4.263351e-01
