4.271126e-01
4.299189e-01
4.345752e-01
4.408295e-01
4.481844e-01
4.562524e-01
4.647814e-01
4.736277e-01
4.827114e-01
4.920118e-01
5.015032e-01
5.111771e-01
5.210279e-01
5.310448e-01
5.412253e-01
5.515680e-01
5.620734e-01
5.727305e-01
5.835492e-01
5.945277e-01
6.056666e-01
6.169650e-01
6.284232e-01
6.400433e-01
6.518225e-01
6.637632e-01
6.758579e-01
6.881102e-01
7.005195e-01
7.130845e-01
7.258037e-01
7.386748e-01
7.516950e-01
7.648610e-01
7.781692e-01
7.916136e-01
8.051847e-01
8.188748e-01
8.326715e-01
8.465591e-01
8.605175e-01
8.745204e-01
8.885328e-01
9.025080e-01
9.163862e-01
9.300761e-01
9.434540e-01
9.563418e-01
9.684940e-01
9.795623e-01
9.889852e-01
9.958204e-01
9.991875e-01
9.999501e-01
9.999995e-01
1.000000e+00
1.000000e+00
1.000000e+00
1.000000e+00
1.000000e+00
1.000000e+00
1.000000e+00
1.000000e+00
1.000000e+00
1.000000e+00
1.000000e+00
1.000000e+00
1.000000e+00
1.000000e+00
1.000000e+00
1.000000e+00
1.000000e+00
1.000000e+00
1.000000e+00
1.000000e+00
1.000000e+00
1.000000e+00
1.000000e+00
1.000000e+00
1.000000e+00
1.000000e+00
1.000000e+00
1.000000e+00
1.000000e+00
1.000000e+00
1.000000e+00
1.000000e+00
1.000000e+00
1.000000e+00
1.000000e+00
1.000000e+00
1.000000e+00
1.000000e+00
1.000000e+00
1.000000e+00
1.000000e+00
1.000000e+00
1.000000e+00
1.000000e+00
1.000000e+00
1.000000e+00
1.000000e+00
1.000000e+00
1.000000e+00
1.000000e+00
1.000000e+00
1.000000e+00
1.000000e+00
1.000000e+00
1.000000e+00
1.000000e+00
1.000000e+00
1.000000e+00
1.000000e+00
1.000000e+00
1.000000e+00
1.000000e+00
1.000000e+00
1.000000e+00
1.000000e+00
1.000000e+00
1.000000e+00
1.000000e+00
1.000000e+00
1.000000e+00
1.000000e+00
1.000000e+00
1.000000e+00
1.000000e+00
1.000000e+00
1.000000e+00
1.000000e+00
1.000000e+00
1.000000e+00
1.000000e+00
1.000000e+00
1.000000e+00
1.000000e+00
1.000000e+00
1.000000e+00
1.000000e+00
1.000000e+00
1.000000e+00
1.000000e+00
1.000000e+00
1.000000e+00
1.000000e+00
1.000000e+00
1.000000e+00
1.000000e+00
1.000000e+00
1.000000e+00
1.000000e+00
1.000000e+00
1.000000e+00
1.000000e+00
1.000000e+00
1.000000e+00
1.000000e+00
1.000000e+00
1.000000e+00
1.000000e+00
1.000000e+00
1.000000e+00
1.000000e+00
1.000000e+00
1.000000e+00
1.000000e+00
1.000000e+00
1.000000e+00
1.000000e+00
1.000000e+00
1.000000e+00
1.000000e+00
1.000000e+00
1.000000e+00
1.000000e+00
1.000000e+00
1.000000e+00
1.000000e+00
1.000000e+00
1.000000e+00
1.000000e+00
1.000000e+00
1.000000e+00
1.000000e+00
1.000000e+00
1.000000e+00
1.000000e+00
1.000000e+00
1.000000e+00
1.000000e+00
1.000000e+00
1.000000e+00
1.000000e+00
1.000000e+00
1.000000e+00
1.000000e+00
9.999999e-01
9.999994e-01
9.999966e-01
9.999818e-01
9.999055e-01
9.995509e-01
9.981862e-01
9.942832e-01
9.864774e-01
9.750954e-01
9.615932e-01
9.471740e-01
9.324669e-01
9.177126e-01
9.029923e-01
8.883583e-01
8.738349e-01
8.594390e-01
8.451824e-01
8.310731e-01
8.171169e-01
8.033179e-01
7.896794e-01
7.762013e-01
7.628879e-01
7.497398e-01
7.367565e-01
7.239381e-01
7.112844e-01
6.987953e-01
6.864705e-01
6.743097e-01
6.623115e-01
6.504722e-01
6.387970e-01
6.272843e-01
6.159353e-01
6.047479e-01
5.937211e-01
5.828555e-01
5.721509e-01
5.616080e-01
5.512182e-01
5.409913e-01
5.309284e-01
5.210315e-01
5.113052e-01
5.017615e-01
4.924092e-01
4.832627e-01
4.743514e-01
4.657007e-01
4.573917e-01
4.495508e-01
4.423810e-01
4.361878e-01
4.313406e-01
4.281257e-01
4.264708e-01
4.259353e-01
4.258560e-01
4.259722e-01
4.261042e-01
4.261691e-01
4.261815e-01
4.261800e-01
4.261740e-01
4.261598e-01
4.261437e-01
4.261311e-01
4.261218e-01
4.261216e-01
4.261222e-01
4.261216e-01
4.261190e-01
4.261145e-01
4.261081e-01
4.260992e-01
4.260867e-01
4.260701e-01
4.260499e-01
4.260267e-01
4.259999e-01
4.259666e-01
4.259205e-01
4.258500e-01
4.257319e-01
4.255171e-01
4.251009e-01
4.242689e-01
4.226117e-01
4.194173e-01
4.135856e-01
4.036654e-01
3.881989e-01
3.664941e-01
3.395427e-01
3.112455e-01
2.871368e-01
2.715322e-01
2.653256e-01
2.643395e-01
2.643364e-01
2.644473e-01
2.647349e-01
2.651345e-01
2.654676e-01
2.656055e-01
2.656165e-01
2.656121e-01
2.655965e-01
2.655712e-01
2.655543e-01
2.655528e-01
2.655556e-01
2.655633e-01
2.655741e-01
2.655814e-01
2.655825e-01
2.655798e-01
2.655718e-01
2.655600e-01
2.655490e-01
2.655412e-01
2.655344e-01
2.655193e-01
2.654624e-01
2.651664e-01
2.636845e-01
2.561205e-01
2.203730e-01
1.523738e-01
1.261621e-01
1.250030e-01
1.250000e-01
1.250000e-01
1.250000e-01
1.250000e-01
1.250000e-01
1.250000e-01
1.250000e-01
1.250000e-01
1.250000e-01
1.250000e-01
1.250000e-01
1.250000e-01
1.250000e-01
1.250000e-01
1.250000e-01
1.250000e-01
1.250000e-01
1.250000e-01
1.250000e-01
1.250000e-01
1.250000e-01
1.250000e-01
1.250000e-01
1.250000e-01
1.250000e-01
1.250000e-01
1.250000e-01
1.250000e-01
1.250000e-01
1.250000e-01
1.250000e-01
1.250000e-01
1.250000e-01
1.250000e-01
1.250000e-01
1.250000e-01
1.250000e-01
1.250000e-01
1.250000e-01
1.250000e-01
1.250000e-01
1.250000e-01
1.250000e-01
1.250000e-01
1.250000e-01
1.250000e-01
1.250000e-01
1.250000e-01
1.250000e-01
1.250000e-01
1.250000e-01
1.250000e-01
1.250000e-01
1.250000e-01
1.250000e-01
1.250000e-01
1.250000e-01
1.250000e-01
1.250000e-01
1.250000e-01
1.250000e-01
1.250000e-01
1.250000e-01
1.250000e-01
1.250000e-01
1.250000e-01
1.250000e-01
1.250000e-01
1.250000e-01
1.250000e-01
1.250000e-01
1.250000e-01
1.250000e-01
1.250000e-01
1.250000e-01
1.250000e-01
1.250000e-01
1.250000e-01
1.250000e-01
1.250000e-01
1.250000e-01
1.250000e-01
1.250000e-01
1.250000e-01
1.250000e-01
1.250000e-01
1.250000e-01
1.250000e-01
1.250000e-01
1.250000e-01
1.250000e-01
1.250000e-01
1.250000e-01
1.250000e-01
1.250000e-01
1.250000e-01
1.250000e-01
1.250000e-01
1.250000e-01
1.250000e-01
1.250000e-01
1.250002e-01
1.250028e-01
1.250315e-01
1.253512e-01
1.286729e-01
1.531449e-01
2.184956e-01
2.560738e-01
2.636021e-01
2.652634e-01
2.654936e-01
2.655220e-01
2.655300e-01
2.655385e-01
2.655530e-01
2.655730e-01
2.655895e-01
2.655974e-01
2.655986e-01
2.655955e-01
2.655808e-01
2.655593e-01
2.655432e-01
2.655372e-01
2.655375e-01
2.655493e-01
2.655700e-01
2.655799e-01
2.655804e-01
2.655489e-01
2.654131e-01
2.652209e-01
2.650971e-01
2.650657e-01
2.651100e-01
2.657030e-01
2.684511e-01
2.760184e-01
2.908127e-01
3.128051e-01
3.391636e-01
3.651530e-01
3.868465e-01
4.027913e-01
4.131198e-01
4.191545e-01
4.224053e-01
4.240562e-01
4.248711e-01
4.252785e-01
4.254950e-01
4.256223e-01
4.257056e-01
4.257650e-01
4.258102e-01
4.258470e-01
4.258784e-01
4.259057e-01
4.259292e-01
4.259488e-01
4.259655e-01
4.259801e-01
4.259929e-01
4.260033e-01
4.260114e-01
4.260204e-01
4.260358e-01
4.260573e-01
4.260835e-01
4.261058e-01
4.261184e-01
4.261274e-01
4.261355e-01
4.261397e-01
4.261318e-01
4.260459e-01
4.258776e-01
4.257710e-01
4.260053e-01
