4.263626e-01
4.275129e-01
4.297910e-01
4.333209e-01
4.378902e-01
4.432220e-01
4.490623e-01
4.552398e-01
4.616498e-01
4.682313e-01
4.749512e-01
4.817840e-01
4.887287e-01
4.957755e-01
5.029214e-01
5.101641e-01
5.175031e-01
5.249330e-01
5.324537e-01
5.400649e-01
5.477656e-01
5.555551e-01
5.634354e-01
5.713998e-01
5.794553e-01
5.876005e-01
5.958356e-01
6.041609e-01
6.125766e-01
6.210827e-01
6.296794e-01
6.383683e-01
6.471481e-01
6.560185e-01
6.649817e-01
6.740329e-01
6.831755e-01
6.924089e-01
7.017332e-01
7.111481e-01
7.206534e-01
7.302485e-01
7.399329e-01
7.497058e-01
7.595661e-01
7.695128e-01
7.795450e-01
7.896606e-01
7.998562e-01
8.101300e-01
8.204782e-01
8.308966e-01
8.413801e-01
8.519221e-01
8.625146e-01
8.731476e-01
8.838083e-01
8.944804e-01
9.051429e-01
9.157707e-01
9.263262e-01
9.367617e-01
9.470119e-01
9.569863e-01
9.665631e-01
9.755791e-01
9.838059e-01
9.908897e-01
9.962301e-01
9.991346e-01
9.999299e-01
9.999989e-01
1.000000e+00
1.000000e+00
1.000000e+00
1.000000e+00
1.000000e+00
1.000000e+00
1.000000e+00
1.000000e+00
1.000000e+00
1.000000e+00
1.000000e+00
1.000000e+00
1.000000e+00
1.000000e+00
1.000000e+00
1.000000e+00
1.000000e+00
1.000000e+00
1.000000e+00
1.000000e+00
1.000000e+00
1.000000e+00
1.000000e+00
1.000000e+00
1.000000e+00
1.000000e+00
1.000000e+00
1.000000e+00
1.000000e+00
1.000000e+00
1.000000e+00
1.000000e+00
1.000000e+00
1.000000e+00
1.000000e+00
1.000000e+00
1.000000e+00
1.000000e+00
1.000000e+00
1.000000e+00
1.000000e+00
1.000000e+00
1.000000e+00
1.000000e+00
1.000000e+00
1.000000e+00
1.000000e+00
1.000000e+00
1.000000e+00
1.000000e+00
1.000000e+00
1.000000e+00
1.000000e+00
1.000000e+00
1.000000e+00
1.000000e+00
1.000000e+00
1.000000e+00
1.000000e+00
1.000000e+00
1.000000e+00
1.000000e+00
1.000000e+00
1.000000e+00
1.000000e+00
1.000000e+00
1.000000e+00
1.000000e+00
1.000000e+00
1.000000e+00
1.000000e+00
1.000000e+00
1.000000e+00
1.000000e+00
1.000000e+00
1.000000e+00
1.000000e+00
1.000000e+00
1.000000e+00
1.000000e+00
1.000000e+00
1.000000e+00
1.000000e+00
1.000000e+00
1.000000e+00
1.000000e+00
1.000000e+00
1.000000e+00
1.000000e+00
1.000000e+00
1.000000e+00
1.000000e+00
1.000000e+00
1.000000e+00
1.000000e+00
1.000000e+00
1.000000e+00
1.000000e+00
1.000000e+00
1.000000e+00
1.000000e+00
1.000000e+00
1.000000e+00
1.000000e+00
1.000000e+00
1.000000e+00
1.000000e+00
1.000000e+00
1.000000e+00
9.999999e-01
9.999996e-01
9.999976e-01
9.999873e-01
9.999355e-01
9.996973e-01
9.987774e-01
9.960932e-01
9.905558e-01
9.822386e-01
9.721723e-01
9.613017e-01
9.501443e-01
9.389157e-01
9.276853e-01
9.164847e-01
9.053337e-01
8.942479e-01
8.832337e-01
8.722969e-01
8.614424e-01
8.506737e-01
8.399934e-01
8.294036e-01
8.189056e-01
8.085006e-01
7.981894e-01
7.879728e-01
7.778502e-01
7.678232e-01
7.578920e-01
7.480560e-01
7.383151e-01
7.286689e-01
7.191175e-01
7.096606e-01
7.002980e-01
6.910292e-01
6.818541e-01
6.727723e-01
6.637833e-01
6.548842e-01
6.460785e-01
6.373646e-01
6.287426e-01
6.202130e-01
6.117748e-01
6.034270e-01
5.951699e-01
5.870030e-01
5.789263e-01
5.709394e-01
5.630432e-01
5.552316e-01
5.475106e-01
5.398788e-01
5.323370e-01
5.248865e-01
5.175281e-01
5.102627e-01
5.030961e-01
4.960303e-01
4.890690e-01
4.822179e-01
4.754871e-01
4.688838e-01
4.624329e-01
4.561679e-01
4.501450e-01
4.444525e-01
4.392283e-01
4.346659e-01
4.309931e-01
4.283885e-01
4.268675e-01
4.261958e-01
4.260279e-01
4.260188e-01
4.260908e-01
4.261674e-01
4.262050e-01
4.262111e-01
4.262095e-01
4.262011e-01
4.261903e-01
4.261825e-01
4.261782e-01
4.261786e-01
4.261833e-01
4.261892e-01
4.261935e-01
4.261963e-01
4.261979e-01
4.261987e-01
4.261991e-01
4.261990e-01
4.261984e-01
4.261974e-01
4.261960e-01
4.261940e-01
4.261914e-01
4.261877e-01
4.261828e-01
4.261765e-01
4.261687e-01
4.261597e-01
4.261491e-01
4.261367e-01
4.261220e-01
4.261041e-01
4.260826e-01
4.260567e-01
4.260248e-01
4.259834e-01
4.259246e-01
4.258314e-01
4.256691e-01
4.253690e-01
4.247994e-01
4.237204e-01
4.217234e-01
4.181671e-01
4.121446e-01
4.025431e-01
3.883117e-01
3.689743e-01
3.451479e-01
3.193338e-01
2.956677e-01
2.778191e-01
2.679939e-01
2.649531e-01
2.646397e-01
2.646546e-01
2.647495e-01
2.649600e-01
2.652397e-01
2.654742e-01
2.655831e-01
2.655978e-01
2.655965e-01
2.655896e-01
2.655776e-01
2.655688e-01
2.655672e-01
2.655683e-01
2.655722e-01
2.655785e-01
2.655838e-01
2.655854e-01
2.655851e-01
2.655833e-01
2.655792e-01
2.655733e-01
2.655671e-01
2.655621e-01
2.655589e-01
2.655575e-01
2.655574e-01
2.655582e-01
2.655599e-01
2.655621e-01
2.655639e-01
2.655653e-01
2.655652e-01
2.655654e-01
2.655614e-01
2.655466e-01
2.654721e-01
2.651139e-01
2.633370e-01
2.543045e-01
2.135505e-01
1.468057e-01
1.257095e-01
1.250013e-01
1.250000e-01
1.250000e-01
1.250000e-01
1.250000e-01
1.250000e-01
1.250000e-01
1.250000e-01
1.250000e-01
1.250000e-01
1.250000e-01
1.250000e-01
1.250000e-01
1.250000e-01
1.250000e-01
1.250000e-01
1.250000e-01
1.250000e-01
1.250000e-01
1.250000e-01
1.250000e-01
1.250000e-01
1.250000e-01
1.250000e-01
1.250000e-01
1.250000e-01
1.250000e-01
1.250000e-01
1.250000e-01
1.250000e-01
1.250000e-01
1.250000e-01
1.250000e-01
1.250000e-01
1.250000e-01
1.250000e-01
1.250000e-01
1.250000e-01
1.250000e-01
1.250000e-01
1.250000e-01
1.250000e-01
1.250000e-01
1.250000e-01
1.250000e-01
1.250000e-01
1.250000e-01
1.250000e-01
1.250000e-01
1.250000e-01
1.250000e-01
1.250000e-01
1.250002e-01
1.250021e-01
1.250243e-01
1.252713e-01
1.278743e-01
1.483116e-01
2.113091e-01
2.543426e-01
2.631978e-01
2.652300e-01
2.655241e-01
2.655616e-01
2.655648e-01
2.655657e-01
2.655653e-01
2.655644e-01
2.655631e-01
2.655618e-01
2.655604e-01
2.655595e-01
2.655595e-01
2.655602e-01
2.655611e-01
2.655628e-01
2.655666e-01
2.655733e-01
2.655818e-01
2.655891e-01
2.655934e-01
2.655951e-01
2.655954e-01
2.655927e-01
2.655828e-01
2.655731e-01
2.655669e-01
2.655641e-01
2.655630e-01
2.655623e-01
2.655609e-01
2.655524e-01
2.655159e-01
2.654331e-01
2.653422e-01
2.652942e-01
2.652855e-01
2.653315e-01
2.657535e-01
2.675385e-01
2.724646e-01
2.825052e-01
2.986580e-01
3.200111e-01
3.440488e-01
3.671238e-01
3.865868e-01
4.013684e-01
4.114688e-01
4.177942e-01
4.214844e-01
4.235179e-01
4.245959e-01
4.251584e-01
4.254567e-01
4.256233e-01
4.257251e-01
4.257943e-01
4.258463e-01
4.258880e-01
4.259226e-01
4.259513e-01
4.259755e-01
4.259961e-01
4.260142e-01
4.260301e-01
4.260439e-01
4.260557e-01
4.260656e-01
4.260736e-01
4.260799e-01
4.260849e-01
4.260891e-01
4.260928e-01
4.260964e-01
4.260998e-01
4.261031e-01
4.261060e-01
4.261085e-01
4.261105e-01
4.261117e-01
4.261119e-01
4.261123e-01
4.261181e-01
4.261268e-01
4.261406e-01
4.261578e-01
4.261733e-01
4.261840e-01
4.261894e-01
4.261914e-01
4.261857e-01
4.261398e-01
4.260460e-01
4.259735e-01
4.260191e-01
