4.261678e-01
4.265055e-01
4.274082e-01
4.290814e-01
4.315984e-01
4.348600e-01
4.386944e-01
4.429353e-01
4.474539e-01
4.521644e-01
4.570134e-01
4.619684e-01
4.670097e-01
4.721233e-01
4.773003e-01
4.825401e-01
4.878383e-01
4.931934e-01
4.986040e-01
5.040691e-01
5.095885e-01
5.151626e-01
5.207885e-01
5.264665e-01
5.321962e-01
5.379775e-01
5.438106e-01
5.496951e-01
5.556313e-01
5.616194e-01
5.676566e-01
5.737461e-01
5.798874e-01
5.860811e-01
5.923271e-01
5.986255e-01
6.049766e-01
6.113802e-01
6.178368e-01
6.243463e-01
6.309090e-01
6.375257e-01
6.441959e-01
6.509194e-01
6.576965e-01
6.645280e-01
6.714118e-01
6.783495e-01
6.853410e-01
6.923866e-01
6.994861e-01
7.066397e-01
7.138473e-01
7.211088e-01
7.284243e-01
7.357935e-01
7.432163e-01
7.506926e-01
7.582219e-01
7.658038e-01
7.734382e-01
7.811250e-01
7.888630e-01
7.966514e-01
8.044894e-01
8.123761e-01
8.203101e-01
8.282900e-01
8.363140e-01
8.443800e-01
8.524855e-01
8.606275e-01
8.688024e-01
8.770057e-01
8.852320e-01
8.934749e-01
9.017259e-01
9.099749e-01
9.182105e-01
9.264149e-01
9.345677e-01
9.426417e-01
9.506009e-01
9.583975e-01
9.659682e-01
9.732304e-01
9.800747e-01
9.863532e-01
9.918509e-01
9.962085e-01
9.989082e-01
9.998695e-01
9.999962e-01
1.000000e+00
1.000000e+00
1.000000e+00
1.000000e+00
1.000000e+00
1.000000e+00
1.000000e+00
1.000000e+00
1.000000e+00
1.000000e+00
1.000000e+00
1.000000e+00
1.000000e+00
1.000000e+00
1.000000e+00
1.000000e+00
1.000000e+00
1.000000e+00
1.000000e+00
1.000000e+00
1.000000e+00
1.000000e+00
1.000000e+00
1.000000e+00
1.000000e+00
1.000000e+00
1.000000e+00
1.000000e+00
1.000000e+00
1.000000e+00
1.000000e+00
1.000000e+00
1.000000e+00
1.000000e+00
1.000000e+00
1.000000e+00
1.000000e+00
1.000000e+00
1.000000e+00
1.000000e+00
1.000000e+00
1.000000e+00
1.000000e+00
1.000000e+00
1.000000e+00
1.000000e+00
1.000000e+00
1.000000e+00
1.000000e+00
1.000000e+00
1.000000e+00
1.000000e+00
1.000000e+00
1.000000e+00
1.000000e+00
1.000000e+00
1.000000e+00
1.000000e+00
1.000000e+00
1.000000e+00
1.000000e+00
1.000000e+00
1.000000e+00
1.000000e+00
1.000000e+00
1.000000e+00
1.000000e+00
9.999999e-01
9.999997e-01
9.999982e-01
9.999905e-01
9.999524e-01
9.997785e-01
9.991069e-01
9.971302e-01
9.929895e-01
9.866748e-01
9.789552e-01
9.705786e-01
9.619623e-01
9.532837e-01
9.445973e-01
9.359226e-01
9.272717e-01
9.186528e-01
9.100709e-01
9.015323e-01
8.930389e-01
8.845932e-01
8.761970e-01
8.678521e-01
8.595598e-01
8.513211e-01
8.431368e-01
8.350076e-01
8.269338e-01
8.189160e-01
8.109543e-01
8.030490e-01
7.952002e-01
7.874081e-01
7.796723e-01
7.719934e-01
7.643716e-01
7.568064e-01
7.492976e-01
7.418451e-01
7.344489e-01
7.271088e-01
7.198246e-01
7.125962e-01
7.054235e-01
6.983062e-01
6.912441e-01
6.842372e-01
6.772851e-01
6.703876e-01
6.635445e-01
6.567543e-01
6.500187e-01
6.433370e-01
6.367090e-01
6.301346e-01
6.236144e-01
6.171475e-01
6.107334e-01
6.043723e-01
5.980638e-01
5.918077e-01
5.856041e-01
5.794527e-01
5.733535e-01
5.673063e-01
5.613110e-01
5.553649e-01
5.494706e-01
5.436280e-01
5.378369e-01
5.320978e-01
5.264106e-01
5.207757e-01
5.151933e-01
5.096639e-01
5.041903e-01
4.987727e-01
4.934119e-01
4.881094e-01
4.828675e-01
4.776889e-01
4.725791e-01
4.675393e-01
4.625807e-01
4.577175e-01
4.529693e-01
4.483658e-01
4.439533e-01
4.398020e-01
4.360126e-01
4.327158e-01
4.300526e-01
4.281253e-01
4.269359e-01
4.263456e-01
4.261417e-01
4.261017e-01
4.261261e-01
4.261722e-01
4.262071e-01
4.262218e-01
4.262228e-01
4.262192e-01
4.262128e-01
4.262080e-01
4.262052e-01
4.262063e-01
4.262109e-01
4.262176e-01
4.262238e-01
4.262287e-01
4.262324e-01
4.262353e-01
4.262377e-01
4.262399e-01
4.262419e-01
4.262440e-01
4.262460e-01
4.262478e-01
4.262493e-01
4.262503e-01
4.262506e-01
4.262503e-01
4.262495e-01
4.262484e-01
4.262470e-01
4.262454e-01
4.262436e-01
4.262414e-01
4.262387e-01
4.262355e-01
4.262319e-01
4.262277e-01
4.262231e-01
4.262181e-01
4.262126e-01
4.262065e-01
4.261999e-01
4.261926e-01
4.261845e-01
4.261754e-01
4.261653e-01
4.261538e-01
4.261406e-01
4.261254e-01
4.261076e-01
4.260865e-01
4.260606e-01
4.260274e-01
4.259813e-01
4.259115e-01
4.257961e-01
4.255936e-01
4.252278e-01
4.245637e-01
4.233750e-01
4.213035e-01
4.178219e-01
4.122221e-01
4.036618e-01
3.913339e-01
3.748066e-01
3.543118e-01
3.311763e-01
3.082078e-01
2.884741e-01
2.744171e-01
2.671523e-01
2.650713e-01
2.648763e-01
2.648857e-01
2.649440e-01
2.650765e-01
2.652646e-01
2.654438e-01
2.655527e-01
2.655834e-01
2.655851e-01
2.655842e-01
2.655814e-01
2.655786e-01
2.655782e-01
2.655787e-01
2.655805e-01
2.655834e-01
2.655853e-01
2.655853e-01
2.655847e-01
2.655827e-01
2.655794e-01
2.655750e-01
2.655705e-01
2.655674e-01
2.655667e-01
2.655668e-01
2.655672e-01
2.655680e-01
2.655690e-01
2.655700e-01
2.655708e-01
2.655712e-01
2.655713e-01
2.655712e-01
2.655710e-01
2.655709e-01
2.655709e-01
2.655709e-01
2.655708e-01
2.655707e-01
2.655703e-01
2.655696e-01
2.655687e-01
2.655676e-01
2.655661e-01
2.655649e-01
2.655628e-01
2.655624e-01
2.655572e-01
2.655336e-01
2.653697e-01
2.649088e-01
2.728604e-01
3.507746e-01
3.532338e-01
2.686958e-01
2.647118e-01
2.654182e-01
2.655583e-01
2.655646e-01
2.655655e-01
2.655661e-01
2.655671e-01
2.655675e-01
2.655680e-01
2.655687e-01
2.655696e-01
2.655705e-01
2.655715e-01
2.655725e-01
2.655735e-01
2.655744e-01
2.655751e-01
2.655757e-01
2.655758e-01
2.655757e-01
2.655751e-01
2.655741e-01
2.655728e-01
2.655713e-01
2.655696e-01
2.655685e-01
2.655680e-01
2.655681e-01
2.655688e-01
2.655713e-01
2.655764e-01
2.655831e-01
2.655889e-01
2.655927e-01
2.655943e-01
2.655947e-01
2.655943e-01
2.655900e-01
2.655831e-01
2.655771e-01
2.655726e-01
2.655689e-01
2.655646e-01
2.655561e-01
2.655352e-01
2.654959e-01
2.654497e-01
2.654194e-01
2.654104e-01
2.654150e-01
2.655036e-01
2.659849e-01
2.676207e-01
2.716721e-01
2.796113e-01
2.924040e-01
3.098542e-01
3.306545e-01
3.524210e-01
3.725210e-01
3.893671e-01
4.022963e-01
4.113876e-01
4.173382e-01
4.210056e-01
4.231543e-01
4.243656e-01
4.250319e-01
4.253966e-01
4.256003e-01
4.257202e-01
4.257967e-01
4.258504e-01
4.258917e-01
4.259255e-01
4.259542e-01
4.259792e-01
4.260011e-01
4.260206e-01
4.260380e-01
4.260538e-01
4.260680e-01
4.260809e-01
4.260925e-01
4.261031e-01
4.261129e-01
4.261219e-01
4.261302e-01
4.261378e-01
4.261448e-01
4.261511e-01
4.261565e-01
4.261611e-01
4.261649e-01
4.261680e-01
4.261708e-01
4.261733e-01
4.261755e-01
4.261771e-01
4.261781e-01
4.261783e-01
4.261777e-01
4.261765e-01
4.261748e-01
4.261732e-01
4.261717e-01
4.261706e-01
4.261698e-01
4.261692e-01
4.261685e-01
4.261671e-01
4.261651e-01
4.261632e-01
4.261626e-01
4.261657e-01
4.261714e-01
4.261813e-01
4.261948e-01
4.262086e-01
4.262179e-01
4.262199e-01
4.262186e-01
4.261985e-01
4.261518e-01
4.261062e-01
4.260930e-01
