4.264964e-01
4.279972e-01
4.308215e-01
4.350061e-01
4.402590e-01
4.462612e-01
4.527533e-01
4.595711e-01
4.666193e-01
4.738422e-01
4.812041e-01
4.887006e-01
4.963178e-01
5.040533e-01
5.119029e-01
5.198639e-01
5.279320e-01
5.361064e-01
5.443859e-01
5.527707e-01
5.612606e-01
5.698501e-01
5.785449e-01
5.873445e-01
5.962492e-01
6.052590e-01
6.143739e-01
6.235949e-01
6.329213e-01
6.423549e-01
6.518942e-01
6.615397e-01
6.712902e-01
6.811447e-01
6.911050e-01
7.011706e-01
7.113411e-01
7.216160e-01
7.319946e-01
7.424761e-01
7.530592e-01
7.637423e-01
7.745236e-01
7.854033e-01
7.963741e-01
8.074353e-01
8.185815e-01
8.298076e-01
8.411066e-01
8.524700e-01
8.638872e-01
8.753444e-01
8.868242e-01
8.983041e-01
9.097548e-01
9.211395e-01
9.324027e-01
9.434738e-01
9.542521e-01
9.646002e-01
9.743337e-01
9.831916e-01
9.907618e-01
9.963485e-01
9.992317e-01
9.999462e-01
9.999993e-01
1.000000e+00
1.000000e+00
1.000000e+00
1.000000e+00
1.000000e+00
1.000000e+00
1.000000e+00
1.000000e+00
1.000000e+00
1.000000e+00
1.000000e+00
1.000000e+00
1.000000e+00
1.000000e+00
1.000000e+00
1.000000e+00
1.000000e+00
1.000000e+00
1.000000e+00
1.000000e+00
1.000000e+00
1.000000e+00
1.000000e+00
1.000000e+00
1.000000e+00
1.000000e+00
1.000000e+00
1.000000e+00
1.000000e+00
1.000000e+00
1.000000e+00
1.000000e+00
1.000000e+00
1.000000e+00
1.000000e+00
1.000000e+00
1.000000e+00
1.000000e+00
1.000000e+00
1.000000e+00
1.000000e+00
1.000000e+00
1.000000e+00
1.000000e+00
1.000000e+00
1.000000e+00
1.000000e+00
1.000000e+00
1.000000e+00
1.000000e+00
1.000000e+00
1.000000e+00
1.000000e+00
1.000000e+00
1.000000e+00
1.000000e+00
1.000000e+00
1.000000e+00
1.000000e+00
1.000000e+00
1.000000e+00
1.000000e+00
1.000000e+00
1.000000e+00
1.000000e+00
1.000000e+00
1.000000e+00
1.000000e+00
1.000000e+00
1.000000e+00
1.000000e+00
1.000000e+00
1.000000e+00
1.000000e+00
1.000000e+00
1.000000e+00
1.000000e+00
1.000000e+00
1.000000e+00
1.000000e+00
1.000000e+00
1.000000e+00
1.000000e+00
1.000000e+00
1.000000e+00
1.000000e+00
1.000000e+00
1.000000e+00
1.000000e+00
1.000000e+00
1.000000e+00
1.000000e+00
1.000000e+00
1.000000e+00
1.000000e+00
1.000000e+00
1.000000e+00
1.000000e+00
1.000000e+00
1.000000e+00
1.000000e+00
1.000000e+00
1.000000e+00
1.000000e+00
1.000000e+00
1.000000e+00
1.000000e+00
1.000000e+00
1.000000e+00
1.000000e+00
1.000000e+00
1.000000e+00
1.000000e+00
1.000000e+00
1.000000e+00
1.000000e+00
1.000000e+00
1.000000e+00
1.000000e+00
9.999999e-01
9.999996e-01
9.999976e-01
9.999870e-01
9.999335e-01
9.996853e-01
9.987184e-01
9.958712e-01
9.899532e-01
9.810242e-01
9.701954e-01
9.584937e-01
9.464836e-01
9.343997e-01
9.223182e-01
9.102745e-01
8.982938e-01
8.863903e-01
8.745720e-01
8.628458e-01
8.512169e-01
8.396890e-01
8.282650e-01
8.169468e-01
8.057360e-01
7.946337e-01
7.836410e-01
7.727564e-01
7.619841e-01
7.513222e-01
7.407703e-01
7.303286e-01
7.199970e-01
7.097751e-01
6.996628e-01
6.896596e-01
6.797652e-01
6.699796e-01
6.602998e-01
6.507274e-01
6.412621e-01
6.319040e-01
6.226539e-01
6.135102e-01
6.044727e-01
5.955409e-01
5.867144e-01
5.779932e-01
5.693771e-01
5.608661e-01
5.524551e-01
5.441493e-01
5.359494e-01
5.278555e-01
5.198692e-01
5.119925e-01
5.042301e-01
4.965865e-01
4.890675e-01
4.816794e-01
4.744371e-01
4.673495e-01
4.604549e-01
4.538050e-01
4.474834e-01
4.416243e-01
4.364277e-01
4.321486e-01
4.290197e-01
4.271230e-01
4.262443e-01
4.260006e-01
4.259802e-01
4.260628e-01
4.261533e-01
4.261978e-01
4.262052e-01
4.262035e-01
4.261956e-01
4.261842e-01
4.261745e-01
4.261690e-01
4.261659e-01
4.261702e-01
4.261755e-01
4.261792e-01
4.261814e-01
4.261822e-01
4.261820e-01
4.261811e-01
4.261796e-01
4.261774e-01
4.261744e-01
4.261705e-01
4.261656e-01
4.261597e-01
4.261526e-01
4.261440e-01
4.261332e-01
4.261196e-01
4.261023e-01
4.260812e-01
4.260561e-01
4.260262e-01
4.259887e-01
4.259370e-01
4.258570e-01
4.257201e-01
4.254684e-01
4.249869e-01
4.240593e-01
4.223020e-01
4.190902e-01
4.135059e-01
4.043742e-01
3.905099e-01
3.712696e-01
3.471467e-01
3.206409e-01
2.961778e-01
2.777691e-01
2.677945e-01
2.648350e-01
2.645620e-01
2.645841e-01
2.647022e-01
2.649496e-01
2.652595e-01
2.654993e-01
2.655925e-01
2.656008e-01
2.655983e-01
2.655887e-01
2.655741e-01
2.655657e-01
2.655654e-01
2.655671e-01
2.655723e-01
2.655796e-01
2.655837e-01
2.655838e-01
2.655822e-01
2.655783e-01
2.655728e-01
2.655667e-01
2.655613e-01
2.655580e-01
2.655577e-01
2.655584e-01
2.655593e-01
2.655605e-01
2.655607e-01
2.655611e-01
2.655571e-01
2.655515e-01
2.655191e-01
2.653814e-01
2.647002e-01
2.613107e-01
2.439331e-01
1.850598e-01
1.325371e-01
1.250844e-01
1.250000e-01
1.250000e-01
1.250000e-01
1.250000e-01
1.250000e-01
1.250000e-01
1.250000e-01
1.250000e-01
1.250000e-01
1.250000e-01
1.250000e-01
1.250000e-01
1.250000e-01
1.250000e-01
1.250000e-01
1.250000e-01
1.250000e-01
1.250000e-01
1.250000e-01
1.250000e-01
1.250000e-01
1.250000e-01
1.250000e-01
1.250000e-01
1.250000e-01
1.250000e-01
1.250000e-01
1.250000e-01
1.250000e-01
1.250000e-01
1.250000e-01
1.250000e-01
1.250000e-01
1.250000e-01
1.250000e-01
1.250000e-01
1.250000e-01
1.250000e-01
1.250000e-01
1.250000e-01
1.250000e-01
1.250000e-01
1.250000e-01
1.250000e-01
1.250000e-01
1.250000e-01
1.250000e-01
1.250000e-01
1.250000e-01
1.250000e-01
1.250000e-01
1.250000e-01
1.250000e-01
1.250000e-01
1.250000e-01
1.250000e-01
1.250000e-01
1.250000e-01
1.250000e-01
1.250000e-01
1.250000e-01
1.250000e-01
1.250000e-01
1.250000e-01
1.250000e-01
1.250000e-01
1.250001e-01
1.250008e-01
1.250092e-01
1.251035e-01
1.261324e-01
1.357223e-01
1.828316e-01
2.437386e-01
2.609770e-01
2.648007e-01
2.654608e-01
2.655499e-01
2.655632e-01
2.655647e-01
2.655649e-01
2.655623e-01
2.655587e-01
2.655541e-01
2.655514e-01
2.655509e-01
2.655519e-01
2.655577e-01
2.655685e-01
2.655806e-01
2.655906e-01
2.655965e-01
2.655981e-01
2.655973e-01
2.655908e-01
2.655780e-01
2.655658e-01
2.655592e-01
2.655577e-01
2.655591e-01
2.655633e-01
2.655648e-01
2.655624e-01
2.655337e-01
2.654438e-01
2.653272e-01
2.652536e-01
2.652351e-01
2.652614e-01
2.656118e-01
2.672772e-01
2.721302e-01
2.823688e-01
2.990950e-01
3.212691e-01
3.460644e-01
3.695169e-01
3.889442e-01
4.033574e-01
4.129423e-01
4.187776e-01
4.220847e-01
4.238580e-01
4.247772e-01
4.252510e-01
4.255029e-01
4.256467e-01
4.257371e-01
4.257998e-01
4.258475e-01
4.258862e-01
4.259189e-01
4.259468e-01
4.259705e-01
4.259903e-01
4.260069e-01
4.260205e-01
4.260317e-01
4.260409e-01
4.260487e-01
4.260556e-01
4.260622e-01
4.260685e-01
4.260742e-01
4.260792e-01
4.260835e-01
4.260870e-01
4.260895e-01
4.260911e-01
4.260931e-01
4.261009e-01
4.261122e-01
4.261288e-01
4.261475e-01
4.261625e-01
4.261724e-01
4.261778e-01
4.261801e-01
4.261731e-01
4.261176e-01
4.260075e-01
4.259261e-01
4.260050e-01
