4.261629e-01
4.264659e-01
4.272949e-01
4.288562e-01
4.312414e-01
4.343626e-01
4.380601e-01
4.421695e-01
4.465621e-01
4.511502e-01
4.558788e-01
4.607137e-01
4.656341e-01
4.706261e-01
4.756816e-01
4.807961e-01
4.859682e-01
4.911954e-01
4.964758e-01
5.018082e-01
5.071933e-01
5.126309e-01
5.181187e-01
5.236566e-01
5.292442e-01
5.348814e-01
5.405680e-01
5.463042e-01
5.520901e-01
5.579248e-01
5.638097e-01
5.697415e-01
5.757240e-01
5.817563e-01
5.878388e-01
5.939715e-01
6.001548e-01
6.063884e-01
6.126727e-01
6.190077e-01
6.253938e-01
6.318308e-01
6.383198e-01
6.448601e-01
6.514517e-01
6.580947e-01
6.647901e-01
6.715356e-01
6.783330e-01
6.851821e-01
6.920831e-01
6.990361e-01
7.060410e-01
7.130978e-01
7.202065e-01
7.273671e-01
7.345794e-01
7.418434e-01
7.491587e-01
7.565252e-01
7.639426e-01
7.714106e-01
7.789286e-01
7.864971e-01
7.941137e-01
8.017788e-01
8.094912e-01
8.172497e-01
8.250532e-01
8.329001e-01
8.407885e-01
8.487165e-01
8.566813e-01
8.646800e-01
8.727087e-01
8.807631e-01
8.888376e-01
8.969254e-01
9.050182e-01
9.131059e-01
9.211760e-01
9.292107e-01
9.371892e-01
9.450833e-01
9.528562e-01
9.604589e-01
9.678268e-01
9.748757e-01
9.814942e-01
9.875305e-01
9.927608e-01
9.968064e-01
9.991691e-01
9.999166e-01
9.999981e-01
1.000000e+00
1.000000e+00
1.000000e+00
1.000000e+00
1.000000e+00
1.000000e+00
1.000000e+00
1.000000e+00
1.000000e+00
1.000000e+00
1.000000e+00
1.000000e+00
1.000000e+00
1.000000e+00
1.000000e+00
1.000000e+00
1.000000e+00
1.000000e+00
1.000000e+00
1.000000e+00
1.000000e+00
1.000000e+00
1.000000e+00
1.000000e+00
1.000000e+00
1.000000e+00
1.000000e+00
1.000000e+00
1.000000e+00
1.000000e+00
1.000000e+00
1.000000e+00
1.000000e+00
1.000000e+00
1.000000e+00
1.000000e+00
1.000000e+00
1.000000e+00
1.000000e+00
1.000000e+00
1.000000e+00
1.000000e+00
1.000000e+00
1.000000e+00
1.000000e+00
1.000000e+00
1.000000e+00
1.000000e+00
1.000000e+00
1.000000e+00
1.000000e+00
1.000000e+00
1.000000e+00
1.000000e+00
1.000000e+00
1.000000e+00
1.000000e+00
1.000000e+00
1.000000e+00
1.000000e+00
1.000000e+00
1.000000e+00
1.000000e+00
1.000000e+00
9.999998e-01
9.999987e-01
9.999931e-01
9.999649e-01
9.998338e-01
9.993084e-01
9.976736e-01
9.940281e-01
9.881746e-01
9.807881e-01
9.726483e-01
9.642213e-01
9.557142e-01
9.471944e-01
9.386831e-01
9.301927e-01
9.217315e-01
9.133049e-01
9.049182e-01
8.965749e-01
8.882767e-01
8.800256e-01
8.718234e-01
8.636713e-01
8.555704e-01
8.475216e-01
8.395255e-01
8.315826e-01
8.236934e-01
8.158580e-01
8.080768e-01
8.003499e-01
7.926773e-01
7.850595e-01
7.774952e-01
7.699865e-01
7.625322e-01
7.551323e-01
7.477866e-01
7.404951e-01
7.332576e-01
7.260739e-01
7.189441e-01
7.118678e-01
7.048449e-01
6.978753e-01
6.909588e-01
6.840952e-01
6.772842e-01
6.705258e-01
6.638196e-01
6.571642e-01
6.505613e-01
6.440102e-01
6.375105e-01
6.310624e-01
6.246663e-01
6.183214e-01
6.120274e-01
6.057842e-01
5.995916e-01
5.934493e-01
5.873574e-01
5.813157e-01
5.753241e-01
5.693824e-01
5.634910e-01
5.576466e-01
5.518522e-01
5.461068e-01
5.404109e-01
5.347648e-01
5.291685e-01
5.236220e-01
5.181258e-01
5.126803e-01
5.072862e-01
5.019458e-01
4.966599e-01
4.914284e-01
4.862531e-01
4.811367e-01
4.760824e-01
4.710939e-01
4.661755e-01
4.613368e-01
4.565927e-01
4.519635e-01
4.474801e-01
4.431897e-01
4.391633e-01
4.355018e-01
4.323338e-01
4.297947e-01
4.279755e-01
4.268673e-01
4.263255e-01
4.261412e-01
4.261070e-01
4.261323e-01
4.261770e-01
4.262097e-01
4.262226e-01
4.262231e-01
4.262193e-01
4.262133e-01
4.262092e-01
4.262069e-01
4.262085e-01
4.262131e-01
4.262195e-01
4.262256e-01
4.262305e-01
4.262343e-01
4.262374e-01
4.262399e-01
4.262422e-01
4.262444e-01
4.262465e-01
4.262485e-01
4.262503e-01
4.262517e-01
4.262528e-01
4.262533e-01
4.262533e-01
4.262528e-01
4.262518e-01
4.262506e-01
4.262491e-01
4.262474e-01
4.262455e-01
4.262432e-01
4.262404e-01
4.262371e-01
4.262334e-01
4.262291e-01
4.262245e-01
4.262196e-01
4.262143e-01
4.262086e-01
4.262024e-01
4.261955e-01
4.261877e-01
4.261790e-01
4.261693e-01
4.261583e-01
4.261459e-01
4.261317e-01
4.261152e-01
4.260956e-01
4.260719e-01
4.260420e-01
4.260017e-01
4.259424e-01
4.258469e-01
4.256825e-01
4.253885e-01
4.248565e-01
4.239013e-01
4.222239e-01
4.193738e-01
4.147237e-01
4.074889e-01
3.968336e-01
3.821470e-01
3.633542e-01
3.412418e-01
3.179651e-01
2.966294e-01
2.799150e-01
2.696619e-01
2.656161e-01
2.649123e-01
2.648938e-01
2.649219e-01
2.650149e-01
2.651770e-01
2.653642e-01
2.655099e-01
2.655753e-01
2.655848e-01
2.655845e-01
2.655828e-01
2.655797e-01
2.655783e-01
2.655784e-01
2.655795e-01
2.655819e-01
2.655846e-01
2.655854e-01
2.655852e-01
2.655841e-01
2.655816e-01
2.655775e-01
2.655729e-01
2.655688e-01
2.655668e-01
2.655666e-01
2.655668e-01
2.655673e-01
2.655684e-01
2.655696e-01
2.655708e-01
2.655716e-01
2.655720e-01
2.655722e-01
2.655721e-01
2.655718e-01
2.655714e-01
2.655710e-01
2.655708e-01
2.655707e-01
2.655704e-01
2.655700e-01
2.655695e-01
2.655688e-01
2.655680e-01
2.655670e-01
2.655652e-01
2.655594e-01
2.655956e-01
2.674054e-01
3.051296e-01
4.456884e-01
5.115604e-01
5.116290e-01
4.475914e-01
3.075773e-01
2.659591e-01
2.655203e-01
2.655567e-01
2.655673e-01
2.655676e-01
2.655680e-01
2.655686e-01
2.655694e-01
2.655704e-01
2.655717e-01
2.655733e-01
2.655746e-01
2.655754e-01
2.655757e-01
2.655756e-01
2.655755e-01
2.655754e-01
2.655751e-01
2.655745e-01
2.655737e-01
2.655726e-01
2.655712e-01
2.655699e-01
2.655691e-01
2.655688e-01
2.655687e-01
2.655695e-01
2.655728e-01
2.655788e-01
2.655855e-01
2.655906e-01
2.655936e-01
2.655947e-01
2.655949e-01
2.655932e-01
2.655872e-01
2.655805e-01
2.655752e-01
2.655710e-01
2.655671e-01
2.655610e-01
2.655473e-01
2.655177e-01
2.654743e-01
2.654367e-01
2.654193e-01
2.654171e-01
2.654441e-01
2.656620e-01
2.665642e-01
2.691363e-01
2.747651e-01
2.847681e-01
2.996086e-01
3.185929e-01
3.399874e-01
3.611613e-01
3.799001e-01
3.950794e-01
4.063375e-01
4.140381e-01
4.189726e-01
4.219622e-01
4.236924e-01
4.246609e-01
4.251933e-01
4.254868e-01
4.256534e-01
4.257541e-01
4.258204e-01
4.258686e-01
4.259064e-01
4.259379e-01
4.259649e-01
4.259884e-01
4.260091e-01
4.260274e-01
4.260439e-01
4.260588e-01
4.260725e-01
4.260849e-01
4.260963e-01
4.261066e-01
4.261160e-01
4.261247e-01
4.261327e-01
4.261402e-01
4.261471e-01
4.261535e-01
4.261593e-01
4.261642e-01
4.261683e-01
4.261717e-01
4.261744e-01
4.261769e-01
4.261791e-01
4.261810e-01
4.261824e-01
4.261832e-01
4.261831e-01
4.261823e-01
4.261809e-01
4.261791e-01
4.261773e-01
4.261758e-01
4.261746e-01
4.261736e-01
4.261727e-01
4.261716e-01
4.261701e-01
4.261680e-01
4.261663e-01
4.261657e-01
4.261687e-01
4.261734e-01
4.261823e-01
4.261952e-01
4.262091e-01
4.262187e-01
4.262216e-01
4.262208e-01
4.262023e-01
4.261595e-01
4.261140e-01
4.260984e-01
