4.264034e-01
4.276733e-01
4.301373e-01
4.338930e-01
4.386994e-01
4.442640e-01
4.503310e-01
4.567308e-01
4.633616e-01
4.701633e-01
4.771039e-01
4.841656e-01
4.913412e-01
4.986233e-01
5.060106e-01
5.135006e-01
5.210890e-01
5.287742e-01
5.365549e-01
5.444305e-01
5.524015e-01
5.604669e-01
5.686232e-01
5.768739e-01
5.852195e-01
5.936602e-01
6.021961e-01
6.108274e-01
6.195539e-01
6.283764e-01
6.372957e-01
6.463112e-01
6.554224e-01
6.646312e-01
6.739331e-01
6.833311e-01
6.928249e-01
7.024145e-01
7.120995e-01
7.218796e-01
7.317541e-01
7.417226e-01
7.517839e-01
7.619367e-01
7.721798e-01
7.825131e-01
7.929317e-01
8.034340e-01
8.140167e-01
8.246755e-01
8.354053e-01
8.461998e-01
8.570511e-01
8.679494e-01
8.788821e-01
8.898333e-01
9.007825e-01
9.117038e-01
9.225630e-01
9.333115e-01
9.438862e-01
9.541985e-01
9.641278e-01
9.735127e-01
9.821297e-01
9.896376e-01
9.954575e-01
9.988375e-01
9.998870e-01
9.999976e-01
1.000000e+00
1.000000e+00
1.000000e+00
1.000000e+00
1.000000e+00
1.000000e+00
1.000000e+00
1.000000e+00
1.000000e+00
1.000000e+00
1.000000e+00
1.000000e+00
1.000000e+00
1.000000e+00
1.000000e+00
1.000000e+00
1.000000e+00
1.000000e+00
1.000000e+00
1.000000e+00
1.000000e+00
1.000000e+00
1.000000e+00
1.000000e+00
1.000000e+00
1.000000e+00
1.000000e+00
1.000000e+00
1.000000e+00
1.000000e+00
1.000000e+00
1.000000e+00
1.000000e+00
1.000000e+00
1.000000e+00
1.000000e+00
1.000000e+00
1.000000e+00
1.000000e+00
1.000000e+00
1.000000e+00
1.000000e+00
1.000000e+00
1.000000e+00
1.000000e+00
1.000000e+00
1.000000e+00
1.000000e+00
1.000000e+00
1.000000e+00
1.000000e+00
1.000000e+00
1.000000e+00
1.000000e+00
1.000000e+00
1.000000e+00
1.000000e+00
1.000000e+00
1.000000e+00
1.000000e+00
1.000000e+00
1.000000e+00
1.000000e+00
1.000000e+00
1.000000e+00
1.000000e+00
1.000000e+00
1.000000e+00
1.000000e+00
1.000000e+00
1.000000e+00
1.000000e+00
1.000000e+00
1.000000e+00
1.000000e+00
1.000000e+00
1.000000e+00
1.000000e+00
1.000000e+00
1.000000e+00
1.000000e+00
1.000000e+00
1.000000e+00
1.000000e+00
1.000000e+00
1.000000e+00
1.000000e+00
1.000000e+00
1.000000e+00
1.000000e+00
1.000000e+00
1.000000e+00
1.000000e+00
1.000000e+00
1.000000e+00
1.000000e+00
1.000000e+00
1.000000e+00
1.000000e+00
1.000000e+00
1.000000e+00
1.000000e+00
1.000000e+00
1.000000e+00
1.000000e+00
1.000000e+00
1.000000e+00
1.000000e+00
1.000000e+00
1.000000e+00
1.000000e+00
1.000000e+00
1.000000e+00
9.999999e-01
9.999994e-01
9.999967e-01
9.999827e-01
9.999129e-01
9.995986e-01
9.984324e-01
9.952200e-01
9.889816e-01
9.800366e-01
9.694966e-01
9.582565e-01
9.467808e-01
9.352524e-01
9.237308e-01
9.122462e-01
9.008190e-01
8.894626e-01
8.781835e-01
8.669879e-01
8.558803e-01
8.448641e-01
8.339420e-01
8.231159e-01
8.123871e-01
8.017567e-01
7.912254e-01
7.807939e-01
7.704615e-01
7.602309e-01
7.501007e-01
7.400706e-01
7.301404e-01
7.203103e-01
7.105798e-01
7.009487e-01
6.914168e-01
6.819836e-01
6.726489e-01
6.634119e-01
6.542701e-01
6.452267e-01
6.362802e-01
6.274309e-01
6.186790e-01
6.100235e-01
6.014636e-01
5.929992e-01
5.846302e-01
5.763564e-01
5.681776e-01
5.600932e-01
5.520999e-01
5.442011e-01
5.363981e-01
5.286907e-01
5.210801e-01
5.135678e-01
5.061567e-01
4.988518e-01
4.916572e-01
4.845767e-01
4.776190e-01
4.707964e-01
4.641268e-01
4.576439e-01
4.514035e-01
4.454930e-01
4.400491e-01
4.352671e-01
4.313849e-01
4.286000e-01
4.269508e-01
4.262112e-01
4.260189e-01
4.260056e-01
4.260810e-01
4.261624e-01
4.262025e-01
4.262090e-01
4.262076e-01
4.261994e-01
4.261883e-01
4.261798e-01
4.261753e-01
4.261743e-01
4.261787e-01
4.261844e-01
4.261887e-01
4.261914e-01
4.261928e-01
4.261934e-01
4.261933e-01
4.261925e-01
4.261913e-01
4.261897e-01
4.261878e-01
4.261853e-01
4.261817e-01
4.261768e-01
4.261705e-01
4.261628e-01
4.261535e-01
4.261426e-01
4.261294e-01
4.261135e-01
4.260944e-01
4.260714e-01
4.260438e-01
4.260093e-01
4.259632e-01
4.258951e-01
4.257830e-01
4.255825e-01
4.252054e-01
4.244849e-01
4.231213e-01
4.206153e-01
4.162068e-01
4.088672e-01
3.974261e-01
3.809724e-01
3.593999e-01
3.340381e-01
3.084080e-01
2.867304e-01
2.722768e-01
2.659384e-01
2.646603e-01
2.646156e-01
2.646620e-01
2.648198e-01
2.650865e-01
2.653674e-01
2.655487e-01
2.655975e-01
2.655985e-01
2.655942e-01
2.655830e-01
2.655704e-01
2.655661e-01
2.655665e-01
2.655692e-01
2.655753e-01
2.655821e-01
2.655855e-01
2.655856e-01
2.655844e-01
2.655807e-01
2.655747e-01
2.655677e-01
2.655614e-01
2.655574e-01
2.655565e-01
2.655567e-01
2.655578e-01
2.655600e-01
2.655625e-01
2.655637e-01
2.655649e-01
2.655637e-01
2.655624e-01
2.655510e-01
2.655059e-01
2.652852e-01
2.642033e-01
2.587594e-01
2.316083e-01
1.646142e-01
1.277097e-01
1.250131e-01
1.250000e-01
1.250000e-01
1.250000e-01
1.250000e-01
1.250000e-01
1.250000e-01
1.250000e-01
1.250000e-01
1.250000e-01
1.250000e-01
1.250000e-01
1.250000e-01
1.250000e-01
1.250000e-01
1.250000e-01
1.250000e-01
1.250000e-01
1.250000e-01
1.250000e-01
1.250000e-01
1.250000e-01
1.250000e-01
1.250000e-01
1.250000e-01
1.250000e-01
1.250000e-01
1.250000e-01
1.250000e-01
1.250000e-01
1.250000e-01
1.250000e-01
1.250000e-01
1.250000e-01
1.250000e-01
1.250000e-01
1.250000e-01
1.250000e-01
1.250000e-01
1.250000e-01
1.250000e-01
1.250000e-01
1.250000e-01
1.250000e-01
1.250000e-01
1.250000e-01
1.250000e-01
1.250000e-01
1.250000e-01
1.250000e-01
1.250000e-01
1.250000e-01
1.250000e-01
1.250000e-01
1.250000e-01
1.250000e-01
1.250000e-01
1.250000e-01
1.250004e-01
1.250045e-01
1.250513e-01
1.255682e-01
1.307582e-01
1.639099e-01
2.305028e-01
2.585396e-01
2.642336e-01
2.653842e-01
2.655439e-01
2.655633e-01
2.655662e-01
2.655659e-01
2.655656e-01
2.655632e-01
2.655606e-01
2.655578e-01
2.655558e-01
2.655552e-01
2.655562e-01
2.655586e-01
2.655629e-01
2.655699e-01
2.655789e-01
2.655874e-01
2.655928e-01
2.655949e-01
2.655950e-01
2.655929e-01
2.655853e-01
2.655747e-01
2.655671e-01
2.655636e-01
2.655628e-01
2.655632e-01
2.655636e-01
2.655611e-01
2.655419e-01
2.654795e-01
2.653784e-01
2.652980e-01
2.652702e-01
2.652748e-01
2.654380e-01
2.663867e-01
2.695899e-01
2.771104e-01
2.906274e-01
3.100988e-01
3.336256e-01
3.577842e-01
3.791502e-01
3.960461e-01
4.080369e-01
4.157526e-01
4.203468e-01
4.229137e-01
4.242828e-01
4.249955e-01
4.253680e-01
4.255710e-01
4.256908e-01
4.257694e-01
4.258266e-01
4.258712e-01
4.259074e-01
4.259375e-01
4.259631e-01
4.259852e-01
4.260044e-01
4.260210e-01
4.260351e-01
4.260470e-01
4.260568e-01
4.260646e-01
4.260707e-01
4.260759e-01
4.260805e-01
4.260851e-01
4.260895e-01
4.260935e-01
4.260971e-01
4.261002e-01
4.261027e-01
4.261043e-01
4.261050e-01
4.261058e-01
4.261121e-01
4.261217e-01
4.261366e-01
4.261545e-01
4.261700e-01
4.261804e-01
4.261854e-01
4.261872e-01
4.261809e-01
4.261322e-01
4.260333e-01
4.259578e-01
4.260139e-01
