4.265426e-01
4.281572e-01
4.311489e-01
4.355315e-01
4.409885e-01
4.471912e-01
4.538791e-01
4.608899e-01
4.681288e-01
4.755460e-01
4.831061e-01
4.908045e-01
4.986273e-01
5.065734e-01
5.146395e-01
5.228195e-01
5.311113e-01
5.395143e-01
5.480278e-01
5.566490e-01
5.653810e-01
5.742169e-01
5.831641e-01
5.922206e-01
6.013871e-01
6.106637e-01
6.200502e-01
6.295471e-01
6.391560e-01
6.488755e-01
6.587048e-01
6.686462e-01
6.786942e-01
6.888532e-01
6.991219e-01
7.095001e-01
7.199873e-01
7.305826e-01
7.412852e-01
7.520939e-01
7.630067e-01
7.740217e-01
7.851390e-01
7.963512e-01
8.076568e-01
8.190505e-01
8.305264e-01
8.420768e-01
8.536924e-01
8.653614e-01
8.770685e-01
8.887940e-01
9.005126e-01
9.121922e-01
9.237885e-01
9.352398e-01
9.464633e-01
9.573422e-01
9.677185e-01
9.773770e-01
9.860020e-01
9.930696e-01
9.977622e-01
9.996745e-01
9.999873e-01
9.999999e-01
1.000000e+00
1.000000e+00
1.000000e+00
1.000000e+00
1.000000e+00
1.000000e+00
1.000000e+00
1.000000e+00
1.000000e+00
1.000000e+00
1.000000e+00
1.000000e+00
1.000000e+00
1.000000e+00
1.000000e+00
1.000000e+00
1.000000e+00
1.000000e+00
1.000000e+00
1.000000e+00
1.000000e+00
1.000000e+00
1.000000e+00
1.000000e+00
1.000000e+00
1.000000e+00
1.000000e+00
1.000000e+00
1.000000e+00
1.000000e+00
1.000000e+00
1.000000e+00
1.000000e+00
1.000000e+00
1.000000e+00
1.000000e+00
1.000000e+00
1.000000e+00
1.000000e+00
1.000000e+00
1.000000e+00
1.000000e+00
1.000000e+00
1.000000e+00
1.000000e+00
1.000000e+00
1.000000e+00
1.000000e+00
1.000000e+00
1.000000e+00
1.000000e+00
1.000000e+00
1.000000e+00
1.000000e+00
1.000000e+00
1.000000e+00
1.000000e+00
1.000000e+00
1.000000e+00
1.000000e+00
1.000000e+00
1.000000e+00
1.000000e+00
1.000000e+00
1.000000e+00
1.000000e+00
1.000000e+00
1.000000e+00
1.000000e+00
1.000000e+00
1.000000e+00
1.000000e+00
1.000000e+00
1.000000e+00
1.000000e+00
1.000000e+00
1.000000e+00
1.000000e+00
1.000000e+00
1.000000e+00
1.000000e+00
1.000000e+00
1.000000e+00
1.000000e+00
1.000000e+00
1.000000e+00
1.000000e+00
1.000000e+00
1.000000e+00
1.000000e+00
1.000000e+00
1.000000e+00
1.000000e+00
1.000000e+00
1.000000e+00
1.000000e+00
1.000000e+00
1.000000e+00
1.000000e+00
1.000000e+00
1.000000e+00
1.000000e+00
1.000000e+00
1.000000e+00
1.000000e+00
1.000000e+00
1.000000e+00
1.000000e+00
1.000000e+00
1.000000e+00
1.000000e+00
1.000000e+00
1.000000e+00
1.000000e+00
1.000000e+00
1.000000e+00
1.000000e+00
1.000000e+00
1.000000e+00
1.000000e+00
1.000000e+00
1.000000e+00
9.999998e-01
9.999987e-01
9.999929e-01
9.999628e-01
9.998171e-01
9.992037e-01
9.971747e-01
9.923640e-01
9.842705e-01
9.737751e-01
9.620577e-01
9.498639e-01
9.375363e-01
9.251927e-01
9.128784e-01
9.006224e-01
8.884440e-01
8.763521e-01
8.643546e-01
8.524574e-01
8.406648e-01
8.289799e-01
8.174051e-01
8.059421e-01
7.945921e-01
7.833563e-01
7.722332e-01
7.612273e-01
7.503365e-01
7.395606e-01
7.288995e-01
7.183534e-01
7.079217e-01
6.976043e-01
6.874008e-01
6.773108e-01
6.673345e-01
6.574670e-01
6.477137e-01
6.380716e-01
6.285414e-01
6.191240e-01
6.098178e-01
6.006220e-01
5.915366e-01
5.825614e-01
5.736961e-01
5.649417e-01
5.562918e-01
5.477525e-01
5.393218e-01
5.310023e-01
5.227951e-01
5.147017e-01
5.067254e-01
4.988733e-01
4.911507e-01
4.835624e-01
4.761225e-01
4.688436e-01
4.617596e-01
4.549199e-01
4.484085e-01
4.423587e-01
4.369723e-01
4.325107e-01
4.292219e-01
4.272068e-01
4.262595e-01
4.259939e-01
4.259691e-01
4.260546e-01
4.261487e-01
4.261946e-01
4.262028e-01
4.262016e-01
4.261944e-01
4.261827e-01
4.261721e-01
4.261658e-01
4.261617e-01
4.261658e-01
4.261709e-01
4.261747e-01
4.261767e-01
4.261772e-01
4.261767e-01
4.261753e-01
4.261731e-01
4.261700e-01
4.261660e-01
4.261611e-01
4.261554e-01
4.261487e-01
4.261406e-01
4.261302e-01
4.261167e-01
4.260996e-01
4.260784e-01
4.260531e-01
4.260230e-01
4.259854e-01
4.259336e-01
4.258534e-01
4.257159e-01
4.254621e-01
4.249750e-01
4.240327e-01
4.222405e-01
4.189530e-01
4.132222e-01
4.038395e-01
3.896034e-01
3.698990e-01
3.453241e-01
3.186069e-01
2.943185e-01
2.764684e-01
2.672346e-01
2.647293e-01
2.645389e-01
2.645693e-01
2.647068e-01
2.649756e-01
2.652926e-01
2.655195e-01
2.655969e-01
2.656025e-01
2.655991e-01
2.655880e-01
2.655730e-01
2.655651e-01
2.655648e-01
2.655668e-01
2.655720e-01
2.655790e-01
2.655822e-01
2.655817e-01
2.655797e-01
2.655763e-01
2.655716e-01
2.655663e-01
2.655619e-01
2.655595e-01
2.655588e-01
2.655588e-01
2.655591e-01
2.655585e-01
2.655582e-01
2.655537e-01
2.655482e-01
2.655145e-01
2.653733e-01
2.646719e-01
2.611821e-01
2.432902e-01
1.837235e-01
1.321157e-01
1.250757e-01
1.250000e-01
1.250000e-01
1.250000e-01
1.250000e-01
1.250000e-01
1.250000e-01
1.250000e-01
1.250000e-01
1.250000e-01
1.250000e-01
1.250000e-01
1.250000e-01
1.250000e-01
1.250000e-01
1.250000e-01
1.250000e-01
1.250000e-01
1.250000e-01
1.250000e-01
1.250000e-01
1.250000e-01
1.250000e-01
1.250000e-01
1.250000e-01
1.250000e-01
1.250000e-01
1.250000e-01
1.250000e-01
1.250000e-01
1.250000e-01
1.250000e-01
1.250000e-01
1.250000e-01
1.250000e-01
1.250000e-01
1.250000e-01
1.250000e-01
1.250000e-01
1.250000e-01
1.250000e-01
1.250000e-01
1.250000e-01
1.250000e-01
1.250000e-01
1.250000e-01
1.250000e-01
1.250000e-01
1.250000e-01
1.250000e-01
1.250000e-01
1.250000e-01
1.250000e-01
1.250000e-01
1.250000e-01
1.250000e-01
1.250000e-01
1.250000e-01
1.250000e-01
1.250000e-01
1.250000e-01
1.250000e-01
1.250000e-01
1.250000e-01
1.250000e-01
1.250000e-01
1.250000e-01
1.250000e-01
1.250000e-01
1.250000e-01
1.250000e-01
1.250001e-01
1.250008e-01
1.250088e-01
1.250990e-01
1.260847e-01
1.353247e-01
1.815589e-01
2.430563e-01
2.608449e-01
2.647681e-01
2.654535e-01
2.655474e-01
2.655613e-01
2.655621e-01
2.655620e-01
2.655600e-01
2.655566e-01
2.655531e-01
2.655511e-01
2.655509e-01
2.655538e-01
2.655634e-01
2.655758e-01
2.655874e-01
2.655954e-01
2.655981e-01
2.655979e-01
2.655934e-01
2.655804e-01
2.655666e-01
2.655584e-01
2.655557e-01
2.655561e-01
2.655610e-01
2.655644e-01
2.655640e-01
2.655442e-01
2.654596e-01
2.653353e-01
2.652475e-01
2.652213e-01
2.652350e-01
2.655084e-01
2.669529e-01
2.713999e-01
2.811138e-01
2.974163e-01
3.194211e-01
3.443621e-01
3.681954e-01
3.880404e-01
4.028162e-01
4.126557e-01
4.186405e-01
4.220238e-01
4.238313e-01
4.247642e-01
4.252433e-01
4.254972e-01
4.256414e-01
4.257317e-01
4.257946e-01
4.258427e-01
4.258821e-01
4.259151e-01
4.259430e-01
4.259664e-01
4.259858e-01
4.260018e-01
4.260150e-01
4.260257e-01
4.260349e-01
4.260432e-01
4.260509e-01
4.260581e-01
4.260645e-01
4.260703e-01
4.260754e-01
4.260796e-01
4.260826e-01
4.260845e-01
4.260869e-01
4.260951e-01
4.261075e-01
4.261252e-01
4.261443e-01
4.261591e-01
4.261686e-01
4.261739e-01
4.261762e-01
4.261692e-01
4.261114e-01
4.259959e-01
4.259117e-01
4.260013e-01
