4.289210e-01
4.345987e-01
4.428572e-01
4.529292e-01
4.641232e-01
4.760291e-01
4.884188e-01
5.012314e-01
5.144008e-01
5.279062e-01
5.417261e-01
5.558460e-01
5.702633e-01
5.849667e-01
5.999664e-01
6.152580e-01
6.308382e-01
6.467099e-01
6.628702e-01
6.793041e-01
6.960151e-01
7.129990e-01
7.302493e-01
7.477564e-01
7.655094e-01
7.834986e-01
8.016936e-01
8.200725e-01
8.385974e-01
8.572184e-01
8.758665e-01
8.944460e-01
9.128265e-01
9.308051e-01
9.480845e-01
9.642344e-01
9.786148e-01
9.901365e-01
9.972434e-01
9.996919e-01
9.999920e-01
1.000000e+00
1.000000e+00
1.000000e+00
1.000000e+00
1.000000e+00
1.000000e+00
1.000000e+00
1.000000e+00
1.000000e+00
1.000000e+00
1.000000e+00
1.000000e+00
1.000000e+00
1.000000e+00
1.000000e+00
1.000000e+00
1.000000e+00
1.000000e+00
1.000000e+00
1.000000e+00
1.000000e+00
1.000000e+00
1.000000e+00
1.000000e+00
1.000000e+00
1.000000e+00
1.000000e+00
1.000000e+00
1.000000e+00
1.000000e+00
1.000000e+00
1.000000e+00
1.000000e+00
1.000000e+00
1.000000e+00
1.000000e+00
1.000000e+00
1.000000e+00
1.000000e+00
1.000000e+00
1.000000e+00
1.000000e+00
1.000000e+00
1.000000e+00
1.000000e+00
1.000000e+00
1.000000e+00
1.000000e+00
1.000000e+00
1.000000e+00
1.000000e+00
1.000000e+00
1.000000e+00
1.000000e+00
1.000000e+00
1.000000e+00
1.000000e+00
1.000000e+00
1.000000e+00
1.000000e+00
1.000000e+00
1.000000e+00
1.000000e+00
1.000000e+00
1.000000e+00
1.000000e+00
1.000000e+00
1.000000e+00
1.000000e+00
1.000000e+00
1.000000e+00
1.000000e+00
1.000000e+00
1.000000e+00
1.000000e+00
1.000000e+00
1.000000e+00
1.000000e+00
1.000000e+00
1.000000e+00
1.000000e+00
1.000000e+00
1.000000e+00
1.000000e+00
1.000000e+00
1.000000e+00
1.000000e+00
1.000000e+00
1.000000e+00
1.000000e+00
1.000000e+00
1.000000e+00
1.000000e+00
1.000000e+00
1.000000e+00
1.000000e+00
1.000000e+00
1.000000e+00
1.000000e+00
1.000000e+00
1.000000e+00
1.000000e+00
1.000000e+00
1.000000e+00
1.000000e+00
1.000000e+00
1.000000e+00
1.000000e+00
1.000000e+00
1.000000e+00
1.000000e+00
1.000000e+00
1.000000e+00
1.000000e+00
1.000000e+00
1.000000e+00
1.000000e+00
1.000000e+00
1.000000e+00
1.000000e+00
1.000000e+00
1.000000e+00
1.000000e+00
1.000000e+00
1.000000e+00
1.000000e+00
1.000000e+00
1.000000e+00
1.000000e+00
1.000000e+00
1.000000e+00
1.000000e+00
1.000000e+00
1.000000e+00
1.000000e+00
1.000000e+00
1.000000e+00
1.000000e+00
1.000000e+00
1.000000e+00
1.000000e+00
1.000000e+00
1.000000e+00
1.000000e+00
1.000000e+00
1.000000e+00
1.000000e+00
1.000000e+00
1.000000e+00
1.000000e+00
1.000000e+00
1.000000e+00
1.000000e+00
1.000000e+00
1.000000e+00
1.000000e+00
1.000000e+00
1.000000e+00
1.000000e+00
1.000000e+00
1.000000e+00
1.000000e+00
1.000000e+00
1.000000e+00
1.000000e+00
1.000000e+00
1.000000e+00
1.000000e+00
1.000000e+00
1.000000e+00
9.999999e-01
9.999996e-01
9.999977e-01
9.999870e-01
9.999288e-01
9.996378e-01
9.983992e-01
9.943902e-01
9.853680e-01
9.710852e-01
9.534217e-01
9.342688e-01
9.146793e-01
8.950506e-01
8.755303e-01
8.561890e-01
8.370706e-01
8.182015e-01
7.995982e-01
7.812723e-01
7.632261e-01
7.454742e-01
7.280141e-01
7.108467e-01
6.939735e-01
6.773954e-01
6.611103e-01
6.451124e-01
6.294125e-01
6.140118e-01
5.989060e-01
5.840964e-01
5.695860e-01
5.553662e-01
5.414461e-01
5.278313e-01
5.145388e-01
5.015937e-01
4.890288e-01
4.769127e-01
4.653198e-01
4.544645e-01
4.446875e-01
4.365144e-01
4.305672e-01
4.271268e-01
4.258425e-01
4.256044e-01
4.258021e-01
4.260196e-01
4.261043e-01
4.261127e-01
4.261094e-01
4.261010e-01
4.260840e-01
4.260538e-01
4.260156e-01
4.259804e-01
4.259562e-01
4.259374e-01
4.259124e-01
4.258710e-01
4.258028e-01
4.256950e-01
4.255169e-01
4.251870e-01
4.245071e-01
4.230412e-01
4.199441e-01
4.138023e-01
4.026639e-01
3.845870e-01
3.589043e-01
3.278967e-01
2.980738e-01
2.762921e-01
2.660651e-01
2.639709e-01
2.639238e-01
2.640659e-01
2.644708e-01
2.650311e-01
2.654774e-01
2.656263e-01
2.656295e-01
2.656178e-01
2.655906e-01
2.655530e-01
2.655315e-01
2.655320e-01
2.655442e-01
2.655586e-01
2.655694e-01
2.655534e-01
2.654267e-01
2.647369e-01
2.613092e-01
2.438132e-01
1.848036e-01
1.324567e-01
1.250827e-01
1.250000e-01
1.250000e-01
1.250000e-01
1.250000e-01
1.250000e-01
1.250000e-01
1.250000e-01
1.250000e-01
1.250000e-01
1.250000e-01
1.250000e-01
1.250000e-01
1.250000e-01
1.250000e-01
1.250000e-01
1.250000e-01
1.250000e-01
1.250000e-01
1.250000e-01
1.250000e-01
1.250000e-01
1.250000e-01
1.250000e-01
1.250000e-01
1.250000e-01
1.250000e-01
1.250000e-01
1.250000e-01
1.250000e-01
1.250000e-01
1.250000e-01
1.250000e-01
1.250000e-01
1.250000e-01
1.250000e-01
1.250000e-01
1.250000e-01
1.250000e-01
1.250000e-01
1.250000e-01
1.250000e-01
1.250000e-01
1.250000e-01
1.250000e-01
1.250000e-01
1.250000e-01
1.250000e-01
1.250000e-01
1.250000e-01
1.250000e-01
1.250000e-01
1.250000e-01
1.250000e-01
1.250000e-01
1.250000e-01
1.250000e-01
1.250000e-01
1.250000e-01
1.250000e-01
1.250000e-01
1.250000e-01
1.250000e-01
1.250000e-01
1.250000e-01
1.250000e-01
1.250000e-01
1.250000e-01
1.250000e-01
1.250000e-01
1.250000e-01
1.250000e-01
1.250000e-01
1.250000e-01
1.250000e-01
1.250000e-01
1.250000e-01
1.250000e-01
1.250000e-01
1.250000e-01
1.250000e-01
1.250000e-01
1.250000e-01
1.250000e-01
1.250000e-01
1.250000e-01
1.250000e-01
1.250000e-01
1.250000e-01
1.250000e-01
1.250000e-01
1.250000e-01
1.250000e-01
1.250000e-01
1.250000e-01
1.250000e-01
1.250000e-01
1.250000e-01
1.250000e-01
1.250000e-01
1.250000e-01
1.250000e-01
1.250000e-01
1.250000e-01
1.250000e-01
1.250000e-01
1.250000e-01
1.250000e-01
1.250000e-01
1.250000e-01
1.250000e-01
1.250000e-01
1.250000e-01
1.250000e-01
1.250000e-01
1.250000e-01
1.250000e-01
1.250000e-01
1.250000e-01
1.250000e-01
1.250000e-01
1.250000e-01
1.250000e-01
1.250000e-01
1.250000e-01
1.250000e-01
1.250000e-01
1.250000e-01
1.250000e-01
1.250000e-01
1.250000e-01
1.250000e-01
1.250000e-01
1.250000e-01
1.250000e-01
1.250000e-01
1.250000e-01
1.250000e-01
1.250000e-01
1.250000e-01
1.250000e-01
1.250001e-01
1.250008e-01
1.250091e-01
1.251027e-01
1.261237e-01
1.356485e-01
1.825892e-01
2.436119e-01
2.609878e-01
2.648596e-01
2.655267e-01
2.655974e-01
2.655924e-01
2.655629e-01
2.655213e-01
2.654981e-01
2.654954e-01
2.655151e-01
2.655625e-01
2.655985e-01
2.656115e-01
2.655949e-01
2.654286e-01
2.650815e-01
2.648115e-01
2.647216e-01
2.647481e-01
2.654832e-01
2.694263e-01
2.804076e-01
3.007710e-01
3.286201e-01
3.582854e-01
3.836105e-01
4.019941e-01
4.134454e-01
4.197106e-01
4.228147e-01
4.242574e-01
4.249230e-01
4.252520e-01
4.254392e-01
4.255628e-01
4.256510e-01
4.257134e-01
4.257584e-01
4.257986e-01
4.258460e-01
4.258990e-01
4.259487e-01
4.259803e-01
4.259967e-01
4.260074e-01
4.260349e-01
4.260587e-01
4.260556e-01
4.258961e-01
4.255955e-01
4.254599e-01
4.261793e-01
