4.267355e-01
4.287903e-01
4.324182e-01
4.375304e-01
4.437323e-01
4.506652e-01
4.580690e-01
4.657920e-01
4.737459e-01
4.818791e-01
4.901808e-01
4.986311e-01
5.072278e-01
5.159658e-01
5.248371e-01
5.338403e-01
5.429728e-01
5.522343e-01
5.616250e-01
5.711373e-01
5.807787e-01
5.905481e-01
6.004456e-01
6.104717e-01
6.206263e-01
6.309091e-01
6.413225e-01
6.518641e-01
6.625354e-01
6.733325e-01
6.842564e-01
6.953081e-01
7.064867e-01
7.177915e-01
7.292215e-01
7.407751e-01
7.524508e-01
7.642463e-01
7.761587e-01
7.881867e-01
8.003215e-01
8.125602e-01
8.248950e-01
8.373169e-01
8.498147e-01
8.623737e-01
8.749754e-01
8.875953e-01
9.002015e-01
9.127533e-01
9.251931e-01
9.374406e-01
9.493853e-01
9.608715e-01
9.716884e-01
9.815371e-01
9.899409e-01
9.960959e-01
9.992072e-01
9.999477e-01
9.999994e-01
1.000000e+00
1.000000e+00
1.000000e+00
1.000000e+00
1.000000e+00
1.000000e+00
1.000000e+00
1.000000e+00
1.000000e+00
1.000000e+00
1.000000e+00
1.000000e+00
1.000000e+00
1.000000e+00
1.000000e+00
1.000000e+00
1.000000e+00
1.000000e+00
1.000000e+00
1.000000e+00
1.000000e+00
1.000000e+00
1.000000e+00
1.000000e+00
1.000000e+00
1.000000e+00
1.000000e+00
1.000000e+00
1.000000e+00
1.000000e+00
1.000000e+00
1.000000e+00
1.000000e+00
1.000000e+00
1.000000e+00
1.000000e+00
1.000000e+00
1.000000e+00
1.000000e+00
1.000000e+00
1.000000e+00
1.000000e+00
1.000000e+00
1.000000e+00
1.000000e+00
1.000000e+00
1.000000e+00
1.000000e+00
1.000000e+00
1.000000e+00
1.000000e+00
1.000000e+00
1.000000e+00
1.000000e+00
1.000000e+00
1.000000e+00
1.000000e+00
1.000000e+00
1.000000e+00
1.000000e+00
1.000000e+00
1.000000e+00
1.000000e+00
1.000000e+00
1.000000e+00
1.000000e+00
1.000000e+00
1.000000e+00
1.000000e+00
1.000000e+00
1.000000e+00
1.000000e+00
1.000000e+00
1.000000e+00
1.000000e+00
1.000000e+00
1.000000e+00
1.000000e+00
1.000000e+00
1.000000e+00
1.000000e+00
1.000000e+00
1.000000e+00
1.000000e+00
1.000000e+00
1.000000e+00
1.000000e+00
1.000000e+00
1.000000e+00
1.000000e+00
1.000000e+00
1.000000e+00
1.000000e+00
1.000000e+00
1.000000e+00
1.000000e+00
1.000000e+00
1.000000e+00
1.000000e+00
1.000000e+00
1.000000e+00
1.000000e+00
1.000000e+00
1.000000e+00
1.000000e+00
1.000000e+00
1.000000e+00
1.000000e+00
1.000000e+00
1.000000e+00
1.000000e+00
1.000000e+00
1.000000e+00
1.000000e+00
1.000000e+00
1.000000e+00
1.000000e+00
1.000000e+00
1.000000e+00
1.000000e+00
1.000000e+00
1.000000e+00
1.000000e+00
1.000000e+00
1.000000e+00
1.000000e+00
1.000000e+00
1.000000e+00
1.000000e+00
1.000000e+00
1.000000e+00
9.999999e-01
9.999995e-01
9.999971e-01
9.999845e-01
9.999205e-01
9.996235e-01
9.984753e-01
9.951490e-01
9.883770e-01
9.783424e-01
9.663124e-01
9.533903e-01
9.401681e-01
9.268830e-01
9.136128e-01
9.003989e-01
8.872697e-01
8.742378e-01
8.613137e-01
8.485050e-01
8.358172e-01
8.232542e-01
8.108189e-01
7.985132e-01
7.863394e-01
7.742955e-01
7.623870e-01
7.506119e-01
7.389702e-01
7.274619e-01
7.160868e-01
7.048448e-01
6.937355e-01
6.827585e-01
6.719136e-01
6.611987e-01
6.506129e-01
6.401583e-01
6.298341e-01
6.196417e-01
6.095788e-01
5.996450e-01
5.898402e-01
5.801642e-01
5.706168e-01
5.611982e-01
5.519020e-01
5.427352e-01
5.336985e-01
5.247927e-01
5.160206e-01
5.073858e-01
4.988978e-01
4.905633e-01
4.823898e-01
4.743989e-01
4.666064e-01
4.590665e-01
4.518584e-01
4.451111e-01
4.390283e-01
4.338924e-01
4.300037e-01
4.275368e-01
4.263328e-01
4.259688e-01
4.259251e-01
4.260222e-01
4.261316e-01
4.261860e-01
4.261957e-01
4.261940e-01
4.261872e-01
4.261744e-01
4.261617e-01
4.261534e-01
4.261471e-01
4.261501e-01
4.261538e-01
4.261564e-01
4.261574e-01
4.261565e-01
4.261539e-01
4.261498e-01
4.261445e-01
4.261382e-01
4.261312e-01
4.261228e-01
4.261122e-01
4.260983e-01
4.260805e-01
4.260587e-01
4.260324e-01
4.260004e-01
4.259584e-01
4.258980e-01
4.258011e-01
4.256302e-01
4.253073e-01
4.246760e-01
4.234396e-01
4.210770e-01
4.167580e-01
4.093164e-01
3.973881e-01
3.798954e-01
3.567564e-01
3.297393e-01
3.032343e-01
2.820055e-01
2.693817e-01
2.650045e-01
2.644565e-01
2.644690e-01
2.645836e-01
2.648491e-01
2.652004e-01
2.654821e-01
2.655987e-01
2.656111e-01
2.656080e-01
2.655956e-01
2.655761e-01
2.655617e-01
2.655575e-01
2.655580e-01
2.655623e-01
2.655699e-01
2.655771e-01
2.655809e-01
2.655817e-01
2.655808e-01
2.655773e-01
2.655717e-01
2.655650e-01
2.655585e-01
2.655527e-01
2.655466e-01
2.655434e-01
2.655351e-01
2.655180e-01
2.654248e-01
2.649785e-01
2.627330e-01
2.512519e-01
2.035327e-01
1.404157e-01
1.253445e-01
1.250004e-01
1.250000e-01
1.250000e-01
1.250000e-01
1.250000e-01
1.250000e-01
1.250000e-01
1.250000e-01
1.250000e-01
1.250000e-01
1.250000e-01
1.250000e-01
1.250000e-01
1.250000e-01
1.250000e-01
1.250000e-01
1.250000e-01
1.250000e-01
1.250000e-01
1.250000e-01
1.250000e-01
1.250000e-01
1.250000e-01
1.250000e-01
1.250000e-01
1.250000e-01
1.250000e-01
1.250000e-01
1.250000e-01
1.250000e-01
1.250000e-01
1.250000e-01
1.250000e-01
1.250000e-01
1.250000e-01
1.250000e-01
1.250000e-01
1.250000e-01
1.250000e-01
1.250000e-01
1.250000e-01
1.250000e-01
1.250000e-01
1.250000e-01
1.250000e-01
1.250000e-01
1.250000e-01
1.250000e-01
1.250000e-01
1.250000e-01
1.250000e-01
1.250000e-01
1.250000e-01
1.250000e-01
1.250000e-01
1.250000e-01
1.250000e-01
1.250000e-01
1.250000e-01
1.250000e-01
1.250000e-01
1.250000e-01
1.250000e-01
1.250000e-01
1.250000e-01
1.250000e-01
1.250000e-01
1.250000e-01
1.250000e-01
1.250000e-01
1.250000e-01
1.250000e-01
1.250000e-01
1.250000e-01
1.250000e-01
1.250000e-01
1.250000e-01
1.250000e-01
1.250000e-01
1.250000e-01
1.250000e-01
1.250000e-01
1.250000e-01
1.250000e-01
1.250001e-01
1.250015e-01
1.250170e-01
1.251910e-01
1.270525e-01
1.427863e-01
2.010272e-01
2.513223e-01
2.624905e-01
2.650891e-01
2.654863e-01
2.655377e-01
2.655442e-01
2.655465e-01
2.655493e-01
2.655524e-01
2.655560e-01
2.655612e-01
2.655679e-01
2.655759e-01
2.655832e-01
2.655879e-01
2.655898e-01
2.655906e-01
2.655859e-01
2.655732e-01
2.655619e-01
2.655560e-01
2.655546e-01
2.655569e-01
2.655641e-01
2.655667e-01
2.655641e-01
2.655322e-01
2.654282e-01
2.652811e-01
2.651878e-01
2.651645e-01
2.652006e-01
2.656566e-01
2.677825e-01
2.738668e-01
2.862021e-01
3.054518e-01
3.297995e-01
3.554619e-01
3.782847e-01
3.961657e-01
4.086079e-01
4.163808e-01
4.208434e-01
4.232384e-01
4.244661e-01
4.250846e-01
4.254028e-01
4.255780e-01
4.256848e-01
4.257576e-01
4.258116e-01
4.258541e-01
4.258888e-01
4.259174e-01
4.259408e-01
4.259601e-01
4.259763e-01
4.259906e-01
4.260037e-01
4.260155e-01
4.260258e-01
4.260347e-01
4.260424e-01
4.260491e-01
4.260544e-01
4.260584e-01
4.260633e-01
4.260740e-01
4.260896e-01
4.261104e-01
4.261307e-01
4.261448e-01
4.261536e-01
4.261597e-01
4.261625e-01
4.261545e-01
4.260860e-01
4.259516e-01
4.258582e-01
4.259968e-01
