4.297126e-01
4.365021e-01
4.460717e-01
4.575069e-01
4.700744e-01
4.833773e-01
4.972251e-01
5.115338e-01
5.262618e-01
5.413710e-01
5.568449e-01
5.726714e-01
5.888452e-01
6.053693e-01
6.222413e-01
6.394599e-01
6.570190e-01
6.749132e-01
6.931277e-01
7.116657e-01
7.305160e-01
7.496654e-01
7.690965e-01
7.887946e-01
8.087147e-01
8.288233e-01
8.490602e-01
8.693451e-01
8.895647e-01
9.095615e-01
9.290933e-01
9.477916e-01
9.651235e-01
9.802687e-01
9.918251e-01
9.981410e-01
9.998539e-01
9.999978e-01
1.000000e+00
1.000000e+00
1.000000e+00
1.000000e+00
1.000000e+00
1.000000e+00
1.000000e+00
1.000000e+00
1.000000e+00
1.000000e+00
1.000000e+00
1.000000e+00
1.000000e+00
1.000000e+00
1.000000e+00
1.000000e+00
1.000000e+00
1.000000e+00
1.000000e+00
1.000000e+00
1.000000e+00
1.000000e+00
1.000000e+00
1.000000e+00
1.000000e+00
1.000000e+00
1.000000e+00
1.000000e+00
1.000000e+00
1.000000e+00
1.000000e+00
1.000000e+00
1.000000e+00
1.000000e+00
1.000000e+00
1.000000e+00
1.000000e+00
1.000000e+00
1.000000e+00
1.000000e+00
1.000000e+00
1.000000e+00
1.000000e+00
1.000000e+00
1.000000e+00
1.000000e+00
1.000000e+00
1.000000e+00
1.000000e+00
1.000000e+00
1.000000e+00
1.000000e+00
1.000000e+00
1.000000e+00
1.000000e+00
1.000000e+00
1.000000e+00
1.000000e+00
1.000000e+00
1.000000e+00
1.000000e+00
1.000000e+00
1.000000e+00
1.000000e+00
1.000000e+00
1.000000e+00
1.000000e+00
1.000000e+00
1.000000e+00
1.000000e+00
1.000000e+00
1.000000e+00
1.000000e+00
1.000000e+00
1.000000e+00
1.000000e+00
1.000000e+00
1.000000e+00
1.000000e+00
1.000000e+00
1.000000e+00
1.000000e+00
1.000000e+00
1.000000e+00
1.000000e+00
1.000000e+00
1.000000e+00
1.000000e+00
1.000000e+00
1.000000e+00
1.000000e+00
1.000000e+00
1.000000e+00
1.000000e+00
1.000000e+00
1.000000e+00
1.000000e+00
1.000000e+00
1.000000e+00
1.000000e+00
1.000000e+00
1.000000e+00
1.000000e+00
1.000000e+00
1.000000e+00
1.000000e+00
1.000000e+00
1.000000e+00
1.000000e+00
1.000000e+00
1.000000e+00
1.000000e+00
1.000000e+00
1.000000e+00
1.000000e+00
1.000000e+00
1.000000e+00
1.000000e+00
1.000000e+00
1.000000e+00
1.000000e+00
1.000000e+00
1.000000e+00
1.000000e+00
1.000000e+00
1.000000e+00
1.000000e+00
1.000000e+00
1.000000e+00
1.000000e+00
1.000000e+00
1.000000e+00
1.000000e+00
1.000000e+00
1.000000e+00
1.000000e+00
1.000000e+00
1.000000e+00
1.000000e+00
1.000000e+00
1.000000e+00
1.000000e+00
1.000000e+00
1.000000e+00
1.000000e+00
1.000000e+00
1.000000e+00
1.000000e+00
1.000000e+00
1.000000e+00
1.000000e+00
1.000000e+00
1.000000e+00
1.000000e+00
1.000000e+00
1.000000e+00
1.000000e+00
1.000000e+00
1.000000e+00
1.000000e+00
1.000000e+00
1.000000e+00
1.000000e+00
1.000000e+00
1.000000e+00
1.000000e+00
1.000000e+00
1.000000e+00
1.000000e+00
1.000000e+00
1.000000e+00
1.000000e+00
1.000000e+00
1.000000e+00
1.000000e+00
1.000000e+00
1.000000e+00
9.999997e-01
9.999984e-01
9.999908e-01
9.999483e-01
9.997279e-01
9.987352e-01
9.952532e-01
9.866909e-01
9.721417e-01
9.533980e-01
9.327071e-01
9.114188e-01
8.900698e-01
8.688467e-01
8.478377e-01
8.270964e-01
8.066542e-01
7.865321e-01
7.667339e-01
7.472820e-01
7.281740e-01
7.094124e-01
6.909998e-01
6.729384e-01
6.552183e-01
6.378498e-01
6.208345e-01
6.041745e-01
5.878699e-01
5.719214e-01
5.563251e-01
5.410859e-01
5.262180e-01
5.117430e-01
4.977041e-01
4.841528e-01
4.711900e-01
4.589938e-01
4.479163e-01
4.385272e-01
4.315479e-01
4.274198e-01
4.258190e-01
4.255028e-01
4.257318e-01
4.259889e-01
4.260842e-01
4.260890e-01
4.260779e-01
4.260574e-01
4.260286e-01
4.259916e-01
4.259505e-01
4.259116e-01
4.258743e-01
4.258236e-01
4.257427e-01
4.256148e-01
4.254026e-01
4.249981e-01
4.241291e-01
4.221994e-01
4.180828e-01
4.099894e-01
3.956755e-01
3.734313e-01
3.437525e-01
3.114919e-01
2.845564e-01
2.689072e-01
2.641662e-01
2.637667e-01
2.638513e-01
2.641958e-01
2.647825e-01
2.653223e-01
2.655829e-01
2.656345e-01
2.656348e-01
2.656226e-01
2.655978e-01
2.655707e-01
2.655534e-01
2.655417e-01
2.655289e-01
2.654485e-01
2.650294e-01
2.628925e-01
2.520090e-01
2.058983e-01
1.417747e-01
1.254100e-01
1.250005e-01
1.250000e-01
1.250000e-01
1.250000e-01
1.250000e-01
1.250000e-01
1.250000e-01
1.250000e-01
1.250000e-01
1.250000e-01
1.250000e-01
1.250000e-01
1.250000e-01
1.250000e-01
1.250000e-01
1.250000e-01
1.250000e-01
1.250000e-01
1.250000e-01
1.250000e-01
1.250000e-01
1.250000e-01
1.250000e-01
1.250000e-01
1.250000e-01
1.250000e-01
1.250000e-01
1.250000e-01
1.250000e-01
1.250000e-01
1.250000e-01
1.250000e-01
1.250000e-01
1.250000e-01
1.250000e-01
1.250000e-01
1.250000e-01
1.250000e-01
1.250000e-01
1.250000e-01
1.250000e-01
1.250000e-01
1.250000e-01
1.250000e-01
1.250000e-01
1.250000e-01
1.250000e-01
1.250000e-01
1.250000e-01
1.250000e-01
1.250000e-01
1.250000e-01
1.250000e-01
1.250000e-01
1.250000e-01
1.250000e-01
1.250000e-01
1.250000e-01
1.250000e-01
1.250000e-01
1.250000e-01
1.250000e-01
1.250000e-01
1.250000e-01
1.250000e-01
1.250000e-01
1.250000e-01
1.250000e-01
1.250000e-01
1.250000e-01
1.250000e-01
1.250000e-01
1.250000e-01
1.250000e-01
1.250000e-01
1.250000e-01
1.250000e-01
1.250000e-01
1.250000e-01
1.250000e-01
1.250000e-01
1.250000e-01
1.250000e-01
1.250000e-01
1.250000e-01
1.250000e-01
1.250000e-01
1.250000e-01
1.250000e-01
1.250000e-01
1.250000e-01
1.250000e-01
1.250000e-01
1.250000e-01
1.250000e-01
1.250000e-01
1.250000e-01
1.250000e-01
1.250000e-01
1.250000e-01
1.250000e-01
1.250000e-01
1.250000e-01
1.250000e-01
1.250000e-01
1.250000e-01
1.250000e-01
1.250000e-01
1.250000e-01
1.250000e-01
1.250000e-01
1.250000e-01
1.250000e-01
1.250000e-01
1.250000e-01
1.250000e-01
1.250000e-01
1.250000e-01
1.250000e-01
1.250000e-01
1.250000e-01
1.250000e-01
1.250000e-01
1.250000e-01
1.250000e-01
1.250000e-01
1.250000e-01
1.250000e-01
1.250000e-01
1.250000e-01
1.250000e-01
1.250000e-01
1.250000e-01
1.250000e-01
1.250000e-01
1.250000e-01
1.250000e-01
1.250000e-01
1.250000e-01
1.250000e-01
1.250000e-01
1.250000e-01
1.250000e-01
1.250000e-01
1.250000e-01
1.250000e-01
1.250000e-01
1.250000e-01
1.250000e-01
1.250000e-01
1.250001e-01
1.250016e-01
1.250185e-01
1.252076e-01
1.272235e-01
1.439809e-01
2.034477e-01
2.520810e-01
2.626898e-01
2.651657e-01
2.655205e-01
2.655475e-01
2.655368e-01
2.655324e-01
2.655385e-01
2.655617e-01
2.655868e-01
2.655974e-01
2.655943e-01
2.655262e-01
2.652852e-01
2.649070e-01
2.646560e-01
2.645949e-01
2.647368e-01
2.662758e-01
2.726914e-01
2.882108e-01
3.133156e-01
3.438351e-01
3.726661e-01
3.949312e-01
4.095708e-01
4.178327e-01
4.219729e-01
4.238783e-01
4.247298e-01
4.251340e-01
4.253579e-01
4.255023e-01
4.256027e-01
4.256784e-01
4.257469e-01
4.258135e-01
4.258732e-01
4.259140e-01
4.259380e-01
4.259547e-01
4.259931e-01
4.260262e-01
4.260243e-01
4.258356e-01
4.254860e-01
4.253451e-01
4.262938e-01
