4.275973e-01
4.312476e-01
4.370095e-01
4.444563e-01
4.530101e-01
4.622658e-01
4.719776e-01
4.820162e-01
4.923306e-01
5.028905e-01
5.136798e-01
5.246857e-01
5.358974e-01
5.473131e-01
5.589279e-01
5.707357e-01
5.827393e-01
5.949405e-01
6.073382e-01
6.199336e-01
6.327246e-01
6.457143e-01
6.588982e-01
6.722764e-01
6.858424e-01
6.996008e-01
7.135480e-01
7.276816e-01
7.419982e-01
7.564927e-01
7.711591e-01
7.859944e-01
8.009806e-01
8.161095e-01
8.313630e-01
8.467193e-01
8.621492e-01
8.776139e-01
8.930610e-01
9.084202e-01
9.235945e-01
9.384365e-01
9.527408e-01
9.662158e-01
9.784444e-01
9.887435e-01
9.959879e-01
9.993061e-01
9.999648e-01
9.999997e-01
1.000000e+00
1.000000e+00
1.000000e+00
1.000000e+00
1.000000e+00
1.000000e+00
1.000000e+00
1.000000e+00
1.000000e+00
1.000000e+00
1.000000e+00
1.000000e+00
1.000000e+00
1.000000e+00
1.000000e+00
1.000000e+00
1.000000e+00
1.000000e+00
1.000000e+00
1.000000e+00
1.000000e+00
1.000000e+00
1.000000e+00
1.000000e+00
1.000000e+00
1.000000e+00
1.000000e+00
1.000000e+00
1.000000e+00
1.000000e+00
1.000000e+00
1.000000e+00
1.000000e+00
1.000000e+00
1.000000e+00
1.000000e+00
1.000000e+00
1.000000e+00
1.000000e+00
1.000000e+00
1.000000e+00
1.000000e+00
1.000000e+00
1.000000e+00
1.000000e+00
1.000000e+00
1.000000e+00
1.000000e+00
1.000000e+00
1.000000e+00
1.000000e+00
1.000000e+00
1.000000e+00
1.000000e+00
1.000000e+00
1.000000e+00
1.000000e+00
1.000000e+00
1.000000e+00
1.000000e+00
1.000000e+00
1.000000e+00
1.000000e+00
1.000000e+00
1.000000e+00
1.000000e+00
1.000000e+00
1.000000e+00
1.000000e+00
1.000000e+00
1.000000e+00
1.000000e+00
1.000000e+00
1.000000e+00
1.000000e+00
1.000000e+00
1.000000e+00
1.000000e+00
1.000000e+00
1.000000e+00
1.000000e+00
1.000000e+00
1.000000e+00
1.000000e+00
1.000000e+00
1.000000e+00
1.000000e+00
1.000000e+00
1.000000e+00
1.000000e+00
1.000000e+00
1.000000e+00
1.000000e+00
1.000000e+00
1.000000e+00
1.000000e+00
1.000000e+00
1.000000e+00
1.000000e+00
1.000000e+00
1.000000e+00
1.000000e+00
1.000000e+00
1.000000e+00
1.000000e+00
1.000000e+00
1.000000e+00
1.000000e+00
1.000000e+00
1.000000e+00
1.000000e+00
1.000000e+00
1.000000e+00
1.000000e+00
1.000000e+00
1.000000e+00
1.000000e+00
1.000000e+00
1.000000e+00
1.000000e+00
1.000000e+00
1.000000e+00
1.000000e+00
1.000000e+00
1.000000e+00
1.000000e+00
1.000000e+00
1.000000e+00
1.000000e+00
1.000000e+00
1.000000e+00
1.000000e+00
1.000000e+00
1.000000e+00
1.000000e+00
1.000000e+00
1.000000e+00
1.000000e+00
1.000000e+00
1.000000e+00
1.000000e+00
1.000000e+00
1.000000e+00
1.000000e+00
1.000000e+00
1.000000e+00
1.000000e+00
1.000000e+00
1.000000e+00
1.000000e+00
1.000000e+00
1.000000e+00
1.000000e+00
9.999999e-01
9.999994e-01
9.999967e-01
9.999817e-01
9.999040e-01
9.995369e-01
9.980973e-01
9.939003e-01
9.853769e-01
9.728407e-01
9.579210e-01
9.419825e-01
9.257391e-01
9.094565e-01
8.932320e-01
8.771210e-01
8.611528e-01
8.453465e-01
8.297153e-01
8.142682e-01
7.990112e-01
7.839494e-01
7.690813e-01
7.544167e-01
7.399526e-01
7.256892e-01
7.116271e-01
6.977663e-01
6.841064e-01
6.706481e-01
6.573847e-01
6.443218e-01
6.314576e-01
6.187956e-01
6.063322e-01
5.940680e-01
5.820025e-01
5.701360e-01
5.584662e-01
5.469908e-01
5.357163e-01
5.246484e-01
5.137914e-01
5.031583e-01
4.927659e-01
4.826366e-01
4.728090e-01
4.633349e-01
4.543386e-01
4.460278e-01
4.387253e-01
4.328574e-01
4.288224e-01
4.266481e-01
4.259011e-01
4.257803e-01
4.259198e-01
4.260774e-01
4.261504e-01
4.261638e-01
4.261623e-01
4.261561e-01
4.261417e-01
4.261215e-01
4.261024e-01
4.260878e-01
4.260833e-01
4.260818e-01
4.260783e-01
4.260696e-01
4.260547e-01
4.260352e-01
4.260126e-01
4.259872e-01
4.259563e-01
4.259143e-01
4.258519e-01
4.257514e-01
4.255755e-01
4.252406e-01
4.245651e-01
4.231805e-01
4.204081e-01
4.151403e-01
4.058342e-01
3.908174e-01
3.691231e-01
3.415701e-01
3.121981e-01
2.871190e-01
2.711320e-01
2.650701e-01
2.641984e-01
2.642090e-01
2.643600e-01
2.647145e-01
2.651678e-01
2.655004e-01
2.656190e-01
2.656299e-01
2.656244e-01
2.656052e-01
2.655774e-01
2.655562e-01
2.655483e-01
2.655470e-01
2.655486e-01
2.655526e-01
2.655567e-01
2.655599e-01
2.655617e-01
2.655613e-01
2.655562e-01
2.655297e-01
2.654142e-01
2.648452e-01
2.619998e-01
2.473782e-01
1.928873e-01
1.353672e-01
1.251559e-01
1.250001e-01
1.250000e-01
1.250000e-01
1.250000e-01
1.250000e-01
1.250000e-01
1.250000e-01
1.250000e-01
1.250000e-01
1.250000e-01
1.250000e-01
1.250000e-01
1.250000e-01
1.250000e-01
1.250000e-01
1.250000e-01
1.250000e-01
1.250000e-01
1.250000e-01
1.250000e-01
1.250000e-01
1.250000e-01
1.250000e-01
1.250000e-01
1.250000e-01
1.250000e-01
1.250000e-01
1.250000e-01
1.250000e-01
1.250000e-01
1.250000e-01
1.250000e-01
1.250000e-01
1.250000e-01
1.250000e-01
1.250000e-01
1.250000e-01
1.250000e-01
1.250000e-01
1.250000e-01
1.250000e-01
1.250000e-01
1.250000e-01
1.250000e-01
1.250000e-01
1.250000e-01
1.250000e-01
1.250000e-01
1.250000e-01
1.250000e-01
1.250000e-01
1.250000e-01
1.250000e-01
1.250000e-01
1.250000e-01
1.250000e-01
1.250000e-01
1.250000e-01
1.250000e-01
1.250000e-01
1.250000e-01
1.250000e-01
1.250000e-01
1.250000e-01
1.250000e-01
1.250000e-01
1.250000e-01
1.250000e-01
1.250000e-01
1.250000e-01
1.250000e-01
1.250000e-01
1.250000e-01
1.250000e-01
1.250000e-01
1.250000e-01
1.250000e-01
1.250000e-01
1.250000e-01
1.250000e-01
1.250000e-01
1.250000e-01
1.250000e-01
1.250000e-01
1.250000e-01
1.250000e-01
1.250000e-01
1.250000e-01
1.250000e-01
1.250000e-01
1.250000e-01
1.250000e-01
1.250000e-01
1.250000e-01
1.250000e-01
1.250000e-01
1.250000e-01
1.250000e-01
1.250000e-01
1.250000e-01
1.250000e-01
1.250000e-01
1.250000e-01
1.250000e-01
1.250000e-01
1.250000e-01
1.250000e-01
1.250000e-01
1.250000e-01
1.250000e-01
1.250000e-01
1.250000e-01
1.250000e-01
1.250000e-01
1.250000e-01
1.250000e-01
1.250001e-01
1.250010e-01
1.250119e-01
1.251338e-01
1.264554e-01
1.383289e-01
1.904306e-01
2.473676e-01
2.616841e-01
2.649409e-01
2.654688e-01
2.655429e-01
2.655605e-01
2.655653e-01
2.655696e-01
2.655724e-01
2.655761e-01
2.655739e-01
2.655618e-01
2.655487e-01
2.655418e-01
2.655407e-01
2.655488e-01
2.655699e-01
2.655820e-01
2.655837e-01
2.655601e-01
2.654397e-01
2.652128e-01
2.650300e-01
2.649696e-01
2.649878e-01
2.654523e-01
2.679400e-01
2.754792e-01
2.907444e-01
3.137446e-01
3.412554e-01
3.679163e-01
3.896488e-01
4.051203e-01
4.147669e-01
4.201768e-01
4.229706e-01
4.243367e-01
4.249950e-01
4.253241e-01
4.255048e-01
4.256171e-01
4.256951e-01
4.257534e-01
4.257990e-01
4.258361e-01
4.258676e-01
4.258951e-01
4.259185e-01
4.259369e-01
4.259513e-01
4.259663e-01
4.259889e-01
4.260180e-01
4.260498e-01
4.260735e-01
4.260859e-01
4.260951e-01
4.261074e-01
4.261153e-01
4.261090e-01
4.260022e-01
4.257940e-01
4.256761e-01
4.260365e-01
