4.272265e-01
4.302403e-01
4.351753e-01
4.417319e-01
4.493904e-01
4.577570e-01
4.665824e-01
4.757315e-01
4.851207e-01
4.947340e-01
5.045490e-01
5.145561e-01
5.247447e-01
5.351093e-01
5.456477e-01
5.563540e-01
5.672309e-01
5.782701e-01
5.894809e-01
6.008603e-01
6.124079e-01
6.241252e-01
6.360116e-01
6.480680e-01
6.602924e-01
6.726831e-01
6.852372e-01
6.979576e-01
7.108419e-01
7.238889e-01
7.370957e-01
7.504595e-01
7.639768e-01
7.776430e-01
7.914523e-01
8.053937e-01
8.194588e-01
8.336335e-01
8.479004e-01
8.622369e-01
8.766129e-01
8.909885e-01
9.053101e-01
9.195084e-01
9.334755e-01
9.470659e-01
9.600696e-01
9.721978e-01
9.830225e-01
9.918215e-01
9.975032e-01
9.996725e-01
9.999892e-01
1.000000e+00
1.000000e+00
1.000000e+00
1.000000e+00
1.000000e+00
1.000000e+00
1.000000e+00
1.000000e+00
1.000000e+00
1.000000e+00
1.000000e+00
1.000000e+00
1.000000e+00
1.000000e+00
1.000000e+00
1.000000e+00
1.000000e+00
1.000000e+00
1.000000e+00
1.000000e+00
1.000000e+00
1.000000e+00
1.000000e+00
1.000000e+00
1.000000e+00
1.000000e+00
1.000000e+00
1.000000e+00
1.000000e+00
1.000000e+00
1.000000e+00
1.000000e+00
1.000000e+00
1.000000e+00
1.000000e+00
1.000000e+00
1.000000e+00
1.000000e+00
1.000000e+00
1.000000e+00
1.000000e+00
1.000000e+00
1.000000e+00
1.000000e+00
1.000000e+00
1.000000e+00
1.000000e+00
1.000000e+00
1.000000e+00
1.000000e+00
1.000000e+00
1.000000e+00
1.000000e+00
1.000000e+00
1.000000e+00
1.000000e+00
1.000000e+00
1.000000e+00
1.000000e+00
1.000000e+00
1.000000e+00
1.000000e+00
1.000000e+00
1.000000e+00
1.000000e+00
1.000000e+00
1.000000e+00
1.000000e+00
1.000000e+00
1.000000e+00
1.000000e+00
1.000000e+00
1.000000e+00
1.000000e+00
1.000000e+00
1.000000e+00
1.000000e+00
1.000000e+00
1.000000e+00
1.000000e+00
1.000000e+00
1.000000e+00
1.000000e+00
1.000000e+00
1.000000e+00
1.000000e+00
1.000000e+00
1.000000e+00
1.000000e+00
1.000000e+00
1.000000e+00
1.000000e+00
1.000000e+00
1.000000e+00
1.000000e+00
1.000000e+00
1.000000e+00
1.000000e+00
1.000000e+00
1.000000e+00
1.000000e+00
1.000000e+00
1.000000e+00
1.000000e+00
1.000000e+00
1.000000e+00
1.000000e+00
1.000000e+00
1.000000e+00
1.000000e+00
1.000000e+00
1.000000e+00
1.000000e+00
1.000000e+00
1.000000e+00
1.000000e+00
1.000000e+00
1.000000e+00
1.000000e+00
1.000000e+00
1.000000e+00
1.000000e+00
1.000000e+00
1.000000e+00
1.000000e+00
1.000000e+00
1.000000e+00
1.000000e+00
1.000000e+00
1.000000e+00
1.000000e+00
1.000000e+00
1.000000e+00
1.000000e+00
1.000000e+00
1.000000e+00
1.000000e+00
1.000000e+00
1.000000e+00
1.000000e+00
1.000000e+00
1.000000e+00
1.000000e+00
1.000000e+00
1.000000e+00
1.000000e+00
9.999999e-01
9.999997e-01
9.999982e-01
9.999901e-01
9.999475e-01
9.997396e-01
9.988682e-01
9.960461e-01
9.895851e-01
9.791015e-01
9.658600e-01
9.512961e-01
9.362618e-01
9.211234e-01
9.059993e-01
8.909528e-01
8.760165e-01
8.612106e-01
8.465486e-01
8.320402e-01
8.176920e-01
8.035088e-01
7.894941e-01
7.756482e-01
7.619758e-01
7.484774e-01
7.351526e-01
7.220015e-01
7.090241e-01
6.962201e-01
6.835893e-01
6.711318e-01
6.588429e-01
6.467254e-01
6.347791e-01
6.230057e-01
6.114034e-01
5.999725e-01
5.887112e-01
5.776197e-01
5.666999e-01
5.559438e-01
5.453588e-01
5.349436e-01
5.247041e-01
5.146443e-01
5.047717e-01
4.950999e-01
4.856441e-01
4.764287e-01
4.674806e-01
4.588804e-01
4.507492e-01
4.432911e-01
4.368171e-01
4.317128e-01
4.282942e-01
4.265153e-01
4.259260e-01
4.258362e-01
4.259581e-01
4.260973e-01
4.261653e-01
4.261778e-01
4.261758e-01
4.261694e-01
4.261552e-01
4.261386e-01
4.261249e-01
4.261143e-01
4.261125e-01
4.261121e-01
4.261110e-01
4.261078e-01
4.261023e-01
4.260938e-01
4.260814e-01
4.260648e-01
4.260443e-01
4.260209e-01
4.259939e-01
4.259605e-01
4.259142e-01
4.258434e-01
4.257250e-01
4.255097e-01
4.250918e-01
4.242518e-01
4.225680e-01
4.193030e-01
4.133163e-01
4.031071e-01
3.871917e-01
3.649212e-01
3.374605e-01
3.090387e-01
2.853058e-01
2.705089e-01
2.650444e-01
2.642968e-01
2.643085e-01
2.644453e-01
2.647647e-01
2.651793e-01
2.654966e-01
2.656106e-01
2.656178e-01
2.656126e-01
2.655956e-01
2.655703e-01
2.655550e-01
2.655543e-01
2.655569e-01
2.655644e-01
2.655737e-01
2.655782e-01
2.655769e-01
2.655705e-01
2.655609e-01
2.655526e-01
2.655465e-01
2.655387e-01
2.655229e-01
2.654625e-01
2.651582e-01
2.636310e-01
2.558343e-01
2.192410e-01
1.513653e-01
1.260697e-01
1.250026e-01
1.250000e-01
1.250000e-01
1.250000e-01
1.250000e-01
1.250000e-01
1.250000e-01
1.250000e-01
1.250000e-01
1.250000e-01
1.250000e-01
1.250000e-01
1.250000e-01
1.250000e-01
1.250000e-01
1.250000e-01
1.250000e-01
1.250000e-01
1.250000e-01
1.250000e-01
1.250000e-01
1.250000e-01
1.250000e-01
1.250000e-01
1.250000e-01
1.250000e-01
1.250000e-01
1.250000e-01
1.250000e-01
1.250000e-01
1.250000e-01
1.250000e-01
1.250000e-01
1.250000e-01
1.250000e-01
1.250000e-01
1.250000e-01
1.250000e-01
1.250000e-01
1.250000e-01
1.250000e-01
1.250000e-01
1.250000e-01
1.250000e-01
1.250000e-01
1.250000e-01
1.250000e-01
1.250000e-01
1.250000e-01
1.250000e-01
1.250000e-01
1.250000e-01
1.250000e-01
1.250000e-01
1.250000e-01
1.250000e-01
1.250000e-01
1.250000e-01
1.250000e-01
1.250000e-01
1.250000e-01
1.250000e-01
1.250000e-01
1.250000e-01
1.250000e-01
1.250000e-01
1.250000e-01
1.250000e-01
1.250000e-01
1.250000e-01
1.250000e-01
1.250000e-01
1.250000e-01
1.250000e-01
1.250000e-01
1.250000e-01
1.250000e-01
1.250000e-01
1.250000e-01
1.250000e-01
1.250000e-01
1.250000e-01
1.250000e-01
1.250000e-01
1.250000e-01
1.250000e-01
1.250000e-01
1.250000e-01
1.250000e-01
1.250000e-01
1.250000e-01
1.250000e-01
1.250000e-01
1.250000e-01
1.250000e-01
1.250000e-01
1.250000e-01
1.250000e-01
1.250000e-01
1.250000e-01
1.250000e-01
1.250000e-01
1.250000e-01
1.250000e-01
1.250000e-01
1.250000e-01
1.250002e-01
1.250027e-01
1.250301e-01
1.253360e-01
1.285223e-01
1.522700e-01
2.172992e-01
2.558046e-01
2.635375e-01
2.652535e-01
2.654923e-01
2.655243e-01
2.655345e-01
2.655449e-01
2.655587e-01
2.655772e-01
2.655922e-01
2.655975e-01
2.655970e-01
2.655875e-01
2.655660e-01
2.655461e-01
2.655364e-01
2.655348e-01
2.655422e-01
2.655642e-01
2.655783e-01
2.655816e-01
2.655629e-01
2.654409e-01
2.652356e-01
2.650878e-01
2.650429e-01
2.650654e-01
2.655256e-01
2.679201e-01
2.749211e-01
2.891156e-01
3.107931e-01
3.372377e-01
3.636577e-01
3.858579e-01
4.022328e-01
4.128499e-01
4.190404e-01
4.223611e-01
4.240372e-01
4.248592e-01
4.252682e-01
4.254853e-01
4.256128e-01
4.256963e-01
4.257561e-01
4.258023e-01
4.258403e-01
4.258728e-01
4.259007e-01
4.259242e-01
4.259439e-01
4.259608e-01
4.259755e-01
4.259877e-01
4.259974e-01
4.260080e-01
4.260250e-01
4.260480e-01
4.260753e-01
4.260979e-01
4.261104e-01
4.261198e-01
4.261290e-01
4.261339e-01
4.261260e-01
4.260344e-01
4.258566e-01
4.257473e-01
4.260124e-01
