4.273544e-01
4.305902e-01
4.358203e-01
4.426961e-01
4.506754e-01
4.593590e-01
4.684984e-01
4.779644e-01
4.876830e-01
4.976307e-01
5.077897e-01
5.181518e-01
5.287026e-01
5.394381e-01
5.503561e-01
5.614559e-01
5.727266e-01
5.841777e-01
5.958070e-01
6.076152e-01
6.196025e-01
6.317676e-01
6.441135e-01
6.566353e-01
6.693370e-01
6.822081e-01
6.952554e-01
7.084759e-01
7.218679e-01
7.354286e-01
7.491548e-01
7.630426e-01
7.770869e-01
7.912815e-01
8.056139e-01
8.200749e-01
8.346487e-01
8.493158e-01
8.640502e-01
8.788179e-01
8.935732e-01
9.082548e-01
9.227800e-01
9.370230e-01
9.508108e-01
9.638963e-01
9.759352e-01
9.863888e-01
9.943356e-01
9.986928e-01
9.998939e-01
9.999983e-01
1.000000e+00
1.000000e+00
1.000000e+00
1.000000e+00
1.000000e+00
1.000000e+00
1.000000e+00
1.000000e+00
1.000000e+00
1.000000e+00
1.000000e+00
1.000000e+00
1.000000e+00
1.000000e+00
1.000000e+00
1.000000e+00
1.000000e+00
1.000000e+00
1.000000e+00
1.000000e+00
1.000000e+00
1.000000e+00
1.000000e+00
1.000000e+00
1.000000e+00
1.000000e+00
1.000000e+00
1.000000e+00
1.000000e+00
1.000000e+00
1.000000e+00
1.000000e+00
1.000000e+00
1.000000e+00
1.000000e+00
1.000000e+00
1.000000e+00
1.000000e+00
1.000000e+00
1.000000e+00
1.000000e+00
1.000000e+00
1.000000e+00
1.000000e+00
1.000000e+00
1.000000e+00
1.000000e+00
1.000000e+00
1.000000e+00
1.000000e+00
1.000000e+00
1.000000e+00
1.000000e+00
1.000000e+00
1.000000e+00
1.000000e+00
1.000000e+00
1.000000e+00
1.000000e+00
1.000000e+00
1.000000e+00
1.000000e+00
1.000000e+00
1.000000e+00
1.000000e+00
1.000000e+00
1.000000e+00
1.000000e+00
1.000000e+00
1.000000e+00
1.000000e+00
1.000000e+00
1.000000e+00
1.000000e+00
1.000000e+00
1.000000e+00
1.000000e+00
1.000000e+00
1.000000e+00
1.000000e+00
1.000000e+00
1.000000e+00
1.000000e+00
1.000000e+00
1.000000e+00
1.000000e+00
1.000000e+00
1.000000e+00
1.000000e+00
1.000000e+00
1.000000e+00
1.000000e+00
1.000000e+00
1.000000e+00
1.000000e+00
1.000000e+00
1.000000e+00
1.000000e+00
1.000000e+00
1.000000e+00
1.000000e+00
1.000000e+00
1.000000e+00
1.000000e+00
1.000000e+00
1.000000e+00
1.000000e+00
1.000000e+00
1.000000e+00
1.000000e+00
1.000000e+00
1.000000e+00
1.000000e+00
1.000000e+00
1.000000e+00
1.000000e+00
1.000000e+00
1.000000e+00
1.000000e+00
1.000000e+00
1.000000e+00
1.000000e+00
1.000000e+00
1.000000e+00
1.000000e+00
1.000000e+00
1.000000e+00
1.000000e+00
1.000000e+00
1.000000e+00
1.000000e+00
1.000000e+00
1.000000e+00
1.000000e+00
1.000000e+00
1.000000e+00
1.000000e+00
1.000000e+00
1.000000e+00
1.000000e+00
1.000000e+00
1.000000e+00
1.000000e+00
1.000000e+00
1.000000e+00
1.000000e+00
1.000000e+00
1.000000e+00
1.000000e+00
9.999998e-01
9.999990e-01
9.999947e-01
9.999711e-01
9.998521e-01
9.993163e-01
9.973758e-01
9.922824e-01
9.829494e-01
9.701902e-01
9.555869e-01
9.402521e-01
9.247202e-01
9.091757e-01
8.936952e-01
8.783234e-01
8.630842e-01
8.479936e-01
8.330631e-01
8.183004e-01
8.037109e-01
7.892988e-01
7.750642e-01
7.610128e-01
7.471449e-01
7.334600e-01
7.199585e-01
7.066403e-01
6.935052e-01
6.805528e-01
6.677838e-01
6.551902e-01
6.427808e-01
6.305515e-01
6.185055e-01
6.066399e-01
5.949546e-01
5.834496e-01
5.721244e-01
5.609798e-01
5.500076e-01
5.392180e-01
5.286133e-01
5.181964e-01
5.079739e-01
4.979625e-01
4.881757e-01
4.786344e-01
4.693735e-01
4.604635e-01
4.520245e-01
4.442614e-01
4.374908e-01
4.321142e-01
4.284791e-01
4.265624e-01
4.259153e-01
4.258159e-01
4.259444e-01
4.260910e-01
4.261608e-01
4.261729e-01
4.261705e-01
4.261643e-01
4.261506e-01
4.261334e-01
4.261179e-01
4.261055e-01
4.261020e-01
4.261011e-01
4.260996e-01
4.260956e-01
4.260880e-01
4.260759e-01
4.260592e-01
4.260386e-01
4.260150e-01
4.259879e-01
4.259541e-01
4.259074e-01
4.258362e-01
4.257175e-01
4.255019e-01
4.250825e-01
4.242352e-01
4.225252e-01
4.191887e-01
4.130416e-01
4.025321e-01
3.861507e-01
3.632973e-01
3.353303e-01
3.068165e-01
2.835109e-01
2.695615e-01
2.648089e-01
2.642563e-01
2.642815e-01
2.644462e-01
2.647985e-01
2.652246e-01
2.655218e-01
2.656158e-01
2.656208e-01
2.656145e-01
2.655958e-01
2.655711e-01
2.655558e-01
2.655543e-01
2.655565e-01
2.655624e-01
2.655693e-01
2.655709e-01
2.655670e-01
2.655612e-01
2.655563e-01
2.655522e-01
2.655449e-01
2.655293e-01
2.654649e-01
2.651504e-01
2.635756e-01
2.555390e-01
2.180911e-01
1.503767e-01
1.259836e-01
1.250023e-01
1.250000e-01
1.250000e-01
1.250000e-01
1.250000e-01
1.250000e-01
1.250000e-01
1.250000e-01
1.250000e-01
1.250000e-01
1.250000e-01
1.250000e-01
1.250000e-01
1.250000e-01
1.250000e-01
1.250000e-01
1.250000e-01
1.250000e-01
1.250000e-01
1.250000e-01
1.250000e-01
1.250000e-01
1.250000e-01
1.250000e-01
1.250000e-01
1.250000e-01
1.250000e-01
1.250000e-01
1.250000e-01
1.250000e-01
1.250000e-01
1.250000e-01
1.250000e-01
1.250000e-01
1.250000e-01
1.250000e-01
1.250000e-01
1.250000e-01
1.250000e-01
1.250000e-01
1.250000e-01
1.250000e-01
1.250000e-01
1.250000e-01
1.250000e-01
1.250000e-01
1.250000e-01
1.250000e-01
1.250000e-01
1.250000e-01
1.250000e-01
1.250000e-01
1.250000e-01
1.250000e-01
1.250000e-01
1.250000e-01
1.250000e-01
1.250000e-01
1.250000e-01
1.250000e-01
1.250000e-01
1.250000e-01
1.250000e-01
1.250000e-01
1.250000e-01
1.250000e-01
1.250000e-01
1.250000e-01
1.250000e-01
1.250000e-01
1.250000e-01
1.250000e-01
1.250000e-01
1.250000e-01
1.250000e-01
1.250000e-01
1.250000e-01
1.250000e-01
1.250000e-01
1.250000e-01
1.250000e-01
1.250000e-01
1.250000e-01
1.250000e-01
1.250000e-01
1.250000e-01
1.250000e-01
1.250000e-01
1.250000e-01
1.250000e-01
1.250000e-01
1.250000e-01
1.250000e-01
1.250000e-01
1.250000e-01
1.250000e-01
1.250000e-01
1.250000e-01
1.250000e-01
1.250000e-01
1.250000e-01
1.250000e-01
1.250000e-01
1.250000e-01
1.250000e-01
1.250000e-01
1.250000e-01
1.250000e-01
1.250000e-01
1.250000e-01
1.250002e-01
1.250025e-01
1.250288e-01
1.253214e-01
1.283774e-01
1.514126e-01
2.160858e-01
2.555264e-01
2.634703e-01
2.652445e-01
2.654948e-01
2.655318e-01
2.655430e-01
2.655530e-01
2.655641e-01
2.655782e-01
2.655903e-01
2.655939e-01
2.655891e-01
2.655714e-01
2.655511e-01
2.655394e-01
2.655356e-01
2.655397e-01
2.655604e-01
2.655764e-01
2.655803e-01
2.655699e-01
2.654655e-01
2.652549e-01
2.650823e-01
2.650199e-01
2.650277e-01
2.653766e-01
2.674285e-01
2.738672e-01
2.874457e-01
3.087651e-01
3.352701e-01
3.621176e-01
3.848390e-01
4.016586e-01
4.125758e-01
4.189269e-01
4.223176e-01
4.240182e-01
4.248469e-01
4.252573e-01
4.254746e-01
4.256025e-01
4.256866e-01
4.257476e-01
4.257952e-01
4.258344e-01
4.258675e-01
4.258955e-01
4.259191e-01
4.259393e-01
4.259563e-01
4.259701e-01
4.259815e-01
4.259938e-01
4.260130e-01
4.260381e-01
4.260666e-01
4.260894e-01
4.261016e-01
4.261111e-01
4.261216e-01
4.261276e-01
4.261204e-01
4.260228e-01
4.258342e-01
4.257217e-01
4.260202e-01
