4.270776e-01
4.298174e-01
4.343845e-01
4.405416e-01
4.477990e-01
4.557711e-01
4.642043e-01
4.729535e-01
4.819403e-01
4.911403e-01
5.005281e-01
5.100959e-01
5.198387e-01
5.297443e-01
5.398110e-01
5.500382e-01
5.604236e-01
5.709599e-01
5.816534e-01
5.925044e-01
6.035128e-01
6.146775e-01
6.259999e-01
6.374805e-01
6.491187e-01
6.609140e-01
6.728637e-01
6.849664e-01
6.972241e-01
7.096353e-01
7.221986e-01
7.349120e-01
7.477732e-01
7.607789e-01
7.739248e-01
7.872093e-01
8.006197e-01
8.141514e-01
8.277927e-01
8.415299e-01
8.553453e-01
8.692158e-01
8.831109e-01
8.969901e-01
9.108005e-01
9.244684e-01
9.378863e-01
9.509058e-01
9.633164e-01
9.748291e-01
9.850067e-01
9.931053e-01
9.980741e-01
9.997835e-01
9.999943e-01
1.000000e+00
1.000000e+00
1.000000e+00
1.000000e+00
1.000000e+00
1.000000e+00
1.000000e+00
1.000000e+00
1.000000e+00
1.000000e+00
1.000000e+00
1.000000e+00
1.000000e+00
1.000000e+00
1.000000e+00
1.000000e+00
1.000000e+00
1.000000e+00
1.000000e+00
1.000000e+00
1.000000e+00
1.000000e+00
1.000000e+00
1.000000e+00
1.000000e+00
1.000000e+00
1.000000e+00
1.000000e+00
1.000000e+00
1.000000e+00
1.000000e+00
1.000000e+00
1.000000e+00
1.000000e+00
1.000000e+00
1.000000e+00
1.000000e+00
1.000000e+00
1.000000e+00
1.000000e+00
1.000000e+00
1.000000e+00
1.000000e+00
1.000000e+00
1.000000e+00
1.000000e+00
1.000000e+00
1.000000e+00
1.000000e+00
1.000000e+00
1.000000e+00
1.000000e+00
1.000000e+00
1.000000e+00
1.000000e+00
1.000000e+00
1.000000e+00
1.000000e+00
1.000000e+00
1.000000e+00
1.000000e+00
1.000000e+00
1.000000e+00
1.000000e+00
1.000000e+00
1.000000e+00
1.000000e+00
1.000000e+00
1.000000e+00
1.000000e+00
1.000000e+00
1.000000e+00
1.000000e+00
1.000000e+00
1.000000e+00
1.000000e+00
1.000000e+00
1.000000e+00
1.000000e+00
1.000000e+00
1.000000e+00
1.000000e+00
1.000000e+00
1.000000e+00
1.000000e+00
1.000000e+00
1.000000e+00
1.000000e+00
1.000000e+00
1.000000e+00
1.000000e+00
1.000000e+00
1.000000e+00
1.000000e+00
1.000000e+00
1.000000e+00
1.000000e+00
1.000000e+00
1.000000e+00
1.000000e+00
1.000000e+00
1.000000e+00
1.000000e+00
1.000000e+00
1.000000e+00
1.000000e+00
1.000000e+00
1.000000e+00
1.000000e+00
1.000000e+00
1.000000e+00
1.000000e+00
1.000000e+00
1.000000e+00
1.000000e+00
1.000000e+00
1.000000e+00
1.000000e+00
1.000000e+00
1.000000e+00
1.000000e+00
1.000000e+00
1.000000e+00
1.000000e+00
1.000000e+00
1.000000e+00
1.000000e+00
1.000000e+00
1.000000e+00
1.000000e+00
1.000000e+00
1.000000e+00
1.000000e+00
1.000000e+00
1.000000e+00
1.000000e+00
1.000000e+00
1.000000e+00
1.000000e+00
1.000000e+00
1.000000e+00
1.000000e+00
1.000000e+00
9.999998e-01
9.999987e-01
9.999927e-01
9.999612e-01
9.998057e-01
9.991342e-01
9.968510e-01
9.912995e-01
9.817970e-01
9.693708e-01
9.554601e-01
9.409854e-01
9.263665e-01
9.117445e-01
8.971806e-01
8.827143e-01
8.683645e-01
8.541453e-01
8.400666e-01
8.261353e-01
8.123563e-01
7.987330e-01
7.852687e-01
7.719612e-01
7.588183e-01
7.458370e-01
7.330175e-01
7.203602e-01
7.078649e-01
6.955312e-01
6.833589e-01
6.713480e-01
6.594945e-01
6.478000e-01
6.362652e-01
6.248909e-01
6.136764e-01
6.026211e-01
5.917235e-01
5.809838e-01
5.704025e-01
5.599788e-01
5.497071e-01
5.395944e-01
5.296435e-01
5.198562e-01
5.102364e-01
5.007975e-01
4.915478e-01
4.825004e-01
4.736855e-01
4.651307e-01
4.569153e-01
4.491673e-01
4.420901e-01
4.359872e-01
4.312226e-01
4.280729e-01
4.264571e-01
4.259378e-01
4.258622e-01
4.259768e-01
4.261067e-01
4.261705e-01
4.261827e-01
4.261811e-01
4.261752e-01
4.261612e-01
4.261454e-01
4.261331e-01
4.261241e-01
4.261244e-01
4.261253e-01
4.261250e-01
4.261225e-01
4.261182e-01
4.261123e-01
4.261042e-01
4.260930e-01
4.260778e-01
4.260588e-01
4.260367e-01
4.260113e-01
4.259807e-01
4.259398e-01
4.258793e-01
4.257810e-01
4.256066e-01
4.252749e-01
4.246170e-01
4.233030e-01
4.207404e-01
4.159744e-01
4.076687e-01
3.943128e-01
3.748573e-01
3.495751e-01
3.212060e-01
2.950776e-01
2.760769e-01
2.667064e-01
2.644547e-01
2.643376e-01
2.643967e-01
2.646142e-01
2.649854e-01
2.653614e-01
2.655773e-01
2.656165e-01
2.656145e-01
2.656036e-01
2.655807e-01
2.655582e-01
2.655522e-01
2.655536e-01
2.655594e-01
2.655698e-01
2.655797e-01
2.655834e-01
2.655827e-01
2.655780e-01
2.655678e-01
2.655551e-01
2.655450e-01
2.655382e-01
2.655294e-01
2.655097e-01
2.654092e-01
2.649115e-01
2.623886e-01
2.494347e-01
1.982689e-01
1.377263e-01
1.252339e-01
1.250002e-01
1.250000e-01
1.250000e-01
1.250000e-01
1.250000e-01
1.250000e-01
1.250000e-01
1.250000e-01
1.250000e-01
1.250000e-01
1.250000e-01
1.250000e-01
1.250000e-01
1.250000e-01
1.250000e-01
1.250000e-01
1.250000e-01
1.250000e-01
1.250000e-01
1.250000e-01
1.250000e-01
1.250000e-01
1.250000e-01
1.250000e-01
1.250000e-01
1.250000e-01
1.250000e-01
1.250000e-01
1.250000e-01
1.250000e-01
1.250000e-01
1.250000e-01
1.250000e-01
1.250000e-01
1.250000e-01
1.250000e-01
1.250000e-01
1.250000e-01
1.250000e-01
1.250000e-01
1.250000e-01
1.250000e-01
1.250000e-01
1.250000e-01
1.250000e-01
1.250000e-01
1.250000e-01
1.250000e-01
1.250000e-01
1.250000e-01
1.250000e-01
1.250000e-01
1.250000e-01
1.250000e-01
1.250000e-01
1.250000e-01
1.250000e-01
1.250000e-01
1.250000e-01
1.250000e-01
1.250000e-01
1.250000e-01
1.250000e-01
1.250000e-01
1.250000e-01
1.250000e-01
1.250000e-01
1.250000e-01
1.250000e-01
1.250000e-01
1.250000e-01
1.250000e-01
1.250000e-01
1.250000e-01
1.250000e-01
1.250000e-01
1.250000e-01
1.250000e-01
1.250000e-01
1.250000e-01
1.250000e-01
1.250000e-01
1.250000e-01
1.250000e-01
1.250000e-01
1.250000e-01
1.250000e-01
1.250000e-01
1.250000e-01
1.250000e-01
1.250000e-01
1.250000e-01
1.250000e-01
1.250000e-01
1.250000e-01
1.250000e-01
1.250000e-01
1.250000e-01
1.250000e-01
1.250000e-01
1.250001e-01
1.250013e-01
1.250143e-01
1.251600e-01
1.267302e-01
1.404335e-01
1.957508e-01
2.494854e-01
2.621047e-01
2.650134e-01
2.654617e-01
2.655180e-01
2.655271e-01
2.655342e-01
2.655461e-01
2.655643e-01
2.655828e-01
2.655945e-01
2.655982e-01
2.655978e-01
2.655900e-01
2.655714e-01
2.655519e-01
2.655405e-01
2.655379e-01
2.655417e-01
2.655592e-01
2.655757e-01
2.655805e-01
2.655748e-01
2.655089e-01
2.653404e-01
2.651670e-01
2.650844e-01
2.650748e-01
2.652223e-01
2.663578e-01
2.705374e-01
2.805270e-01
2.980536e-01
3.219806e-01
3.487112e-01
3.734033e-01
3.930984e-01
4.069531e-01
4.155981e-01
4.205083e-01
4.230984e-01
4.243990e-01
4.250418e-01
4.253684e-01
4.255474e-01
4.256566e-01
4.257303e-01
4.257841e-01
4.258258e-01
4.258602e-01
4.258898e-01
4.259156e-01
4.259377e-01
4.259563e-01
4.259721e-01
4.259860e-01
4.259982e-01
4.260081e-01
4.260157e-01
4.260242e-01
4.260393e-01
4.260603e-01
4.260860e-01
4.261082e-01
4.261208e-01
4.261297e-01
4.261375e-01
4.261416e-01
4.261339e-01
4.260496e-01
4.258841e-01
4.257784e-01
4.260032e-01
