4.261663e-01
4.264952e-01
4.273789e-01
4.290235e-01
4.315070e-01
4.347330e-01
4.385328e-01
4.427404e-01
4.472271e-01
4.519065e-01
4.567249e-01
4.616495e-01
4.666601e-01
4.717428e-01
4.768888e-01
4.820968e-01
4.873629e-01
4.926855e-01
4.980630e-01
5.034942e-01
5.089794e-01
5.145189e-01
5.201097e-01
5.257520e-01
5.314454e-01
5.371901e-01
5.429858e-01
5.488325e-01
5.547306e-01
5.606797e-01
5.666780e-01
5.727273e-01
5.788282e-01
5.849807e-01
5.911851e-01
5.974413e-01
6.037495e-01
6.101099e-01
6.165227e-01
6.229876e-01
6.295052e-01
6.360762e-01
6.427002e-01
6.493770e-01
6.561069e-01
6.628902e-01
6.697262e-01
6.766148e-01
6.835569e-01
6.905523e-01
6.976013e-01
7.047037e-01
7.118596e-01
7.190690e-01
7.263318e-01
7.336478e-01
7.410171e-01
7.484392e-01
7.559140e-01
7.634412e-01
7.710204e-01
7.786511e-01
7.863338e-01
7.940659e-01
8.018478e-01
8.096783e-01
8.175561e-01
8.254799e-01
8.334481e-01
8.414588e-01
8.495097e-01
8.575979e-01
8.657202e-01
8.738726e-01
8.820501e-01
8.902468e-01
8.984552e-01
9.066661e-01
9.148690e-01
9.230489e-01
9.311869e-01
9.392595e-01
9.472349e-01
9.550717e-01
9.627142e-01
9.700900e-01
9.771037e-01
9.836279e-01
9.894857e-01
9.943995e-01
9.979064e-01
9.996007e-01
9.999760e-01
9.999997e-01
1.000000e+00
1.000000e+00
1.000000e+00
1.000000e+00
1.000000e+00
1.000000e+00
1.000000e+00
1.000000e+00
1.000000e+00
1.000000e+00
1.000000e+00
1.000000e+00
1.000000e+00
1.000000e+00
1.000000e+00
1.000000e+00
1.000000e+00
1.000000e+00
1.000000e+00
1.000000e+00
1.000000e+00
1.000000e+00
1.000000e+00
1.000000e+00
1.000000e+00
1.000000e+00
1.000000e+00
1.000000e+00
1.000000e+00
1.000000e+00
1.000000e+00
1.000000e+00
1.000000e+00
1.000000e+00
1.000000e+00
1.000000e+00
1.000000e+00
1.000000e+00
1.000000e+00
1.000000e+00
1.000000e+00
1.000000e+00
1.000000e+00
1.000000e+00
1.000000e+00
1.000000e+00
1.000000e+00
1.000000e+00
1.000000e+00
1.000000e+00
1.000000e+00
1.000000e+00
1.000000e+00
1.000000e+00
1.000000e+00
1.000000e+00
1.000000e+00
1.000000e+00
1.000000e+00
1.000000e+00
1.000000e+00
1.000000e+00
1.000000e+00
1.000000e+00
1.000000e+00
1.000000e+00
9.999999e-01
9.999993e-01
9.999962e-01
9.999802e-01
9.999034e-01
9.995746e-01
9.984384e-01
9.955634e-01
9.903953e-01
9.833660e-01
9.753139e-01
9.668355e-01
9.582208e-01
9.495778e-01
9.409372e-01
9.323142e-01
9.237187e-01
9.151574e-01
9.066353e-01
8.981574e-01
8.897253e-01
8.813411e-01
8.730068e-01
8.647239e-01
8.564934e-01
8.483164e-01
8.401936e-01
8.321254e-01
8.241124e-01
8.161549e-01
8.082530e-01
8.004070e-01
7.926170e-01
7.848833e-01
7.772048e-01
7.695835e-01
7.620183e-01
7.545091e-01
7.470557e-01
7.396581e-01
7.323161e-01
7.250295e-01
7.177984e-01
7.106224e-01
7.035015e-01
6.964354e-01
6.894239e-01
6.824670e-01
6.755642e-01
6.687157e-01
6.619201e-01
6.551779e-01
6.484893e-01
6.418540e-01
6.352718e-01
6.287429e-01
6.222673e-01
6.158445e-01
6.094740e-01
6.031558e-01
5.968896e-01
5.906754e-01
5.845131e-01
5.784024e-01
5.723433e-01
5.663357e-01
5.603790e-01
5.544715e-01
5.486150e-01
5.428098e-01
5.370557e-01
5.313528e-01
5.257015e-01
5.201019e-01
5.145544e-01
5.090593e-01
5.036196e-01
4.982356e-01
4.929076e-01
4.876375e-01
4.824276e-01
4.772806e-01
4.722017e-01
4.671928e-01
4.622645e-01
4.574315e-01
4.527135e-01
4.481406e-01
4.437590e-01
4.396394e-01
4.358823e-01
4.326182e-01
4.299865e-01
4.280868e-01
4.269182e-01
4.263403e-01
4.261415e-01
4.261031e-01
4.261277e-01
4.261735e-01
4.262078e-01
4.262219e-01
4.262229e-01
4.262192e-01
4.262130e-01
4.262084e-01
4.262056e-01
4.262069e-01
4.262115e-01
4.262181e-01
4.262243e-01
4.262292e-01
4.262329e-01
4.262358e-01
4.262383e-01
4.262405e-01
4.262426e-01
4.262446e-01
4.262466e-01
4.262484e-01
4.262499e-01
4.262509e-01
4.262513e-01
4.262511e-01
4.262504e-01
4.262493e-01
4.262479e-01
4.262463e-01
4.262446e-01
4.262425e-01
4.262399e-01
4.262368e-01
4.262332e-01
4.262292e-01
4.262247e-01
4.262198e-01
4.262144e-01
4.262086e-01
4.262022e-01
4.261952e-01
4.261874e-01
4.261787e-01
4.261689e-01
4.261579e-01
4.261454e-01
4.261310e-01
4.261142e-01
4.260944e-01
4.260704e-01
4.260401e-01
4.259994e-01
4.259394e-01
4.258429e-01
4.256766e-01
4.253782e-01
4.248366e-01
4.238618e-01
4.221468e-01
4.192284e-01
4.144628e-01
4.070475e-01
3.961363e-01
3.811301e-01
3.619914e-01
3.395908e-01
3.162248e-01
2.950502e-01
2.787416e-01
2.690489e-01
2.654493e-01
2.648917e-01
2.648835e-01
2.649178e-01
2.650216e-01
2.651934e-01
2.653831e-01
2.655225e-01
2.655783e-01
2.655850e-01
2.655846e-01
2.655826e-01
2.655794e-01
2.655782e-01
2.655784e-01
2.655796e-01
2.655823e-01
2.655849e-01
2.655854e-01
2.655851e-01
2.655837e-01
2.655809e-01
2.655767e-01
2.655721e-01
2.655683e-01
2.655667e-01
2.655667e-01
2.655670e-01
2.655676e-01
2.655686e-01
2.655697e-01
2.655707e-01
2.655713e-01
2.655715e-01
2.655715e-01
2.655713e-01
2.655711e-01
2.655709e-01
2.655709e-01
2.655708e-01
2.655707e-01
2.655704e-01
2.655699e-01
2.655692e-01
2.655683e-01
2.655671e-01
2.655659e-01
2.655640e-01
2.655636e-01
2.655597e-01
2.655348e-01
2.654552e-01
2.662093e-01
2.938652e-01
4.220063e-01
4.250359e-01
2.918988e-01
2.652373e-01
2.654090e-01
2.655531e-01
2.655658e-01
2.655664e-01
2.655667e-01
2.655674e-01
2.655678e-01
2.655683e-01
2.655690e-01
2.655699e-01
2.655710e-01
2.655721e-01
2.655733e-01
2.655744e-01
2.655750e-01
2.655755e-01
2.655757e-01
2.655758e-01
2.655755e-01
2.655747e-01
2.655736e-01
2.655723e-01
2.655707e-01
2.655694e-01
2.655685e-01
2.655683e-01
2.655684e-01
2.655695e-01
2.655727e-01
2.655786e-01
2.655853e-01
2.655904e-01
2.655934e-01
2.655945e-01
2.655948e-01
2.655935e-01
2.655876e-01
2.655809e-01
2.655754e-01
2.655712e-01
2.655675e-01
2.655622e-01
2.655501e-01
2.655225e-01
2.654786e-01
2.654369e-01
2.654156e-01
2.654118e-01
2.654309e-01
2.656098e-01
2.663998e-01
2.687521e-01
2.740512e-01
2.836782e-01
2.982105e-01
3.170321e-01
3.384589e-01
3.598521e-01
3.788873e-01
3.943662e-01
4.058814e-01
4.137688e-01
4.188238e-01
4.218841e-01
4.236526e-01
4.246404e-01
4.251821e-01
4.254799e-01
4.256487e-01
4.257505e-01
4.258175e-01
4.258661e-01
4.259043e-01
4.259361e-01
4.259634e-01
4.259872e-01
4.260081e-01
4.260268e-01
4.260435e-01
4.260587e-01
4.260725e-01
4.260849e-01
4.260962e-01
4.261065e-01
4.261160e-01
4.261247e-01
4.261328e-01
4.261402e-01
4.261471e-01
4.261532e-01
4.261585e-01
4.261630e-01
4.261666e-01
4.261697e-01
4.261723e-01
4.261748e-01
4.261769e-01
4.261784e-01
4.261794e-01
4.261796e-01
4.261789e-01
4.261776e-01
4.261759e-01
4.261742e-01
4.261727e-01
4.261716e-01
4.261708e-01
4.261702e-01
4.261693e-01
4.261679e-01
4.261658e-01
4.261638e-01
4.261632e-01
4.261666e-01
4.261721e-01
4.261817e-01
4.261949e-01
4.262087e-01
4.262180e-01
4.262202e-01
4.262192e-01
4.261996e-01
4.261538e-01
4.261082e-01
4.260944e-01
