4.261744e-01
4.266106e-01
4.276618e-01
4.295869e-01
4.323850e-01
4.359431e-01
4.400656e-01
4.445823e-01
4.493669e-01
4.543375e-01
4.594438e-01
4.646554e-01
4.699530e-01
4.753260e-01
4.807664e-01
4.862732e-01
4.918429e-01
4.974737e-01
5.031641e-01
5.089141e-01
5.147239e-01
5.205904e-01
5.265138e-01
5.324935e-01
5.385295e-01
5.446219e-01
5.507706e-01
5.569748e-01
5.632362e-01
5.695506e-01
5.759224e-01
5.823507e-01
5.888360e-01
5.953782e-01
6.019775e-01
6.086342e-01
6.153483e-01
6.221196e-01
6.289489e-01
6.358366e-01
6.427826e-01
6.497866e-01
6.568487e-01
6.639698e-01
6.711480e-01
6.783843e-01
6.856792e-01
6.930327e-01
7.004448e-01
7.079154e-01
7.154446e-01
7.230323e-01
7.306783e-01
7.383825e-01
7.461447e-01
7.539644e-01
7.618415e-01
7.697753e-01
7.777654e-01
7.858122e-01
7.939128e-01
8.020675e-01
8.102749e-01
8.185334e-01
8.268415e-01
8.351971e-01
8.435979e-01
8.520409e-01
8.605226e-01
8.690389e-01
8.775845e-01
8.861531e-01
8.947369e-01
9.033260e-01
9.119085e-01
9.204698e-01
9.289886e-01
9.374396e-01
9.457888e-01
9.539907e-01
9.619845e-01
9.696906e-01
9.770036e-01
9.837820e-01
9.898255e-01
9.948111e-01
9.982177e-01
9.997089e-01
9.999863e-01
9.999999e-01
1.000000e+00
1.000000e+00
1.000000e+00
1.000000e+00
1.000000e+00
1.000000e+00
1.000000e+00
1.000000e+00
1.000000e+00
1.000000e+00
1.000000e+00
1.000000e+00
1.000000e+00
1.000000e+00
1.000000e+00
1.000000e+00
1.000000e+00
1.000000e+00
1.000000e+00
1.000000e+00
1.000000e+00
1.000000e+00
1.000000e+00
1.000000e+00
1.000000e+00
1.000000e+00
1.000000e+00
1.000000e+00
1.000000e+00
1.000000e+00
1.000000e+00
1.000000e+00
1.000000e+00
1.000000e+00
1.000000e+00
1.000000e+00
1.000000e+00
1.000000e+00
1.000000e+00
1.000000e+00
1.000000e+00
1.000000e+00
1.000000e+00
1.000000e+00
1.000000e+00
1.000000e+00
1.000000e+00
1.000000e+00
1.000000e+00
1.000000e+00
1.000000e+00
1.000000e+00
1.000000e+00
1.000000e+00
1.000000e+00
1.000000e+00
1.000000e+00
1.000000e+00
1.000000e+00
1.000000e+00
1.000000e+00
1.000000e+00
1.000000e+00
1.000000e+00
1.000000e+00
1.000000e+00
1.000000e+00
1.000000e+00
1.000000e+00
1.000000e+00
1.000000e+00
1.000000e+00
1.000000e+00
1.000000e+00
9.999999e-01
9.999994e-01
9.999966e-01
9.999824e-01
9.999132e-01
9.996119e-01
9.985431e-01
9.957479e-01
9.905648e-01
9.833601e-01
9.750089e-01
9.661676e-01
9.571643e-01
9.481249e-01
9.390865e-01
9.300666e-01
9.210770e-01
9.121247e-01
9.032165e-01
8.943566e-01
8.855472e-01
8.767907e-01
8.680892e-01
8.594443e-01
8.508572e-01
8.423289e-01
8.338602e-01
8.254515e-01
8.171033e-01
8.088160e-01
8.005898e-01
7.924248e-01
7.843215e-01
7.762786e-01
7.682983e-01
7.603795e-01
7.525219e-01
7.447255e-01
7.369902e-01
7.293158e-01
7.217022e-01
7.141492e-01
7.066567e-01
6.992244e-01
6.918521e-01
6.845397e-01
6.772869e-01
6.700936e-01
6.629590e-01
6.558822e-01
6.488646e-01
6.419056e-01
6.350048e-01
6.281627e-01
6.213790e-01
6.146534e-01
6.079852e-01
6.013743e-01
5.948206e-01
5.883241e-01
5.818844e-01
5.755016e-01
5.691754e-01
5.629062e-01
5.566903e-01
5.505312e-01
5.444278e-01
5.383808e-01
5.323904e-01
5.264566e-01
5.205797e-01
5.147604e-01
5.089990e-01
5.032989e-01
4.976604e-01
4.920840e-01
4.865723e-01
4.811280e-01
4.757554e-01
4.704583e-01
4.652444e-01
4.601262e-01
4.551233e-01
4.502643e-01
4.455938e-01
4.411791e-01
4.371200e-01
4.335501e-01
4.306223e-01
4.284608e-01
4.270929e-01
4.263960e-01
4.261433e-01
4.260902e-01
4.261122e-01
4.261616e-01
4.262026e-01
4.262205e-01
4.262217e-01
4.262179e-01
4.262107e-01
4.262050e-01
4.262026e-01
4.262028e-01
4.262071e-01
4.262135e-01
4.262194e-01
4.262241e-01
4.262276e-01
4.262305e-01
4.262329e-01
4.262351e-01
4.262371e-01
4.262389e-01
4.262406e-01
4.262421e-01
4.262432e-01
4.262439e-01
4.262441e-01
4.262436e-01
4.262425e-01
4.262409e-01
4.262390e-01
4.262368e-01
4.262343e-01
4.262315e-01
4.262282e-01
4.262243e-01
4.262198e-01
4.262145e-01
4.262086e-01
4.262020e-01
4.261947e-01
4.261866e-01
4.261777e-01
4.261677e-01
4.261565e-01
4.261437e-01
4.261289e-01
4.261115e-01
4.260909e-01
4.260660e-01
4.260348e-01
4.259930e-01
4.259312e-01
4.258315e-01
4.256586e-01
4.253465e-01
4.247756e-01
4.237403e-01
4.219071e-01
4.187727e-01
4.136406e-01
4.056523e-01
3.939330e-01
3.779268e-01
3.577259e-01
3.344929e-01
3.109628e-01
2.904015e-01
2.754545e-01
2.674907e-01
2.650916e-01
2.648438e-01
2.648519e-01
2.649113e-01
2.650501e-01
2.652493e-01
2.654393e-01
2.655530e-01
2.655848e-01
2.655867e-01
2.655857e-01
2.655822e-01
2.655784e-01
2.655774e-01
2.655777e-01
2.655794e-01
2.655823e-01
2.655846e-01
2.655847e-01
2.655843e-01
2.655828e-01
2.655798e-01
2.655756e-01
2.655713e-01
2.655682e-01
2.655669e-01
2.655667e-01
2.655668e-01
2.655672e-01
2.655676e-01
2.655683e-01
2.655689e-01
2.655695e-01
2.655700e-01
2.655704e-01
2.655708e-01
2.655711e-01
2.655712e-01
2.655711e-01
2.655707e-01
2.655699e-01
2.655687e-01
2.655671e-01
2.655654e-01
2.655635e-01
2.655630e-01
2.655593e-01
2.655554e-01
2.655237e-01
2.653834e-01
2.646677e-01
2.610924e-01
2.427564e-01
1.826112e-01
1.317755e-01
1.250689e-01
1.250002e-01
1.250007e-01
1.250085e-01
1.250955e-01
1.260466e-01
1.350046e-01
1.805153e-01
2.424942e-01
2.607531e-01
2.647579e-01
2.654570e-01
2.655479e-01
2.655603e-01
2.655622e-01
2.655640e-01
2.655660e-01
2.655680e-01
2.655694e-01
2.655702e-01
2.655710e-01
2.655717e-01
2.655721e-01
2.655722e-01
2.655723e-01
2.655728e-01
2.655738e-01
2.655747e-01
2.655750e-01
2.655748e-01
2.655737e-01
2.655717e-01
2.655693e-01
2.655674e-01
2.655664e-01
2.655663e-01
2.655669e-01
2.655702e-01
2.655767e-01
2.655844e-01
2.655908e-01
2.655946e-01
2.655959e-01
2.655958e-01
2.655938e-01
2.655881e-01
2.655809e-01
2.655750e-01
2.655710e-01
2.655682e-01
2.655648e-01
2.655573e-01
2.655368e-01
2.654951e-01
2.654430e-01
2.654067e-01
2.653952e-01
2.653987e-01
2.654885e-01
2.659989e-01
2.677455e-01
2.720822e-01
2.805539e-01
2.940810e-01
3.123234e-01
3.337625e-01
3.557750e-01
3.757140e-01
3.921199e-01
4.044419e-01
4.129208e-01
4.183577e-01
4.216417e-01
4.235303e-01
4.245781e-01
4.251483e-01
4.254593e-01
4.256344e-01
4.257395e-01
4.258086e-01
4.258587e-01
4.258982e-01
4.259311e-01
4.259595e-01
4.259843e-01
4.260063e-01
4.260256e-01
4.260428e-01
4.260581e-01
4.260719e-01
4.260844e-01
4.260958e-01
4.261062e-01
4.261157e-01
4.261244e-01
4.261322e-01
4.261389e-01
4.261445e-01
4.261492e-01
4.261532e-01
4.261568e-01
4.261601e-01
4.261630e-01
4.261653e-01
4.261669e-01
4.261675e-01
4.261674e-01
4.261665e-01
4.261652e-01
4.261640e-01
4.261630e-01
4.261625e-01
4.261622e-01
4.261618e-01
4.261612e-01
4.261599e-01
4.261579e-01
4.261564e-01
4.261572e-01
4.261609e-01
4.261675e-01
4.261783e-01
4.261923e-01
4.262058e-01
4.262145e-01
4.262165e-01
4.262155e-01
4.261925e-01
4.261379e-01
4.260885e-01
4.260798e-01
