4.267592e-01
4.288632e-01
4.325616e-01
4.377533e-01
4.440361e-01
4.510483e-01
4.585299e-01
4.663301e-01
4.743625e-01
4.825748e-01
4.909580e-01
4.994918e-01
5.081738e-01
5.169993e-01
5.259595e-01
5.350539e-01
5.442797e-01
5.536358e-01
5.631240e-01
5.727348e-01
5.824779e-01
5.923509e-01
6.023541e-01
6.124876e-01
6.227523e-01
6.331474e-01
6.436749e-01
6.543322e-01
6.651222e-01
6.760380e-01
6.870841e-01
6.982594e-01
7.095634e-01
7.209953e-01
7.325539e-01
7.442376e-01
7.560443e-01
7.679717e-01
7.800180e-01
7.921777e-01
8.044454e-01
8.168157e-01
8.292802e-01
8.418290e-01
8.544494e-01
8.671250e-01
8.798345e-01
8.925502e-01
9.052355e-01
9.178446e-01
9.303073e-01
9.425316e-01
9.543859e-01
9.656891e-01
9.761936e-01
9.855306e-01
9.930795e-01
9.979121e-01
9.997311e-01
9.999913e-01
1.000000e+00
1.000000e+00
1.000000e+00
1.000000e+00
1.000000e+00
1.000000e+00
1.000000e+00
1.000000e+00
1.000000e+00
1.000000e+00
1.000000e+00
1.000000e+00
1.000000e+00
1.000000e+00
1.000000e+00
1.000000e+00
1.000000e+00
1.000000e+00
1.000000e+00
1.000000e+00
1.000000e+00
1.000000e+00
1.000000e+00
1.000000e+00
1.000000e+00
1.000000e+00
1.000000e+00
1.000000e+00
1.000000e+00
1.000000e+00
1.000000e+00
1.000000e+00
1.000000e+00
1.000000e+00
1.000000e+00
1.000000e+00
1.000000e+00
1.000000e+00
1.000000e+00
1.000000e+00
1.000000e+00
1.000000e+00
1.000000e+00
1.000000e+00
1.000000e+00
1.000000e+00
1.000000e+00
1.000000e+00
1.000000e+00
1.000000e+00
1.000000e+00
1.000000e+00
1.000000e+00
1.000000e+00
1.000000e+00
1.000000e+00
1.000000e+00
1.000000e+00
1.000000e+00
1.000000e+00
1.000000e+00
1.000000e+00
1.000000e+00
1.000000e+00
1.000000e+00
1.000000e+00
1.000000e+00
1.000000e+00
1.000000e+00
1.000000e+00
1.000000e+00
1.000000e+00
1.000000e+00
1.000000e+00
1.000000e+00
1.000000e+00
1.000000e+00
1.000000e+00
1.000000e+00
1.000000e+00
1.000000e+00
1.000000e+00
1.000000e+00
1.000000e+00
1.000000e+00
1.000000e+00
1.000000e+00
1.000000e+00
1.000000e+00
1.000000e+00
1.000000e+00
1.000000e+00
1.000000e+00
1.000000e+00
1.000000e+00
1.000000e+00
1.000000e+00
1.000000e+00
1.000000e+00
1.000000e+00
1.000000e+00
1.000000e+00
1.000000e+00
1.000000e+00
1.000000e+00
1.000000e+00
1.000000e+00
1.000000e+00
1.000000e+00
1.000000e+00
1.000000e+00
1.000000e+00
1.000000e+00
1.000000e+00
1.000000e+00
1.000000e+00
1.000000e+00
1.000000e+00
1.000000e+00
1.000000e+00
1.000000e+00
1.000000e+00
1.000000e+00
1.000000e+00
1.000000e+00
1.000000e+00
1.000000e+00
1.000000e+00
1.000000e+00
1.000000e+00
1.000000e+00
1.000000e+00
1.000000e+00
9.999998e-01
9.999987e-01
9.999928e-01
9.999619e-01
9.998111e-01
9.991690e-01
9.970188e-01
9.918634e-01
9.831235e-01
9.717474e-01
9.590307e-01
9.457967e-01
9.324227e-01
9.190379e-01
9.056927e-01
8.924243e-01
8.792492e-01
8.661797e-01
8.532244e-01
8.403898e-01
8.276806e-01
8.150999e-01
8.026502e-01
7.903335e-01
7.781499e-01
7.661012e-01
7.541891e-01
7.424126e-01
7.307715e-01
7.192656e-01
7.078951e-01
6.966594e-01
6.855583e-01
6.745913e-01
6.637579e-01
6.530538e-01
6.424842e-01
6.320467e-01
6.217431e-01
6.115711e-01
6.015309e-01
5.916218e-01
5.818434e-01
5.721956e-01
5.626798e-01
5.532874e-01
5.440274e-01
5.348986e-01
5.259028e-01
5.170429e-01
5.083218e-01
4.997494e-01
4.913323e-01
4.830781e-01
4.750083e-01
4.671383e-01
4.595226e-01
4.522384e-01
4.454149e-01
4.392563e-01
4.340468e-01
4.300923e-01
4.275753e-01
4.263415e-01
4.259661e-01
4.259203e-01
4.260188e-01
4.261298e-01
4.261848e-01
4.261946e-01
4.261931e-01
4.261865e-01
4.261737e-01
4.261607e-01
4.261519e-01
4.261453e-01
4.261481e-01
4.261517e-01
4.261544e-01
4.261552e-01
4.261541e-01
4.261511e-01
4.261466e-01
4.261409e-01
4.261344e-01
4.261270e-01
4.261180e-01
4.261064e-01
4.260913e-01
4.260721e-01
4.260489e-01
4.260211e-01
4.259865e-01
4.259397e-01
4.258697e-01
4.257535e-01
4.255430e-01
4.251389e-01
4.243447e-01
4.227956e-01
4.198688e-01
4.146090e-01
4.057424e-01
3.919170e-01
3.723171e-01
3.473942e-01
3.198870e-01
2.947204e-01
2.763100e-01
2.669951e-01
2.646015e-01
2.644448e-01
2.644868e-01
2.646586e-01
2.649750e-01
2.653216e-01
2.655470e-01
2.656097e-01
2.656114e-01
2.656052e-01
2.655884e-01
2.655687e-01
2.655580e-01
2.655563e-01
2.655583e-01
2.655645e-01
2.655729e-01
2.655794e-01
2.655821e-01
2.655824e-01
2.655803e-01
2.655755e-01
2.655688e-01
2.655615e-01
2.655543e-01
2.655483e-01
2.655419e-01
2.655386e-01
2.655239e-01
2.654728e-01
2.652052e-01
2.638848e-01
2.571774e-01
2.247176e-01
1.565928e-01
1.266030e-01
1.250053e-01
1.250000e-01
1.250000e-01
1.250000e-01
1.250000e-01
1.250000e-01
1.250000e-01
1.250000e-01
1.250000e-01
1.250000e-01
1.250000e-01
1.250000e-01
1.250000e-01
1.250000e-01
1.250000e-01
1.250000e-01
1.250000e-01
1.250000e-01
1.250000e-01
1.250000e-01
1.250000e-01
1.250000e-01
1.250000e-01
1.250000e-01
1.250000e-01
1.250000e-01
1.250000e-01
1.250000e-01
1.250000e-01
1.250000e-01
1.250000e-01
1.250000e-01
1.250000e-01
1.250000e-01
1.250000e-01
1.250000e-01
1.250000e-01
1.250000e-01
1.250000e-01
1.250000e-01
1.250000e-01
1.250000e-01
1.250000e-01
1.250000e-01
1.250000e-01
1.250000e-01
1.250000e-01
1.250000e-01
1.250000e-01
1.250000e-01
1.250000e-01
1.250000e-01
1.250000e-01
1.250000e-01
1.250000e-01
1.250000e-01
1.250000e-01
1.250000e-01
1.250000e-01
1.250000e-01
1.250000e-01
1.250000e-01
1.250000e-01
1.250000e-01
1.250000e-01
1.250000e-01
1.250000e-01
1.250000e-01
1.250000e-01
1.250000e-01
1.250000e-01
1.250000e-01
1.250000e-01
1.250000e-01
1.250000e-01
1.250000e-01
1.250000e-01
1.250000e-01
1.250000e-01
1.250000e-01
1.250000e-01
1.250000e-01
1.250000e-01
1.250000e-01
1.250000e-01
1.250000e-01
1.250003e-01
1.250033e-01
1.250376e-01
1.254187e-01
1.293346e-01
1.568173e-01
2.231084e-01
2.570607e-01
2.638462e-01
2.653087e-01
2.655137e-01
2.655388e-01
2.655429e-01
2.655457e-01
2.655497e-01
2.655536e-01
2.655591e-01
2.655661e-01
2.655741e-01
2.655816e-01
2.655868e-01
2.655891e-01
2.655895e-01
2.655872e-01
2.655767e-01
2.655645e-01
2.655569e-01
2.655545e-01
2.655552e-01
2.655624e-01
2.655673e-01
2.655674e-01
2.655512e-01
2.654767e-01
2.653325e-01
2.652081e-01
2.651613e-01
2.651646e-01
2.653770e-01
2.666607e-01
2.709948e-01
2.808704e-01
2.977501e-01
3.206711e-01
3.464693e-01
3.707283e-01
3.905239e-01
4.048756e-01
4.141447e-01
4.196043e-01
4.225912e-01
4.241390e-01
4.249190e-01
4.253151e-01
4.255272e-01
4.256521e-01
4.257341e-01
4.257932e-01
4.258390e-01
4.258760e-01
4.259063e-01
4.259313e-01
4.259518e-01
4.259690e-01
4.259842e-01
4.259979e-01
4.260103e-01
4.260211e-01
4.260304e-01
4.260386e-01
4.260456e-01
4.260511e-01
4.260554e-01
4.260605e-01
4.260716e-01
4.260875e-01
4.261087e-01
4.261291e-01
4.261431e-01
4.261519e-01
4.261581e-01
4.261609e-01
4.261529e-01
4.260831e-01
4.259465e-01
4.258522e-01
4.259970e-01
