4.274472e-01
4.308416e-01
4.362776e-01
4.433758e-01
4.515789e-01
4.604847e-01
4.698454e-01
4.795325e-01
4.894822e-01
4.996667e-01
5.100685e-01
5.206796e-01
5.314858e-01
5.424843e-01
5.536695e-01
5.650452e-01
5.765965e-01
5.883374e-01
6.002637e-01
6.123747e-01
6.246718e-01
6.371550e-01
6.498236e-01
6.626782e-01
6.757113e-01
6.889254e-01
7.023201e-01
7.158934e-01
7.296428e-01
7.435654e-01
7.576564e-01
7.719104e-01
7.863250e-01
8.008834e-01
8.155788e-01
8.303950e-01
8.453126e-01
8.603060e-01
8.753413e-01
8.903731e-01
9.053399e-01
9.201610e-01
9.347107e-01
9.488172e-01
9.622333e-01
9.746149e-01
9.854295e-01
9.937645e-01
9.984835e-01
9.998656e-01
9.999975e-01
1.000000e+00
1.000000e+00
1.000000e+00
1.000000e+00
1.000000e+00
1.000000e+00
1.000000e+00
1.000000e+00
1.000000e+00
1.000000e+00
1.000000e+00
1.000000e+00
1.000000e+00
1.000000e+00
1.000000e+00
1.000000e+00
1.000000e+00
1.000000e+00
1.000000e+00
1.000000e+00
1.000000e+00
1.000000e+00
1.000000e+00
1.000000e+00
1.000000e+00
1.000000e+00
1.000000e+00
1.000000e+00
1.000000e+00
1.000000e+00
1.000000e+00
1.000000e+00
1.000000e+00
1.000000e+00
1.000000e+00
1.000000e+00
1.000000e+00
1.000000e+00
1.000000e+00
1.000000e+00
1.000000e+00
1.000000e+00
1.000000e+00
1.000000e+00
1.000000e+00
1.000000e+00
1.000000e+00
1.000000e+00
1.000000e+00
1.000000e+00
1.000000e+00
1.000000e+00
1.000000e+00
1.000000e+00
1.000000e+00
1.000000e+00
1.000000e+00
1.000000e+00
1.000000e+00
1.000000e+00
1.000000e+00
1.000000e+00
1.000000e+00
1.000000e+00
1.000000e+00
1.000000e+00
1.000000e+00
1.000000e+00
1.000000e+00
1.000000e+00
1.000000e+00
1.000000e+00
1.000000e+00
1.000000e+00
1.000000e+00
1.000000e+00
1.000000e+00
1.000000e+00
1.000000e+00
1.000000e+00
1.000000e+00
1.000000e+00
1.000000e+00
1.000000e+00
1.000000e+00
1.000000e+00
1.000000e+00
1.000000e+00
1.000000e+00
1.000000e+00
1.000000e+00
1.000000e+00
1.000000e+00
1.000000e+00
1.000000e+00
1.000000e+00
1.000000e+00
1.000000e+00
1.000000e+00
1.000000e+00
1.000000e+00
1.000000e+00
1.000000e+00
1.000000e+00
1.000000e+00
1.000000e+00
1.000000e+00
1.000000e+00
1.000000e+00
1.000000e+00
1.000000e+00
1.000000e+00
1.000000e+00
1.000000e+00
1.000000e+00
1.000000e+00
1.000000e+00
1.000000e+00
1.000000e+00
1.000000e+00
1.000000e+00
1.000000e+00
1.000000e+00
1.000000e+00
1.000000e+00
1.000000e+00
1.000000e+00
1.000000e+00
1.000000e+00
1.000000e+00
1.000000e+00
1.000000e+00
1.000000e+00
1.000000e+00
1.000000e+00
1.000000e+00
1.000000e+00
1.000000e+00
1.000000e+00
1.000000e+00
1.000000e+00
1.000000e+00
1.000000e+00
1.000000e+00
1.000000e+00
1.000000e+00
1.000000e+00
1.000000e+00
1.000000e+00
1.000000e+00
1.000000e+00
9.999998e-01
9.999989e-01
9.999938e-01
9.999664e-01
9.998284e-01
9.992152e-01
9.970417e-01
9.915015e-01
9.816329e-01
9.684056e-01
9.534258e-01
9.377724e-01
9.219488e-01
9.061234e-01
8.903734e-01
8.747398e-01
8.592466e-01
8.439101e-01
8.287414e-01
8.137479e-01
7.989350e-01
7.843071e-01
7.698627e-01
7.556107e-01
7.415484e-01
7.276757e-01
7.139933e-01
7.005012e-01
6.871989e-01
6.740864e-01
6.611613e-01
6.484211e-01
6.358706e-01
6.235094e-01
6.113367e-01
5.993522e-01
5.875542e-01
5.759431e-01
5.645216e-01
5.532779e-01
5.422252e-01
5.313617e-01
5.206929e-01
5.102250e-01
4.999741e-01
4.899529e-01
4.801833e-01
4.707036e-01
4.615758e-01
4.529205e-01
4.449441e-01
4.379667e-01
4.323999e-01
4.286113e-01
4.265949e-01
4.259089e-01
4.258022e-01
4.259352e-01
4.260861e-01
4.261568e-01
4.261690e-01
4.261670e-01
4.261612e-01
4.261475e-01
4.261293e-01
4.261123e-01
4.260987e-01
4.260945e-01
4.260935e-01
4.260916e-01
4.260864e-01
4.260764e-01
4.260613e-01
4.260418e-01
4.260191e-01
4.259934e-01
4.259623e-01
4.259206e-01
4.258590e-01
4.257594e-01
4.255841e-01
4.252497e-01
4.245778e-01
4.232100e-01
4.204905e-01
4.153532e-01
4.063112e-01
3.917346e-01
3.706288e-01
3.436521e-01
3.144899e-01
2.890755e-01
2.722579e-01
2.653925e-01
2.642503e-01
2.642432e-01
2.643644e-01
2.646819e-01
2.651191e-01
2.654682e-01
2.656081e-01
2.656244e-01
2.656203e-01
2.656043e-01
2.655791e-01
2.655590e-01
2.655529e-01
2.655535e-01
2.655571e-01
2.655622e-01
2.655647e-01
2.655625e-01
2.655600e-01
2.655583e-01
2.655544e-01
2.655472e-01
2.655214e-01
2.654107e-01
2.648614e-01
2.621014e-01
2.479165e-01
1.942399e-01
1.359260e-01
1.251728e-01
1.250001e-01
1.250000e-01
1.250000e-01
1.250000e-01
1.250000e-01
1.250000e-01
1.250000e-01
1.250000e-01
1.250000e-01
1.250000e-01
1.250000e-01
1.250000e-01
1.250000e-01
1.250000e-01
1.250000e-01
1.250000e-01
1.250000e-01
1.250000e-01
1.250000e-01
1.250000e-01
1.250000e-01
1.250000e-01
1.250000e-01
1.250000e-01
1.250000e-01
1.250000e-01
1.250000e-01
1.250000e-01
1.250000e-01
1.250000e-01
1.250000e-01
1.250000e-01
1.250000e-01
1.250000e-01
1.250000e-01
1.250000e-01
1.250000e-01
1.250000e-01
1.250000e-01
1.250000e-01
1.250000e-01
1.250000e-01
1.250000e-01
1.250000e-01
1.250000e-01
1.250000e-01
1.250000e-01
1.250000e-01
1.250000e-01
1.250000e-01
1.250000e-01
1.250000e-01
1.250000e-01
1.250000e-01
1.250000e-01
1.250000e-01
1.250000e-01
1.250000e-01
1.250000e-01
1.250000e-01
1.250000e-01
1.250000e-01
1.250000e-01
1.250000e-01
1.250000e-01
1.250000e-01
1.250000e-01
1.250000e-01
1.250000e-01
1.250000e-01
1.250000e-01
1.250000e-01
1.250000e-01
1.250000e-01
1.250000e-01
1.250000e-01
1.250000e-01
1.250000e-01
1.250000e-01
1.250000e-01
1.250000e-01
1.250000e-01
1.250000e-01
1.250000e-01
1.250000e-01
1.250000e-01
1.250000e-01
1.250000e-01
1.250000e-01
1.250000e-01
1.250000e-01
1.250000e-01
1.250000e-01
1.250000e-01
1.250000e-01
1.250000e-01
1.250000e-01
1.250000e-01
1.250000e-01
1.250000e-01
1.250000e-01
1.250000e-01
1.250000e-01
1.250000e-01
1.250000e-01
1.250000e-01
1.250000e-01
1.250000e-01
1.250000e-01
1.250000e-01
1.250000e-01
1.250000e-01
1.250001e-01
1.250011e-01
1.250125e-01
1.251400e-01
1.265199e-01
1.388321e-01
1.917616e-01
2.479263e-01
2.617921e-01
2.649568e-01
2.654616e-01
2.655306e-01
2.655476e-01
2.655556e-01
2.655646e-01
2.655737e-01
2.655840e-01
2.655889e-01
2.655832e-01
2.655651e-01
2.655484e-01
2.655401e-01
2.655379e-01
2.655448e-01
2.655674e-01
2.655788e-01
2.655803e-01
2.655552e-01
2.654172e-01
2.651963e-01
2.650418e-01
2.649983e-01
2.650344e-01
2.656267e-01
2.685177e-01
2.766810e-01
2.925491e-01
3.158399e-01
3.431909e-01
3.693507e-01
3.905498e-01
4.055949e-01
4.149783e-01
4.202590e-01
4.230017e-01
4.243523e-01
4.250075e-01
4.253366e-01
4.255166e-01
4.256271e-01
4.257030e-01
4.257599e-01
4.258050e-01
4.258422e-01
4.258736e-01
4.259002e-01
4.259231e-01
4.259423e-01
4.259576e-01
4.259699e-01
4.259833e-01
4.260039e-01
4.260306e-01
4.260604e-01
4.260834e-01
4.260956e-01
4.261049e-01
4.261161e-01
4.261229e-01
4.261161e-01
4.260150e-01
4.258186e-01
4.257039e-01
4.260259e-01
