4.261752e-01
4.266385e-01
4.277360e-01
4.297234e-01
4.325984e-01
4.362333e-01
4.404315e-01
4.450202e-01
4.498744e-01
4.549132e-01
4.600873e-01
4.653668e-01
4.707325e-01
4.761736e-01
4.816844e-01
4.872622e-01
4.929038e-01
4.986076e-01
5.043728e-01
5.101987e-01
5.160853e-01
5.220297e-01
5.280322e-01
5.340923e-01
5.402099e-01
5.463851e-01
5.526181e-01
5.589077e-01
5.652546e-01
5.716571e-01
5.781180e-01
5.846368e-01
5.912138e-01
5.978491e-01
6.045428e-01
6.112950e-01
6.181060e-01
6.249759e-01
6.319047e-01
6.388936e-01
6.459418e-01
6.530494e-01
6.602161e-01
6.674434e-01
6.747283e-01
6.820735e-01
6.894782e-01
6.969428e-01
7.044673e-01
7.120515e-01
7.196955e-01
7.273991e-01
7.351621e-01
7.429844e-01
7.508657e-01
7.588055e-01
7.668034e-01
7.748589e-01
7.829724e-01
7.911413e-01
7.993656e-01
8.076440e-01
8.159750e-01
8.243570e-01
8.327879e-01
8.412656e-01
8.497870e-01
8.583487e-01
8.669465e-01
8.755754e-01
8.842289e-01
8.928995e-01
9.015773e-01
9.102504e-01
9.189046e-01
9.275188e-01
9.360681e-01
9.445186e-01
9.528258e-01
9.609294e-01
9.687503e-01
9.761843e-01
9.830913e-01
9.892742e-01
9.944180e-01
9.980064e-01
9.996506e-01
9.999817e-01
9.999998e-01
1.000000e+00
1.000000e+00
1.000000e+00
1.000000e+00
1.000000e+00
1.000000e+00
1.000000e+00
1.000000e+00
1.000000e+00
1.000000e+00
1.000000e+00
1.000000e+00
1.000000e+00
1.000000e+00
1.000000e+00
1.000000e+00
1.000000e+00
1.000000e+00
1.000000e+00
1.000000e+00
1.000000e+00
1.000000e+00
1.000000e+00
1.000000e+00
1.000000e+00
1.000000e+00
1.000000e+00
1.000000e+00
1.000000e+00
1.000000e+00
1.000000e+00
1.000000e+00
1.000000e+00
1.000000e+00
1.000000e+00
1.000000e+00
1.000000e+00
1.000000e+00
1.000000e+00
1.000000e+00
1.000000e+00
1.000000e+00
1.000000e+00
1.000000e+00
1.000000e+00
1.000000e+00
1.000000e+00
1.000000e+00
1.000000e+00
1.000000e+00
1.000000e+00
1.000000e+00
1.000000e+00
1.000000e+00
1.000000e+00
1.000000e+00
1.000000e+00
1.000000e+00
1.000000e+00
1.000000e+00
1.000000e+00
1.000000e+00
1.000000e+00
1.000000e+00
1.000000e+00
1.000000e+00
1.000000e+00
1.000000e+00
1.000000e+00
1.000000e+00
1.000000e+00
1.000000e+00
1.000000e+00
1.000000e+00
1.000000e+00
1.000000e+00
9.999999e-01
9.999992e-01
9.999960e-01
9.999794e-01
9.998992e-01
9.995549e-01
9.983617e-01
9.953346e-01
9.898844e-01
9.824651e-01
9.739618e-01
9.650050e-01
9.559024e-01
9.467687e-01
9.376381e-01
9.285279e-01
9.194496e-01
9.104100e-01
9.014167e-01
8.924727e-01
8.835806e-01
8.747430e-01
8.659619e-01
8.572387e-01
8.485748e-01
8.399710e-01
8.314282e-01
8.229468e-01
8.145272e-01
8.061699e-01
7.978749e-01
7.896426e-01
7.814729e-01
7.733654e-01
7.653217e-01
7.573406e-01
7.494220e-01
7.415658e-01
7.337720e-01
7.260403e-01
7.183707e-01
7.107628e-01
7.032166e-01
6.957319e-01
6.883084e-01
6.809459e-01
6.736442e-01
6.664033e-01
6.592207e-01
6.520992e-01
6.450372e-01
6.380350e-01
6.310923e-01
6.242099e-01
6.173867e-01
6.106223e-01
6.039167e-01
5.972697e-01
5.906809e-01
5.841504e-01
5.776780e-01
5.712636e-01
5.649073e-01
5.586067e-01
5.523632e-01
5.461764e-01
5.400475e-01
5.339763e-01
5.279629e-01
5.220077e-01
5.161112e-01
5.102739e-01
5.044984e-01
4.987856e-01
4.931368e-01
4.875536e-01
4.820388e-01
4.765962e-01
4.712313e-01
4.659495e-01
4.607637e-01
4.556938e-01
4.507679e-01
4.460296e-01
4.415458e-01
4.374158e-01
4.337742e-01
4.307768e-01
4.285531e-01
4.271372e-01
4.264103e-01
4.261437e-01
4.260873e-01
4.261086e-01
4.261589e-01
4.262014e-01
4.262199e-01
4.262211e-01
4.262175e-01
4.262103e-01
4.262046e-01
4.262021e-01
4.262017e-01
4.262059e-01
4.262121e-01
4.262181e-01
4.262229e-01
4.262265e-01
4.262293e-01
4.262317e-01
4.262338e-01
4.262356e-01
4.262374e-01
4.262391e-01
4.262406e-01
4.262417e-01
4.262423e-01
4.262423e-01
4.262416e-01
4.262404e-01
4.262388e-01
4.262367e-01
4.262344e-01
4.262318e-01
4.262287e-01
4.262252e-01
4.262210e-01
4.262161e-01
4.262106e-01
4.262043e-01
4.261973e-01
4.261894e-01
4.261806e-01
4.261709e-01
4.261600e-01
4.261477e-01
4.261336e-01
4.261170e-01
4.260975e-01
4.260740e-01
4.260451e-01
4.260072e-01
4.259532e-01
4.258685e-01
4.257244e-01
4.254663e-01
4.249943e-01
4.241326e-01
4.225901e-01
4.199158e-01
4.154660e-01
4.084143e-01
3.978543e-01
3.830856e-01
3.639748e-01
3.413224e-01
3.174349e-01
2.956613e-01
2.788810e-01
2.689764e-01
2.653761e-01
2.648436e-01
2.648387e-01
2.648805e-01
2.650004e-01
2.651924e-01
2.653952e-01
2.655338e-01
2.655824e-01
2.655873e-01
2.655865e-01
2.655833e-01
2.655790e-01
2.655770e-01
2.655771e-01
2.655783e-01
2.655811e-01
2.655840e-01
2.655848e-01
2.655846e-01
2.655835e-01
2.655809e-01
2.655770e-01
2.655725e-01
2.655690e-01
2.655670e-01
2.655665e-01
2.655664e-01
2.655666e-01
2.655670e-01
2.655676e-01
2.655684e-01
2.655692e-01
2.655699e-01
2.655704e-01
2.655709e-01
2.655711e-01
2.655711e-01
2.655710e-01
2.655704e-01
2.655695e-01
2.655681e-01
2.655665e-01
2.655646e-01
2.655636e-01
2.655613e-01
2.655605e-01
2.655474e-01
2.655000e-01
2.652480e-01
2.640074e-01
2.577182e-01
2.269503e-01
1.589836e-01
1.268940e-01
1.250070e-01
1.250000e-01
1.250000e-01
1.250000e-01
1.250003e-01
1.250037e-01
1.250414e-01
1.254603e-01
1.297355e-01
1.589215e-01
2.255020e-01
2.575695e-01
2.639904e-01
2.653458e-01
2.655345e-01
2.655574e-01
2.655614e-01
2.655631e-01
2.655652e-01
2.655673e-01
2.655689e-01
2.655704e-01
2.655715e-01
2.655720e-01
2.655721e-01
2.655719e-01
2.655720e-01
2.655724e-01
2.655733e-01
2.655742e-01
2.655745e-01
2.655742e-01
2.655732e-01
2.655713e-01
2.655691e-01
2.655673e-01
2.655663e-01
2.655661e-01
2.655669e-01
2.655710e-01
2.655784e-01
2.655862e-01
2.655922e-01
2.655954e-01
2.655963e-01
2.655961e-01
2.655930e-01
2.655861e-01
2.655787e-01
2.655732e-01
2.655696e-01
2.655670e-01
2.655634e-01
2.655542e-01
2.655290e-01
2.654817e-01
2.654294e-01
2.653982e-01
2.653905e-01
2.654017e-01
2.655508e-01
2.662825e-01
2.685703e-01
2.738935e-01
2.837415e-01
2.987270e-01
3.181505e-01
3.401498e-01
3.618754e-01
3.809554e-01
3.962308e-01
4.073787e-01
4.148639e-01
4.195635e-01
4.223503e-01
4.239295e-01
4.247968e-01
4.252669e-01
4.255247e-01
4.256722e-01
4.257632e-01
4.258250e-01
4.258713e-01
4.259086e-01
4.259402e-01
4.259676e-01
4.259916e-01
4.260127e-01
4.260313e-01
4.260478e-01
4.260626e-01
4.260760e-01
4.260882e-01
4.260992e-01
4.261093e-01
4.261185e-01
4.261267e-01
4.261338e-01
4.261398e-01
4.261448e-01
4.261491e-01
4.261530e-01
4.261566e-01
4.261596e-01
4.261620e-01
4.261637e-01
4.261645e-01
4.261645e-01
4.261638e-01
4.261627e-01
4.261616e-01
4.261607e-01
4.261602e-01
4.261599e-01
4.261598e-01
4.261593e-01
4.261582e-01
4.261563e-01
4.261547e-01
4.261556e-01
4.261593e-01
4.261663e-01
4.261775e-01
4.261919e-01
4.262054e-01
4.262139e-01
4.262156e-01
4.262137e-01
4.261892e-01
4.261341e-01
4.260857e-01
4.260785e-01
