4.263440e-01
4.274384e-01
4.296291e-01
4.330510e-01
4.375063e-01
4.427254e-01
4.484564e-01
4.545270e-01
4.608312e-01
4.673080e-01
4.739210e-01
4.806453e-01
4.874801e-01
4.944144e-01
5.014449e-01
5.085704e-01
5.157900e-01
5.230983e-01
5.304954e-01
5.379803e-01
5.455523e-01
5.532118e-01
5.609585e-01
5.687885e-01
5.767057e-01
5.847103e-01
5.928025e-01
6.009825e-01
6.092504e-01
6.176060e-01
6.260502e-01
6.345831e-01
6.432055e-01
6.519165e-01
6.607159e-01
6.696045e-01
6.785795e-01
6.876439e-01
6.967967e-01
7.060379e-01
7.153675e-01
7.247849e-01
7.342897e-01
7.438814e-01
7.535590e-01
7.633214e-01
7.731676e-01
7.830977e-01
7.931069e-01
8.031945e-01
8.133573e-01
8.235917e-01
8.338936e-01
8.442577e-01
8.546774e-01
8.651446e-01
8.756492e-01
8.861783e-01
8.967154e-01
9.072393e-01
9.177249e-01
9.281335e-01
9.384175e-01
9.485104e-01
9.583210e-01
9.677268e-01
9.765635e-01
9.846002e-01
9.914759e-01
9.965804e-01
9.992592e-01
9.999455e-01
9.999992e-01
1.000000e+00
1.000000e+00
1.000000e+00
1.000000e+00
1.000000e+00
1.000000e+00
1.000000e+00
1.000000e+00
1.000000e+00
1.000000e+00
1.000000e+00
1.000000e+00
1.000000e+00
1.000000e+00
1.000000e+00
1.000000e+00
1.000000e+00
1.000000e+00
1.000000e+00
1.000000e+00
1.000000e+00
1.000000e+00
1.000000e+00
1.000000e+00
1.000000e+00
1.000000e+00
1.000000e+00
1.000000e+00
1.000000e+00
1.000000e+00
1.000000e+00
1.000000e+00
1.000000e+00
1.000000e+00
1.000000e+00
1.000000e+00
1.000000e+00
1.000000e+00
1.000000e+00
1.000000e+00
1.000000e+00
1.000000e+00
1.000000e+00
1.000000e+00
1.000000e+00
1.000000e+00
1.000000e+00
1.000000e+00
1.000000e+00
1.000000e+00
1.000000e+00
1.000000e+00
1.000000e+00
1.000000e+00
1.000000e+00
1.000000e+00
1.000000e+00
1.000000e+00
1.000000e+00
1.000000e+00
1.000000e+00
1.000000e+00
1.000000e+00
1.000000e+00
1.000000e+00
1.000000e+00
1.000000e+00
1.000000e+00
1.000000e+00
1.000000e+00
1.000000e+00
1.000000e+00
1.000000e+00
1.000000e+00
1.000000e+00
1.000000e+00
1.000000e+00
1.000000e+00
1.000000e+00
1.000000e+00
1.000000e+00
1.000000e+00
1.000000e+00
1.000000e+00
1.000000e+00
1.000000e+00
1.000000e+00
1.000000e+00
1.000000e+00
1.000000e+00
1.000000e+00
1.000000e+00
1.000000e+00
1.000000e+00
1.000000e+00
1.000000e+00
1.000000e+00
1.000000e+00
1.000000e+00
1.000000e+00
1.000000e+00
1.000000e+00
1.000000e+00
1.000000e+00
1.000000e+00
1.000000e+00
1.000000e+00
9.999999e-01
9.999996e-01
9.999980e-01
9.999892e-01
9.999446e-01
9.997376e-01
9.989231e-01
9.964791e-01
9.912804e-01
9.832783e-01
9.734508e-01
9.627635e-01
9.517615e-01
9.406779e-01
9.295880e-01
9.185246e-01
9.075071e-01
8.965520e-01
8.856657e-01
8.748542e-01
8.641222e-01
8.534732e-01
8.429100e-01
8.324347e-01
8.220486e-01
8.117530e-01
8.015486e-01
7.914362e-01
7.814161e-01
7.714876e-01
7.616534e-01
7.519121e-01
7.422632e-01
7.327069e-01
7.232430e-01
7.138712e-01
7.045914e-01
6.954032e-01
6.863063e-01
6.773005e-01
6.683857e-01
6.595587e-01
6.508224e-01
6.421754e-01
6.336179e-01
6.251505e-01
6.167722e-01
6.084829e-01
6.002816e-01
5.921682e-01
5.841427e-01
5.762049e-01
5.683546e-01
5.605914e-01
5.529116e-01
5.453191e-01
5.378144e-01
5.303974e-01
5.230692e-01
5.158308e-01
5.086835e-01
5.016330e-01
4.946816e-01
4.878318e-01
4.810898e-01
4.744673e-01
4.679692e-01
4.616227e-01
4.554621e-01
4.495436e-01
4.439562e-01
4.388380e-01
4.343810e-01
4.308083e-01
4.282892e-01
4.268291e-01
4.261891e-01
4.260325e-01
4.260252e-01
4.260955e-01
4.261698e-01
4.262058e-01
4.262118e-01
4.262104e-01
4.262020e-01
4.261915e-01
4.261839e-01
4.261796e-01
4.261805e-01
4.261852e-01
4.261913e-01
4.261959e-01
4.261987e-01
4.262004e-01
4.262013e-01
4.262017e-01
4.262018e-01
4.262015e-01
4.262009e-01
4.261998e-01
4.261982e-01
4.261958e-01
4.261925e-01
4.261881e-01
4.261824e-01
4.261754e-01
4.261671e-01
4.261575e-01
4.261465e-01
4.261335e-01
4.261178e-01
4.260988e-01
4.260758e-01
4.260481e-01
4.260136e-01
4.259678e-01
4.259003e-01
4.257896e-01
4.255927e-01
4.252247e-01
4.245263e-01
4.232138e-01
4.208173e-01
4.166221e-01
4.096582e-01
3.988046e-01
3.831410e-01
3.624587e-01
3.378141e-01
3.123010e-01
2.900292e-01
2.743343e-01
2.666759e-01
2.647751e-01
2.646528e-01
2.646814e-01
2.648024e-01
2.650344e-01
2.653089e-01
2.655131e-01
2.655903e-01
2.655970e-01
2.655949e-01
2.655870e-01
2.655757e-01
2.655689e-01
2.655681e-01
2.655696e-01
2.655739e-01
2.655799e-01
2.655841e-01
2.655850e-01
2.655846e-01
2.655824e-01
2.655781e-01
2.655724e-01
2.655668e-01
2.655625e-01
2.655599e-01
2.655585e-01
2.655581e-01
2.655588e-01
2.655602e-01
2.655618e-01
2.655638e-01
2.655650e-01
2.655659e-01
2.655654e-01
2.655644e-01
2.655546e-01
2.655128e-01
2.653054e-01
2.642857e-01
2.591575e-01
2.334164e-01
1.670449e-01
1.281218e-01
1.250168e-01
1.250000e-01
1.250000e-01
1.250000e-01
1.250000e-01
1.250000e-01
1.250000e-01
1.250000e-01
1.250000e-01
1.250000e-01
1.250000e-01
1.250000e-01
1.250000e-01
1.250000e-01
1.250000e-01
1.250000e-01
1.250000e-01
1.250000e-01
1.250000e-01
1.250000e-01
1.250000e-01
1.250000e-01
1.250000e-01
1.250000e-01
1.250000e-01
1.250000e-01
1.250000e-01
1.250000e-01
1.250000e-01
1.250000e-01
1.250000e-01
1.250000e-01
1.250000e-01
1.250000e-01
1.250000e-01
1.250000e-01
1.250000e-01
1.250000e-01
1.250000e-01
1.250000e-01
1.250000e-01
1.250000e-01
1.250000e-01
1.250000e-01
1.250000e-01
1.250000e-01
1.250000e-01
1.250000e-01
1.250000e-01
1.250000e-01
1.250004e-01
1.250050e-01
1.250560e-01
1.256200e-01
1.312397e-01
1.660990e-01
2.324556e-01
2.589102e-01
2.643284e-01
2.654002e-01
2.655473e-01
2.655633e-01
2.655656e-01
2.655650e-01
2.655647e-01
2.655639e-01
2.655633e-01
2.655627e-01
2.655623e-01
2.655620e-01
2.655618e-01
2.655615e-01
2.655617e-01
2.655626e-01
2.655653e-01
2.655708e-01
2.655791e-01
2.655871e-01
2.655926e-01
2.655954e-01
2.655964e-01
2.655953e-01
2.655870e-01
2.655759e-01
2.655685e-01
2.655647e-01
2.655631e-01
2.655621e-01
2.655608e-01
2.655553e-01
2.655289e-01
2.654576e-01
2.653660e-01
2.653085e-01
2.652937e-01
2.653135e-01
2.655796e-01
2.668667e-01
2.707477e-01
2.792036e-01
2.936181e-01
3.136053e-01
3.371082e-01
3.607016e-01
3.812900e-01
3.974412e-01
4.088412e-01
4.161713e-01
4.205477e-01
4.230053e-01
4.243250e-01
4.250168e-01
4.253810e-01
4.255804e-01
4.256984e-01
4.257758e-01
4.258321e-01
4.258765e-01
4.259133e-01
4.259442e-01
4.259701e-01
4.259918e-01
4.260105e-01
4.260269e-01
4.260414e-01
4.260541e-01
4.260649e-01
4.260739e-01
4.260812e-01
4.260870e-01
4.260916e-01
4.260952e-01
4.260984e-01
4.261015e-01
4.261046e-01
4.261074e-01
4.261101e-01
4.261124e-01
4.261142e-01
4.261152e-01
4.261153e-01
4.261153e-01
4.261209e-01
4.261291e-01
4.261425e-01
4.261593e-01
4.261749e-01
4.261859e-01
4.261914e-01
4.261933e-01
4.261877e-01
4.261432e-01
4.260520e-01
4.259812e-01
4.260227e-01
