4.315005e-01
4.405923e-01
4.528126e-01
4.670050e-01
4.824056e-01
4.986240e-01
5.155183e-01
5.329949e-01
5.509869e-01
5.694904e-01
5.884595e-01
6.079170e-01
6.278442e-01
6.482394e-01
6.690984e-01
6.903811e-01
7.120964e-01
7.342193e-01
7.567269e-01
7.795904e-01
8.027504e-01
8.261434e-01
8.496741e-01
8.732060e-01
8.965411e-01
9.193918e-01
9.412821e-01
9.615147e-01
9.790011e-01
9.919093e-01
9.984001e-01
9.999005e-01
9.999989e-01
1.000000e+00
1.000000e+00
1.000000e+00
1.000000e+00
1.000000e+00
1.000000e+00
1.000000e+00
1.000000e+00
1.000000e+00
1.000000e+00
1.000000e+00
1.000000e+00
1.000000e+00
1.000000e+00
1.000000e+00
1.000000e+00
1.000000e+00
1.000000e+00
1.000000e+00
1.000000e+00
1.000000e+00
1.000000e+00
1.000000e+00
1.000000e+00
1.000000e+00
1.000000e+00
1.000000e+00
1.000000e+00
1.000000e+00
1.000000e+00
1.000000e+00
1.000000e+00
1.000000e+00
1.000000e+00
1.000000e+00
1.000000e+00
1.000000e+00
1.000000e+00
1.000000e+00
1.000000e+00
1.000000e+00
1.000000e+00
1.000000e+00
1.000000e+00
1.000000e+00
1.000000e+00
1.000000e+00
1.000000e+00
1.000000e+00
1.000000e+00
1.000000e+00
1.000000e+00
1.000000e+00
1.000000e+00
1.000000e+00
1.000000e+00
1.000000e+00
1.000000e+00
1.000000e+00
1.000000e+00
1.000000e+00
1.000000e+00
1.000000e+00
1.000000e+00
1.000000e+00
1.000000e+00
1.000000e+00
1.000000e+00
1.000000e+00
1.000000e+00
1.000000e+00
1.000000e+00
1.000000e+00
1.000000e+00
1.000000e+00
1.000000e+00
1.000000e+00
1.000000e+00
1.000000e+00
1.000000e+00
1.000000e+00
1.000000e+00
1.000000e+00
1.000000e+00
1.000000e+00
1.000000e+00
1.000000e+00
1.000000e+00
1.000000e+00
1.000000e+00
1.000000e+00
1.000000e+00
1.000000e+00
1.000000e+00
1.000000e+00
1.000000e+00
1.000000e+00
1.000000e+00
1.000000e+00
1.000000e+00
1.000000e+00
1.000000e+00
1.000000e+00
1.000000e+00
1.000000e+00
1.000000e+00
1.000000e+00
1.000000e+00
1.000000e+00
1.000000e+00
1.000000e+00
1.000000e+00
1.000000e+00
1.000000e+00
1.000000e+00
1.000000e+00
1.000000e+00
1.000000e+00
1.000000e+00
1.000000e+00
1.000000e+00
1.000000e+00
1.000000e+00
1.000000e+00
1.000000e+00
1.000000e+00
1.000000e+00
1.000000e+00
1.000000e+00
1.000000e+00
1.000000e+00
1.000000e+00
1.000000e+00
1.000000e+00
1.000000e+00
1.000000e+00
1.000000e+00
1.000000e+00
1.000000e+00
1.000000e+00
1.000000e+00
1.000000e+00
1.000000e+00
1.000000e+00
1.000000e+00
1.000000e+00
1.000000e+00
1.000000e+00
1.000000e+00
1.000000e+00
1.000000e+00
1.000000e+00
1.000000e+00
1.000000e+00
1.000000e+00
1.000000e+00
1.000000e+00
1.000000e+00
1.000000e+00
1.000000e+00
1.000000e+00
1.000000e+00
1.000000e+00
1.000000e+00
1.000000e+00
1.000000e+00
1.000000e+00
1.000000e+00
1.000000e+00
1.000000e+00
1.000000e+00
1.000000e+00
1.000000e+00
1.000000e+00
1.000000e+00
1.000000e+00
1.000000e+00
1.000000e+00
1.000000e+00
1.000000e+00
1.000000e+00
1.000000e+00
1.000000e+00
1.000000e+00
1.000000e+00
1.000000e+00
1.000000e+00
9.999998e-01
9.999986e-01
9.999914e-01
9.999505e-01
9.997310e-01
9.987037e-01
9.949425e-01
9.853252e-01
9.685636e-01
9.467440e-01
9.226310e-01
8.978787e-01
8.731311e-01
8.485936e-01
8.243797e-01
8.005528e-01
7.771475e-01
7.541817e-01
7.316802e-01
7.096446e-01
6.880790e-01
6.669894e-01
6.463584e-01
6.262157e-01
6.065601e-01
5.873902e-01
5.687165e-01
5.505202e-01
5.328431e-01
5.156986e-01
4.991589e-01
4.833256e-01
4.683657e-01
4.546351e-01
4.427595e-01
4.336590e-01
4.280216e-01
4.257664e-01
4.253072e-01
4.256151e-01
4.259317e-01
4.260090e-01
4.259969e-01
4.259728e-01
4.259539e-01
4.259236e-01
4.258580e-01
4.257471e-01
4.256034e-01
4.254229e-01
4.251308e-01
4.245070e-01
4.230298e-01
4.196207e-01
4.124134e-01
3.988616e-01
3.767397e-01
3.461567e-01
3.122131e-01
2.839702e-01
2.680855e-01
2.637197e-01
2.634774e-01
2.636267e-01
2.641273e-01
2.648555e-01
2.654310e-01
2.656625e-01
2.656867e-01
2.656771e-01
2.656335e-01
2.655626e-01
2.654639e-01
2.652576e-01
2.644327e-01
2.603950e-01
2.397350e-01
1.770496e-01
1.302587e-01
1.250431e-01
1.250000e-01
1.250000e-01
1.250000e-01
1.250000e-01
1.250000e-01
1.250000e-01
1.250000e-01
1.250000e-01
1.250000e-01
1.250000e-01
1.250000e-01
1.250000e-01
1.250000e-01
1.250000e-01
1.250000e-01
1.250000e-01
1.250000e-01
1.250000e-01
1.250000e-01
1.250000e-01
1.250000e-01
1.250000e-01
1.250000e-01
1.250000e-01
1.250000e-01
1.250000e-01
1.250000e-01
1.250000e-01
1.250000e-01
1.250000e-01
1.250000e-01
1.250000e-01
1.250000e-01
1.250000e-01
1.250000e-01
1.250000e-01
1.250000e-01
1.250000e-01
1.250000e-01
1.250000e-01
1.250000e-01
1.250000e-01
1.250000e-01
1.250000e-01
1.250000e-01
1.250000e-01
1.250000e-01
1.250000e-01
1.250000e-01
1.250000e-01
1.250000e-01
1.250000e-01
1.250000e-01
1.250000e-01
1.250000e-01
1.250000e-01
1.250000e-01
1.250000e-01
1.250000e-01
1.250000e-01
1.250000e-01
1.250000e-01
1.250000e-01
1.250000e-01
1.250000e-01
1.250000e-01
1.250000e-01
1.250000e-01
1.250000e-01
1.250000e-01
1.250000e-01
1.250000e-01
1.250000e-01
1.250000e-01
1.250000e-01
1.250000e-01
1.250000e-01
1.250000e-01
1.250000e-01
1.250000e-01
1.250000e-01
1.250000e-01
1.250000e-01
1.250000e-01
1.250000e-01
1.250000e-01
1.250000e-01
1.250000e-01
1.250000e-01
1.250000e-01
1.250000e-01
1.250000e-01
1.250000e-01
1.250000e-01
1.250000e-01
1.250000e-01
1.250000e-01
1.250000e-01
1.250000e-01
1.250000e-01
1.250000e-01
1.250000e-01
1.250000e-01
1.250000e-01
1.250000e-01
1.250000e-01
1.250000e-01
1.250000e-01
1.250000e-01
1.250000e-01
1.250000e-01
1.250000e-01
1.250000e-01
1.250000e-01
1.250000e-01
1.250000e-01
1.250000e-01
1.250000e-01
1.250000e-01
1.250000e-01
1.250000e-01
1.250000e-01
1.250000e-01
1.250000e-01
1.250000e-01
1.250000e-01
1.250000e-01
1.250000e-01
1.250000e-01
1.250000e-01
1.250000e-01
1.250000e-01
1.250000e-01
1.250000e-01
1.250000e-01
1.250000e-01
1.250000e-01
1.250000e-01
1.250000e-01
1.250000e-01
1.250000e-01
1.250000e-01
1.250000e-01
1.250000e-01
1.250000e-01
1.250000e-01
1.250000e-01
1.250000e-01
1.250000e-01
1.250000e-01
1.250000e-01
1.250000e-01
1.250000e-01
1.250000e-01
1.250000e-01
1.250000e-01
1.250000e-01
1.250000e-01
1.250000e-01
1.250000e-01
1.250000e-01
1.250000e-01
1.250000e-01
1.250000e-01
1.250001e-01
1.250006e-01
1.250071e-01
1.250797e-01
1.258769e-01
1.335444e-01
1.753899e-01
2.393160e-01
2.600375e-01
2.644528e-01
2.652800e-01
2.654479e-01
2.655425e-01
2.656297e-01
2.656768e-01
2.656804e-01
2.656271e-01
2.653617e-01
2.648693e-01
2.644399e-01
2.642939e-01
2.643477e-01
2.655819e-01
2.716911e-01
2.875097e-01
3.141368e-01
3.464560e-01
3.762161e-01
3.983463e-01
4.121189e-01
4.193931e-01
4.227806e-01
4.242331e-01
4.248554e-01
4.251679e-01
4.253795e-01
4.255495e-01
4.256768e-01
4.257533e-01
4.257902e-01
4.258169e-01
4.258829e-01
4.259493e-01
4.259586e-01
4.257192e-01
4.252530e-01
4.250989e-01
4.265664e-01
