4.305957e-01
4.385304e-01
4.494359e-01
4.622672e-01
4.762643e-01
4.910124e-01
5.063835e-01
5.222738e-01
5.386329e-01
5.554280e-01
5.726456e-01
5.902724e-01
6.083147e-01
6.267631e-01
6.456181e-01
6.648762e-01
6.845073e-01
7.045180e-01
7.248947e-01
7.456204e-01
7.666724e-01
7.880304e-01
8.096356e-01
8.314410e-01
8.533637e-01
8.752906e-01
8.970592e-01
9.184380e-01
9.390483e-01
9.583377e-01
9.754731e-01
9.890447e-01
9.971307e-01
9.997144e-01
9.999938e-01
1.000000e+00
1.000000e+00
1.000000e+00
1.000000e+00
1.000000e+00
1.000000e+00
1.000000e+00
1.000000e+00
1.000000e+00
1.000000e+00
1.000000e+00
1.000000e+00
1.000000e+00
1.000000e+00
1.000000e+00
1.000000e+00
1.000000e+00
1.000000e+00
1.000000e+00
1.000000e+00
1.000000e+00
1.000000e+00
1.000000e+00
1.000000e+00
1.000000e+00
1.000000e+00
1.000000e+00
1.000000e+00
1.000000e+00
1.000000e+00
1.000000e+00
1.000000e+00
1.000000e+00
1.000000e+00
1.000000e+00
1.000000e+00
1.000000e+00
1.000000e+00
1.000000e+00
1.000000e+00
1.000000e+00
1.000000e+00
1.000000e+00
1.000000e+00
1.000000e+00
1.000000e+00
1.000000e+00
1.000000e+00
1.000000e+00
1.000000e+00
1.000000e+00
1.000000e+00
1.000000e+00
1.000000e+00
1.000000e+00
1.000000e+00
1.000000e+00
1.000000e+00
1.000000e+00
1.000000e+00
1.000000e+00
1.000000e+00
1.000000e+00
1.000000e+00
1.000000e+00
1.000000e+00
1.000000e+00
1.000000e+00
1.000000e+00
1.000000e+00
1.000000e+00
1.000000e+00
1.000000e+00
1.000000e+00
1.000000e+00
1.000000e+00
1.000000e+00
1.000000e+00
1.000000e+00
1.000000e+00
1.000000e+00
1.000000e+00
1.000000e+00
1.000000e+00
1.000000e+00
1.000000e+00
1.000000e+00
1.000000e+00
1.000000e+00
1.000000e+00
1.000000e+00
1.000000e+00
1.000000e+00
1.000000e+00
1.000000e+00
1.000000e+00
1.000000e+00
1.000000e+00
1.000000e+00
1.000000e+00
1.000000e+00
1.000000e+00
1.000000e+00
1.000000e+00
1.000000e+00
1.000000e+00
1.000000e+00
1.000000e+00
1.000000e+00
1.000000e+00
1.000000e+00
1.000000e+00
1.000000e+00
1.000000e+00
1.000000e+00
1.000000e+00
1.000000e+00
1.000000e+00
1.000000e+00
1.000000e+00
1.000000e+00
1.000000e+00
1.000000e+00
1.000000e+00
1.000000e+00
1.000000e+00
1.000000e+00
1.000000e+00
1.000000e+00
1.000000e+00
1.000000e+00
1.000000e+00
1.000000e+00
1.000000e+00
1.000000e+00
1.000000e+00
1.000000e+00
1.000000e+00
1.000000e+00
1.000000e+00
1.000000e+00
1.000000e+00
1.000000e+00
1.000000e+00
1.000000e+00
1.000000e+00
1.000000e+00
1.000000e+00
1.000000e+00
1.000000e+00
1.000000e+00
1.000000e+00
1.000000e+00
1.000000e+00
1.000000e+00
1.000000e+00
1.000000e+00
1.000000e+00
1.000000e+00
1.000000e+00
1.000000e+00
1.000000e+00
1.000000e+00
1.000000e+00
1.000000e+00
1.000000e+00
1.000000e+00
1.000000e+00
1.000000e+00
1.000000e+00
1.000000e+00
1.000000e+00
1.000000e+00
1.000000e+00
1.000000e+00
1.000000e+00
1.000000e+00
1.000000e+00
1.000000e+00
1.000000e+00
1.000000e+00
1.000000e+00
9.999999e-01
9.999996e-01
9.999976e-01
9.999856e-01
9.999193e-01
9.995793e-01
9.981016e-01
9.932535e-01
9.823165e-01
9.651104e-01
9.440159e-01
9.213198e-01
8.982318e-01
8.751887e-01
8.523429e-01
8.297834e-01
8.075604e-01
7.857048e-01
7.642246e-01
7.431483e-01
7.224741e-01
7.022058e-01
6.823471e-01
6.628994e-01
6.438505e-01
6.252222e-01
6.070143e-01
5.892245e-01
5.718569e-01
5.549063e-01
5.383846e-01
5.223093e-01
5.067170e-01
4.916724e-01
4.772849e-01
4.636922e-01
4.512777e-01
4.406399e-01
4.326035e-01
4.277263e-01
4.257807e-01
4.254017e-01
4.256729e-01
4.259717e-01
4.260541e-01
4.260454e-01
4.260205e-01
4.259987e-01
4.259760e-01
4.259396e-01
4.258819e-01
4.258049e-01
4.257077e-01
4.255774e-01
4.253742e-01
4.249873e-01
4.241347e-01
4.221806e-01
4.178965e-01
4.093144e-01
3.940009e-01
3.702411e-01
3.389937e-01
3.062229e-01
2.803972e-01
2.670145e-01
2.637632e-01
2.636210e-01
2.637751e-01
2.642538e-01
2.649237e-01
2.654307e-01
2.656359e-01
2.656716e-01
2.656688e-01
2.656434e-01
2.655985e-01
2.655483e-01
2.654989e-01
2.653881e-01
2.649372e-01
2.626879e-01
2.511727e-01
2.033963e-01
1.403582e-01
1.253423e-01
1.250004e-01
1.250000e-01
1.250000e-01
1.250000e-01
1.250000e-01
1.250000e-01
1.250000e-01
1.250000e-01
1.250000e-01
1.250000e-01
1.250000e-01
1.250000e-01
1.250000e-01
1.250000e-01
1.250000e-01
1.250000e-01
1.250000e-01
1.250000e-01
1.250000e-01
1.250000e-01
1.250000e-01
1.250000e-01
1.250000e-01
1.250000e-01
1.250000e-01
1.250000e-01
1.250000e-01
1.250000e-01
1.250000e-01
1.250000e-01
1.250000e-01
1.250000e-01
1.250000e-01
1.250000e-01
1.250000e-01
1.250000e-01
1.250000e-01
1.250000e-01
1.250000e-01
1.250000e-01
1.250000e-01
1.250000e-01
1.250000e-01
1.250000e-01
1.250000e-01
1.250000e-01
1.250000e-01
1.250000e-01
1.250000e-01
1.250000e-01
1.250000e-01
1.250000e-01
1.250000e-01
1.250000e-01
1.250000e-01
1.250000e-01
1.250000e-01
1.250000e-01
1.250000e-01
1.250000e-01
1.250000e-01
1.250000e-01
1.250000e-01
1.250000e-01
1.250000e-01
1.250000e-01
1.250000e-01
1.250000e-01
1.250000e-01
1.250000e-01
1.250000e-01
1.250000e-01
1.250000e-01
1.250000e-01
1.250000e-01
1.250000e-01
1.250000e-01
1.250000e-01
1.250000e-01
1.250000e-01
1.250000e-01
1.250000e-01
1.250000e-01
1.250000e-01
1.250000e-01
1.250000e-01
1.250000e-01
1.250000e-01
1.250000e-01
1.250000e-01
1.250000e-01
1.250000e-01
1.250000e-01
1.250000e-01
1.250000e-01
1.250000e-01
1.250000e-01
1.250000e-01
1.250000e-01
1.250000e-01
1.250000e-01
1.250000e-01
1.250000e-01
1.250000e-01
1.250000e-01
1.250000e-01
1.250000e-01
1.250000e-01
1.250000e-01
1.250000e-01
1.250000e-01
1.250000e-01
1.250000e-01
1.250000e-01
1.250000e-01
1.250000e-01
1.250000e-01
1.250000e-01
1.250000e-01
1.250000e-01
1.250000e-01
1.250000e-01
1.250000e-01
1.250000e-01
1.250000e-01
1.250000e-01
1.250000e-01
1.250000e-01
1.250000e-01
1.250000e-01
1.250000e-01
1.250000e-01
1.250000e-01
1.250000e-01
1.250000e-01
1.250000e-01
1.250000e-01
1.250000e-01
1.250000e-01
1.250000e-01
1.250000e-01
1.250000e-01
1.250000e-01
1.250000e-01
1.250000e-01
1.250000e-01
1.250000e-01
1.250000e-01
1.250000e-01
1.250000e-01
1.250000e-01
1.250000e-01
1.250000e-01
1.250000e-01
1.250000e-01
1.250000e-01
1.250000e-01
1.250000e-01
1.250001e-01
1.250015e-01
1.250171e-01
1.251910e-01
1.270517e-01
1.427723e-01
2.009585e-01
2.512462e-01
2.624351e-01
2.650315e-01
2.654268e-01
2.654936e-01
2.655313e-01
2.655826e-01
2.656310e-01
2.656509e-01
2.656418e-01
2.655734e-01
2.653524e-01
2.649439e-01
2.645732e-01
2.644458e-01
2.644923e-01
2.654881e-01
2.704294e-01
2.841625e-01
3.084547e-01
3.394400e-01
3.696828e-01
3.933335e-01
4.089253e-01
4.176527e-01
4.219459e-01
4.238731e-01
4.247149e-01
4.251083e-01
4.253263e-01
4.254789e-01
4.256049e-01
4.257099e-01
4.257889e-01
4.258374e-01
4.258646e-01
4.258873e-01
4.259422e-01
4.259916e-01
4.259939e-01
4.257758e-01
4.253676e-01
4.252209e-01
4.264262e-01
