4.266702e-01
4.285827e-01
4.320070e-01
4.368878e-01
4.428545e-01
4.495569e-01
4.567350e-01
4.642331e-01
4.719595e-01
4.798643e-01
4.879295e-01
4.961394e-01
5.044895e-01
5.129742e-01
5.215888e-01
5.303285e-01
5.391922e-01
5.481800e-01
5.572879e-01
5.665182e-01
5.758655e-01
5.853364e-01
5.949295e-01
6.046448e-01
6.144821e-01
6.244428e-01
6.345263e-01
6.447337e-01
6.550631e-01
6.655173e-01
6.760896e-01
6.867847e-01
6.976013e-01
7.085391e-01
7.195976e-01
7.307756e-01
7.420717e-01
7.534846e-01
7.650121e-01
7.766516e-01
7.884019e-01
8.002548e-01
8.122079e-01
8.242539e-01
8.363849e-01
8.485905e-01
8.608579e-01
8.731703e-01
8.855062e-01
8.978372e-01
9.101270e-01
9.223274e-01
9.343673e-01
9.461531e-01
9.575508e-01
9.683788e-01
9.783868e-01
9.871960e-01
9.941632e-01
9.983935e-01
9.998236e-01
9.999955e-01
1.000000e+00
1.000000e+00
1.000000e+00
1.000000e+00
1.000000e+00
1.000000e+00
1.000000e+00
1.000000e+00
1.000000e+00
1.000000e+00
1.000000e+00
1.000000e+00
1.000000e+00
1.000000e+00
1.000000e+00
1.000000e+00
1.000000e+00
1.000000e+00
1.000000e+00
1.000000e+00
1.000000e+00
1.000000e+00
1.000000e+00
1.000000e+00
1.000000e+00
1.000000e+00
1.000000e+00
1.000000e+00
1.000000e+00
1.000000e+00
1.000000e+00
1.000000e+00
1.000000e+00
1.000000e+00
1.000000e+00
1.000000e+00
1.000000e+00
1.000000e+00
1.000000e+00
1.000000e+00
1.000000e+00
1.000000e+00
1.000000e+00
1.000000e+00
1.000000e+00
1.000000e+00
1.000000e+00
1.000000e+00
1.000000e+00
1.000000e+00
1.000000e+00
1.000000e+00
1.000000e+00
1.000000e+00
1.000000e+00
1.000000e+00
1.000000e+00
1.000000e+00
1.000000e+00
1.000000e+00
1.000000e+00
1.000000e+00
1.000000e+00
1.000000e+00
1.000000e+00
1.000000e+00
1.000000e+00
1.000000e+00
1.000000e+00
1.000000e+00
1.000000e+00
1.000000e+00
1.000000e+00
1.000000e+00
1.000000e+00
1.000000e+00
1.000000e+00
1.000000e+00
1.000000e+00
1.000000e+00
1.000000e+00
1.000000e+00
1.000000e+00
1.000000e+00
1.000000e+00
1.000000e+00
1.000000e+00
1.000000e+00
1.000000e+00
1.000000e+00
1.000000e+00
1.000000e+00
1.000000e+00
1.000000e+00
1.000000e+00
1.000000e+00
1.000000e+00
1.000000e+00
1.000000e+00
1.000000e+00
1.000000e+00
1.000000e+00
1.000000e+00
1.000000e+00
1.000000e+00
1.000000e+00
1.000000e+00
1.000000e+00
1.000000e+00
1.000000e+00
1.000000e+00
1.000000e+00
1.000000e+00
1.000000e+00
1.000000e+00
1.000000e+00
1.000000e+00
1.000000e+00
1.000000e+00
1.000000e+00
1.000000e+00
1.000000e+00
1.000000e+00
1.000000e+00
1.000000e+00
1.000000e+00
1.000000e+00
1.000000e+00
1.000000e+00
9.999998e-01
9.999990e-01
9.999947e-01
9.999719e-01
9.998593e-01
9.993665e-01
9.976364e-01
9.932305e-01
9.853323e-01
9.746560e-01
9.624835e-01
9.497022e-01
9.367406e-01
9.237522e-01
9.107924e-01
8.978965e-01
8.850856e-01
8.723708e-01
8.597611e-01
8.472631e-01
8.348815e-01
8.226198e-01
8.104805e-01
7.984654e-01
7.865763e-01
7.748116e-01
7.631762e-01
7.516683e-01
7.402879e-01
7.290349e-01
7.179092e-01
7.069105e-01
6.960386e-01
6.852931e-01
6.746736e-01
6.641797e-01
6.538070e-01
6.435608e-01
6.334385e-01
6.234417e-01
6.135687e-01
6.038195e-01
5.941933e-01
5.846895e-01
5.753084e-01
5.660507e-01
5.569108e-01
5.478933e-01
5.389969e-01
5.302251e-01
5.215792e-01
5.130609e-01
5.046762e-01
4.964319e-01
4.883356e-01
4.803960e-01
4.726328e-01
4.650656e-01
4.577465e-01
4.507586e-01
4.442322e-01
4.383700e-01
4.334479e-01
4.297504e-01
4.274273e-01
4.263082e-01
4.259771e-01
4.259389e-01
4.260322e-01
4.261365e-01
4.261889e-01
4.261987e-01
4.261970e-01
4.261896e-01
4.261768e-01
4.261646e-01
4.261571e-01
4.261519e-01
4.261556e-01
4.261598e-01
4.261626e-01
4.261636e-01
4.261632e-01
4.261615e-01
4.261586e-01
4.261543e-01
4.261490e-01
4.261429e-01
4.261359e-01
4.261275e-01
4.261168e-01
4.261028e-01
4.260849e-01
4.260628e-01
4.260364e-01
4.260041e-01
4.259621e-01
4.259019e-01
4.258057e-01
4.256359e-01
4.253155e-01
4.246913e-01
4.234743e-01
4.211600e-01
4.169455e-01
4.097021e-01
3.981001e-01
3.810603e-01
3.584318e-01
3.317905e-01
3.052769e-01
2.836073e-01
2.702181e-01
2.652183e-01
2.644897e-01
2.644912e-01
2.645853e-01
2.648248e-01
2.651629e-01
2.654534e-01
2.655882e-01
2.656085e-01
2.656065e-01
2.655966e-01
2.655793e-01
2.655653e-01
2.655607e-01
2.655609e-01
2.655641e-01
2.655705e-01
2.655767e-01
2.655797e-01
2.655798e-01
2.655789e-01
2.655762e-01
2.655718e-01
2.655666e-01
2.655617e-01
2.655575e-01
2.655543e-01
2.655501e-01
2.655475e-01
2.655393e-01
2.655225e-01
2.654304e-01
2.649951e-01
2.628139e-01
2.516732e-01
2.048239e-01
1.411401e-01
1.253784e-01
1.250005e-01
1.250000e-01
1.250000e-01
1.250000e-01
1.250000e-01
1.250000e-01
1.250000e-01
1.250000e-01
1.250000e-01
1.250000e-01
1.250000e-01
1.250000e-01
1.250000e-01
1.250000e-01
1.250000e-01
1.250000e-01
1.250000e-01
1.250000e-01
1.250000e-01
1.250000e-01
1.250000e-01
1.250000e-01
1.250000e-01
1.250000e-01
1.250000e-01
1.250000e-01
1.250000e-01
1.250000e-01
1.250000e-01
1.250000e-01
1.250000e-01
1.250000e-01
1.250000e-01
1.250000e-01
1.250000e-01
1.250000e-01
1.250000e-01
1.250000e-01
1.250000e-01
1.250000e-01
1.250000e-01
1.250000e-01
1.250000e-01
1.250000e-01
1.250000e-01
1.250000e-01
1.250000e-01
1.250000e-01
1.250000e-01
1.250000e-01
1.250000e-01
1.250000e-01
1.250000e-01
1.250000e-01
1.250000e-01
1.250000e-01
1.250000e-01
1.250000e-01
1.250000e-01
1.250000e-01
1.250000e-01
1.250000e-01
1.250000e-01
1.250000e-01
1.250000e-01
1.250000e-01
1.250000e-01
1.250000e-01
1.250000e-01
1.250000e-01
1.250000e-01
1.250000e-01
1.250000e-01
1.250000e-01
1.250000e-01
1.250000e-01
1.250000e-01
1.250000e-01
1.250000e-01
1.250000e-01
1.250001e-01
1.250016e-01
1.250178e-01
1.251995e-01
1.271414e-01
1.434148e-01
2.023337e-01
2.517446e-01
2.625838e-01
2.651071e-01
2.654925e-01
2.655440e-01
2.655511e-01
2.655528e-01
2.655531e-01
2.655532e-01
2.655537e-01
2.655557e-01
2.655594e-01
2.655663e-01
2.655753e-01
2.655835e-01
2.655896e-01
2.655935e-01
2.655945e-01
2.655889e-01
2.655741e-01
2.655620e-01
2.655561e-01
2.655547e-01
2.655562e-01
2.655626e-01
2.655647e-01
2.655614e-01
2.655237e-01
2.654119e-01
2.652753e-01
2.651985e-01
2.651825e-01
2.652379e-01
2.658037e-01
2.682367e-01
2.748115e-01
2.876910e-01
3.072995e-01
3.316841e-01
3.570479e-01
3.794220e-01
3.968799e-01
4.089969e-01
4.165684e-01
4.209255e-01
4.232729e-01
4.244825e-01
4.250953e-01
4.254115e-01
4.255852e-01
4.256908e-01
4.257629e-01
4.258168e-01
4.258595e-01
4.258944e-01
4.259233e-01
4.259472e-01
4.259667e-01
4.259827e-01
4.259963e-01
4.260085e-01
4.260198e-01
4.260299e-01
4.260387e-01
4.260464e-01
4.260532e-01
4.260591e-01
4.260638e-01
4.260672e-01
4.260712e-01
4.260809e-01
4.260953e-01
4.261151e-01
4.261352e-01
4.261495e-01
4.261585e-01
4.261643e-01
4.261669e-01
4.261591e-01
4.260942e-01
4.259660e-01
4.258753e-01
4.259967e-01
