4.263925e-01
4.276318e-01
4.300478e-01
4.337459e-01
4.384918e-01
4.439971e-01
4.500065e-01
4.563496e-01
4.629240e-01
4.696693e-01
4.765536e-01
4.835568e-01
4.906732e-01
4.978950e-01
5.052206e-01
5.126472e-01
5.201718e-01
5.277916e-01
5.355057e-01
5.433135e-01
5.512155e-01
5.592099e-01
5.672955e-01
5.754728e-01
5.837440e-01
5.921089e-01
6.005678e-01
6.091206e-01
6.177673e-01
6.265087e-01
6.353451e-01
6.442769e-01
6.533034e-01
6.624252e-01
6.716404e-01
6.809493e-01
6.903531e-01
6.998513e-01
7.094439e-01
7.191303e-01
7.289103e-01
7.387831e-01
7.487478e-01
7.588034e-01
7.689488e-01
7.791828e-01
7.895034e-01
7.999068e-01
8.103911e-01
8.209521e-01
8.315853e-01
8.422850e-01
8.530441e-01
8.638537e-01
8.747027e-01
8.855769e-01
8.964582e-01
9.073230e-01
9.181430e-01
9.288750e-01
9.394651e-01
9.498374e-01
9.598879e-01
9.694769e-01
9.784152e-01
9.864292e-01
9.930720e-01
9.976237e-01
9.996143e-01
9.999822e-01
9.999999e-01
1.000000e+00
1.000000e+00
1.000000e+00
1.000000e+00
1.000000e+00
1.000000e+00
1.000000e+00
1.000000e+00
1.000000e+00
1.000000e+00
1.000000e+00
1.000000e+00
1.000000e+00
1.000000e+00
1.000000e+00
1.000000e+00
1.000000e+00
1.000000e+00
1.000000e+00
1.000000e+00
1.000000e+00
1.000000e+00
1.000000e+00
1.000000e+00
1.000000e+00
1.000000e+00
1.000000e+00
1.000000e+00
1.000000e+00
1.000000e+00
1.000000e+00
1.000000e+00
1.000000e+00
1.000000e+00
1.000000e+00
1.000000e+00
1.000000e+00
1.000000e+00
1.000000e+00
1.000000e+00
1.000000e+00
1.000000e+00
1.000000e+00
1.000000e+00
1.000000e+00
1.000000e+00
1.000000e+00
1.000000e+00
1.000000e+00
1.000000e+00
1.000000e+00
1.000000e+00
1.000000e+00
1.000000e+00
1.000000e+00
1.000000e+00
1.000000e+00
1.000000e+00
1.000000e+00
1.000000e+00
1.000000e+00
1.000000e+00
1.000000e+00
1.000000e+00
1.000000e+00
1.000000e+00
1.000000e+00
1.000000e+00
1.000000e+00
1.000000e+00
1.000000e+00
1.000000e+00
1.000000e+00
1.000000e+00
1.000000e+00
1.000000e+00
1.000000e+00
1.000000e+00
1.000000e+00
1.000000e+00
1.000000e+00
1.000000e+00
1.000000e+00
1.000000e+00
1.000000e+00
1.000000e+00
1.000000e+00
1.000000e+00
1.000000e+00
1.000000e+00
1.000000e+00
1.000000e+00
1.000000e+00
1.000000e+00
1.000000e+00
1.000000e+00
1.000000e+00
1.000000e+00
1.000000e+00
1.000000e+00
1.000000e+00
1.000000e+00
1.000000e+00
1.000000e+00
1.000000e+00
1.000000e+00
1.000000e+00
1.000000e+00
1.000000e+00
1.000000e+00
1.000000e+00
1.000000e+00
9.999998e-01
9.999987e-01
9.999930e-01
9.999638e-01
9.998235e-01
9.992379e-01
9.973197e-01
9.928121e-01
9.852741e-01
9.755281e-01
9.646593e-01
9.533500e-01
9.419142e-01
9.304596e-01
9.190268e-01
9.076395e-01
8.963166e-01
8.850660e-01
8.738946e-01
8.628075e-01
8.518089e-01
8.409016e-01
8.300880e-01
8.193697e-01
8.087479e-01
7.982235e-01
7.877974e-01
7.774688e-01
7.672400e-01
7.571106e-01
7.470802e-01
7.371487e-01
7.273158e-01
7.175814e-01
7.079453e-01
6.984073e-01
6.889669e-01
6.796239e-01
6.703781e-01
6.612275e-01
6.521723e-01
6.432132e-01
6.343499e-01
6.255828e-01
6.169112e-01
6.083347e-01
5.998525e-01
5.914643e-01
5.831702e-01
5.749700e-01
5.668638e-01
5.588492e-01
5.509259e-01
5.430953e-01
5.353592e-01
5.277177e-01
5.201716e-01
5.127226e-01
5.053740e-01
4.981303e-01
4.909955e-01
4.839737e-01
4.770740e-01
4.703075e-01
4.636938e-01
4.572666e-01
4.510816e-01
4.452266e-01
4.398387e-01
4.351128e-01
4.312841e-01
4.285454e-01
4.269291e-01
4.262070e-01
4.260212e-01
4.260091e-01
4.260836e-01
4.261637e-01
4.262032e-01
4.262095e-01
4.262080e-01
4.261998e-01
4.261888e-01
4.261805e-01
4.261761e-01
4.261755e-01
4.261799e-01
4.261856e-01
4.261899e-01
4.261926e-01
4.261941e-01
4.261948e-01
4.261948e-01
4.261942e-01
4.261932e-01
4.261917e-01
4.261899e-01
4.261875e-01
4.261843e-01
4.261798e-01
4.261738e-01
4.261664e-01
4.261576e-01
4.261471e-01
4.261347e-01
4.261199e-01
4.261019e-01
4.260804e-01
4.260544e-01
4.260226e-01
4.259812e-01
4.259221e-01
4.258283e-01
4.256648e-01
4.253614e-01
4.247835e-01
4.236850e-01
4.216450e-01
4.180020e-01
4.118212e-01
4.019614e-01
3.873642e-01
3.675867e-01
3.433497e-01
3.173641e-01
2.938810e-01
2.765657e-01
2.674392e-01
2.648414e-01
2.646189e-01
2.646408e-01
2.647519e-01
2.649818e-01
2.652699e-01
2.654970e-01
2.655899e-01
2.655986e-01
2.655965e-01
2.655880e-01
2.655749e-01
2.655670e-01
2.655664e-01
2.655679e-01
2.655727e-01
2.655797e-01
2.655847e-01
2.655857e-01
2.655852e-01
2.655827e-01
2.655777e-01
2.655710e-01
2.655643e-01
2.655592e-01
2.655569e-01
2.655567e-01
2.655572e-01
2.655587e-01
2.655612e-01
2.655632e-01
2.655648e-01
2.655645e-01
2.655646e-01
2.655599e-01
2.655443e-01
2.654674e-01
2.650982e-01
2.632678e-01
2.539598e-01
2.123389e-01
1.459308e-01
1.256504e-01
1.250011e-01
1.250000e-01
1.250000e-01
1.250000e-01
1.250000e-01
1.250000e-01
1.250000e-01
1.250000e-01
1.250000e-01
1.250000e-01
1.250000e-01
1.250000e-01
1.250000e-01
1.250000e-01
1.250000e-01
1.250000e-01
1.250000e-01
1.250000e-01
1.250000e-01
1.250000e-01
1.250000e-01
1.250000e-01
1.250000e-01
1.250000e-01
1.250000e-01
1.250000e-01
1.250000e-01
1.250000e-01
1.250000e-01
1.250000e-01
1.250000e-01
1.250000e-01
1.250000e-01
1.250000e-01
1.250000e-01
1.250000e-01
1.250000e-01
1.250000e-01
1.250000e-01
1.250000e-01
1.250000e-01
1.250000e-01
1.250000e-01
1.250000e-01
1.250000e-01
1.250000e-01
1.250000e-01
1.250000e-01
1.250000e-01
1.250000e-01
1.250000e-01
1.250000e-01
1.250000e-01
1.250000e-01
1.250000e-01
1.250000e-01
1.250002e-01
1.250020e-01
1.250232e-01
1.252596e-01
1.277563e-01
1.475551e-01
2.100469e-01
2.540078e-01
2.631177e-01
2.652147e-01
2.655211e-01
2.655612e-01
2.655654e-01
2.655662e-01
2.655656e-01
2.655644e-01
2.655619e-01
2.655594e-01
2.655572e-01
2.655562e-01
2.655567e-01
2.655583e-01
2.655608e-01
2.655656e-01
2.655731e-01
2.655820e-01
2.655895e-01
2.655936e-01
2.655948e-01
2.655947e-01
2.655911e-01
2.655821e-01
2.655722e-01
2.655661e-01
2.655635e-01
2.655630e-01
2.655632e-01
2.655628e-01
2.655564e-01
2.655241e-01
2.654439e-01
2.653447e-01
2.652861e-01
2.652727e-01
2.653034e-01
2.656462e-01
2.672097e-01
2.717450e-01
2.813014e-01
2.970517e-01
3.182267e-01
3.423724e-01
3.657865e-01
3.856421e-01
4.007778e-01
4.111407e-01
4.176285e-01
4.214067e-01
4.234827e-01
4.245793e-01
4.251496e-01
4.254509e-01
4.256189e-01
4.257215e-01
4.257913e-01
4.258436e-01
4.258852e-01
4.259193e-01
4.259477e-01
4.259719e-01
4.259929e-01
4.260112e-01
4.260271e-01
4.260406e-01
4.260519e-01
4.260612e-01
4.260686e-01
4.260744e-01
4.260793e-01
4.260837e-01
4.260880e-01
4.260922e-01
4.260960e-01
4.260994e-01
4.261024e-01
4.261047e-01
4.261062e-01
4.261068e-01
4.261074e-01
4.261137e-01
4.261230e-01
4.261377e-01
4.261554e-01
4.261709e-01
4.261813e-01
4.261864e-01
4.261882e-01
4.261822e-01
4.261342e-01
4.260366e-01
4.259619e-01
4.260150e-01
