4.295856e-01
4.362036e-01
4.455699e-01
4.567940e-01
4.691485e-01
4.822364e-01
4.958554e-01
5.099298e-01
5.244160e-01
5.392745e-01
5.544868e-01
5.700508e-01
5.859458e-01
6.021854e-01
6.187649e-01
6.356804e-01
6.529286e-01
6.705106e-01
6.884016e-01
7.066120e-01
7.251296e-01
7.439431e-01
7.630386e-01
7.824022e-01
8.019966e-01
8.217911e-01
8.417352e-01
8.617609e-01
8.817729e-01
9.016365e-01
9.211619e-01
9.400431e-01
9.578410e-01
9.739077e-01
9.871687e-01
9.959474e-01
9.994396e-01
9.999801e-01
9.999999e-01
1.000000e+00
1.000000e+00
1.000000e+00
1.000000e+00
1.000000e+00
1.000000e+00
1.000000e+00
1.000000e+00
1.000000e+00
1.000000e+00
1.000000e+00
1.000000e+00
1.000000e+00
1.000000e+00
1.000000e+00
1.000000e+00
1.000000e+00
1.000000e+00
1.000000e+00
1.000000e+00
1.000000e+00
1.000000e+00
1.000000e+00
1.000000e+00
1.000000e+00
1.000000e+00
1.000000e+00
1.000000e+00
1.000000e+00
1.000000e+00
1.000000e+00
1.000000e+00
1.000000e+00
1.000000e+00
1.000000e+00
1.000000e+00
1.000000e+00
1.000000e+00
1.000000e+00
1.000000e+00
1.000000e+00
1.000000e+00
1.000000e+00
1.000000e+00
1.000000e+00
1.000000e+00
1.000000e+00
1.000000e+00
1.000000e+00
1.000000e+00
1.000000e+00
1.000000e+00
1.000000e+00
1.000000e+00
1.000000e+00
1.000000e+00
1.000000e+00
1.000000e+00
1.000000e+00
1.000000e+00
1.000000e+00
1.000000e+00
1.000000e+00
1.000000e+00
1.000000e+00
1.000000e+00
1.000000e+00
1.000000e+00
1.000000e+00
1.000000e+00
1.000000e+00
1.000000e+00
1.000000e+00
1.000000e+00
1.000000e+00
1.000000e+00
1.000000e+00
1.000000e+00
1.000000e+00
1.000000e+00
1.000000e+00
1.000000e+00
1.000000e+00
1.000000e+00
1.000000e+00
1.000000e+00
1.000000e+00
1.000000e+00
1.000000e+00
1.000000e+00
1.000000e+00
1.000000e+00
1.000000e+00
1.000000e+00
1.000000e+00
1.000000e+00
1.000000e+00
1.000000e+00
1.000000e+00
1.000000e+00
1.000000e+00
1.000000e+00
1.000000e+00
1.000000e+00
1.000000e+00
1.000000e+00
1.000000e+00
1.000000e+00
1.000000e+00
1.000000e+00
1.000000e+00
1.000000e+00
1.000000e+00
1.000000e+00
1.000000e+00
1.000000e+00
1.000000e+00
1.000000e+00
1.000000e+00
1.000000e+00
1.000000e+00
1.000000e+00
1.000000e+00
1.000000e+00
1.000000e+00
1.000000e+00
1.000000e+00
1.000000e+00
1.000000e+00
1.000000e+00
1.000000e+00
1.000000e+00
1.000000e+00
1.000000e+00
1.000000e+00
1.000000e+00
1.000000e+00
1.000000e+00
1.000000e+00
1.000000e+00
1.000000e+00
1.000000e+00
1.000000e+00
1.000000e+00
1.000000e+00
1.000000e+00
1.000000e+00
1.000000e+00
1.000000e+00
1.000000e+00
1.000000e+00
1.000000e+00
1.000000e+00
1.000000e+00
1.000000e+00
1.000000e+00
1.000000e+00
1.000000e+00
1.000000e+00
1.000000e+00
1.000000e+00
1.000000e+00
1.000000e+00
1.000000e+00
1.000000e+00
1.000000e+00
1.000000e+00
1.000000e+00
1.000000e+00
1.000000e+00
1.000000e+00
1.000000e+00
1.000000e+00
1.000000e+00
1.000000e+00
9.999999e-01
9.999994e-01
9.999964e-01
9.999796e-01
9.998886e-01
9.994424e-01
9.976265e-01
9.921741e-01
9.809333e-01
9.643751e-01
9.447670e-01
9.239612e-01
9.028751e-01
8.818302e-01
8.609492e-01
8.403029e-01
8.199323e-01
7.998620e-01
7.801080e-01
7.606753e-01
7.415814e-01
7.228243e-01
7.044056e-01
6.863271e-01
6.685919e-01
6.511854e-01
6.341265e-01
6.174122e-01
6.010420e-01
5.850183e-01
5.693435e-01
5.540059e-01
5.390232e-01
5.244013e-01
5.101636e-01
4.963554e-01
4.830286e-01
4.702777e-01
4.582894e-01
4.474136e-01
4.382133e-01
4.313932e-01
4.273724e-01
4.258245e-01
4.255191e-01
4.257425e-01
4.259918e-01
4.260867e-01
4.260931e-01
4.260847e-01
4.260664e-01
4.260383e-01
4.260006e-01
4.259593e-01
4.259221e-01
4.258896e-01
4.258476e-01
4.257791e-01
4.256693e-01
4.254918e-01
4.251692e-01
4.244990e-01
4.230189e-01
4.198144e-01
4.133418e-01
4.014767e-01
3.821815e-01
3.549725e-01
3.228895e-01
2.932980e-01
2.731848e-01
2.650541e-01
2.638023e-01
2.638202e-01
2.640490e-01
2.645582e-01
2.651483e-01
2.655209e-01
2.656265e-01
2.656318e-01
2.656235e-01
2.656022e-01
2.655755e-01
2.655573e-01
2.655469e-01
2.655447e-01
2.655207e-01
2.653878e-01
2.646641e-01
2.610375e-01
2.425096e-01
1.821729e-01
1.316521e-01
1.250667e-01
1.250000e-01
1.250000e-01
1.250000e-01
1.250000e-01
1.250000e-01
1.250000e-01
1.250000e-01
1.250000e-01
1.250000e-01
1.250000e-01
1.250000e-01
1.250000e-01
1.250000e-01
1.250000e-01
1.250000e-01
1.250000e-01
1.250000e-01
1.250000e-01
1.250000e-01
1.250000e-01
1.250000e-01
1.250000e-01
1.250000e-01
1.250000e-01
1.250000e-01
1.250000e-01
1.250000e-01
1.250000e-01
1.250000e-01
1.250000e-01
1.250000e-01
1.250000e-01
1.250000e-01
1.250000e-01
1.250000e-01
1.250000e-01
1.250000e-01
1.250000e-01
1.250000e-01
1.250000e-01
1.250000e-01
1.250000e-01
1.250000e-01
1.250000e-01
1.250000e-01
1.250000e-01
1.250000e-01
1.250000e-01
1.250000e-01
1.250000e-01
1.250000e-01
1.250000e-01
1.250000e-01
1.250000e-01
1.250000e-01
1.250000e-01
1.250000e-01
1.250000e-01
1.250000e-01
1.250000e-01
1.250000e-01
1.250000e-01
1.250000e-01
1.250000e-01
1.250000e-01
1.250000e-01
1.250000e-01
1.250000e-01
1.250000e-01
1.250000e-01
1.250000e-01
1.250000e-01
1.250000e-01
1.250000e-01
1.250000e-01
1.250000e-01
1.250000e-01
1.250000e-01
1.250000e-01
1.250000e-01
1.250000e-01
1.250000e-01
1.250000e-01
1.250000e-01
1.250000e-01
1.250000e-01
1.250000e-01
1.250000e-01
1.250000e-01
1.250000e-01
1.250000e-01
1.250000e-01
1.250000e-01
1.250000e-01
1.250000e-01
1.250000e-01
1.250000e-01
1.250000e-01
1.250000e-01
1.250000e-01
1.250000e-01
1.250000e-01
1.250000e-01
1.250000e-01
1.250000e-01
1.250000e-01
1.250000e-01
1.250000e-01
1.250000e-01
1.250000e-01
1.250000e-01
1.250000e-01
1.250000e-01
1.250000e-01
1.250000e-01
1.250000e-01
1.250000e-01
1.250000e-01
1.250000e-01
1.250000e-01
1.250000e-01
1.250000e-01
1.250000e-01
1.250000e-01
1.250000e-01
1.250000e-01
1.250000e-01
1.250000e-01
1.250000e-01
1.250000e-01
1.250000e-01
1.250000e-01
1.250000e-01
1.250000e-01
1.250000e-01
1.250000e-01
1.250000e-01
1.250000e-01
1.250000e-01
1.250000e-01
1.250000e-01
1.250000e-01
1.250000e-01
1.250000e-01
1.250000e-01
1.250000e-01
1.250000e-01
1.250000e-01
1.250001e-01
1.250007e-01
1.250084e-01
1.250943e-01
1.260337e-01
1.348907e-01
1.801101e-01
2.422284e-01
2.607108e-01
2.647823e-01
2.654877e-01
2.655570e-01
2.655477e-01
2.655340e-01
2.655291e-01
2.655357e-01
2.655643e-01
2.655879e-01
2.655955e-01
2.655847e-01
2.654673e-01
2.651525e-01
2.648015e-01
2.646362e-01
2.646217e-01
2.650368e-01
2.678589e-01
2.772364e-01
2.963748e-01
3.239953e-01
3.546154e-01
3.813185e-01
4.008376e-01
4.129982e-01
4.195829e-01
4.227870e-01
4.242420e-01
4.248998e-01
4.252256e-01
4.254165e-01
4.255439e-01
4.256326e-01
4.257000e-01
4.257633e-01
4.258270e-01
4.258855e-01
4.259253e-01
4.259483e-01
4.259636e-01
4.259997e-01
4.260310e-01
4.260289e-01
4.258452e-01
4.255036e-01
4.253633e-01
4.262743e-01
