4.311183e-01
4.397230e-01
4.513910e-01
4.650101e-01
4.798264e-01
4.954236e-01
5.116759e-01
5.284825e-01
5.457856e-01
5.635737e-01
5.817992e-01
6.004831e-01
6.196152e-01
6.391905e-01
6.592048e-01
6.796351e-01
7.004729e-01
7.217108e-01
7.433273e-01
7.652968e-01
7.875950e-01
8.101546e-01
8.329191e-01
8.557904e-01
8.786329e-01
9.012505e-01
9.233538e-01
9.444710e-01
9.639171e-01
9.806121e-01
9.927457e-01
9.986404e-01
9.999224e-01
9.999992e-01
1.000000e+00
1.000000e+00
1.000000e+00
1.000000e+00
1.000000e+00
1.000000e+00
1.000000e+00
1.000000e+00
1.000000e+00
1.000000e+00
1.000000e+00
1.000000e+00
1.000000e+00
1.000000e+00
1.000000e+00
1.000000e+00
1.000000e+00
1.000000e+00
1.000000e+00
1.000000e+00
1.000000e+00
1.000000e+00
1.000000e+00
1.000000e+00
1.000000e+00
1.000000e+00
1.000000e+00
1.000000e+00
1.000000e+00
1.000000e+00
1.000000e+00
1.000000e+00
1.000000e+00
1.000000e+00
1.000000e+00
1.000000e+00
1.000000e+00
1.000000e+00
1.000000e+00
1.000000e+00
1.000000e+00
1.000000e+00
1.000000e+00
1.000000e+00
1.000000e+00
1.000000e+00
1.000000e+00
1.000000e+00
1.000000e+00
1.000000e+00
1.000000e+00
1.000000e+00
1.000000e+00
1.000000e+00
1.000000e+00
1.000000e+00
1.000000e+00
1.000000e+00
1.000000e+00
1.000000e+00
1.000000e+00
1.000000e+00
1.000000e+00
1.000000e+00
1.000000e+00
1.000000e+00
1.000000e+00
1.000000e+00
1.000000e+00
1.000000e+00
1.000000e+00
1.000000e+00
1.000000e+00
1.000000e+00
1.000000e+00
1.000000e+00
1.000000e+00
1.000000e+00
1.000000e+00
1.000000e+00
1.000000e+00
1.000000e+00
1.000000e+00
1.000000e+00
1.000000e+00
1.000000e+00
1.000000e+00
1.000000e+00
1.000000e+00
1.000000e+00
1.000000e+00
1.000000e+00
1.000000e+00
1.000000e+00
1.000000e+00
1.000000e+00
1.000000e+00
1.000000e+00
1.000000e+00
1.000000e+00
1.000000e+00
1.000000e+00
1.000000e+00
1.000000e+00
1.000000e+00
1.000000e+00
1.000000e+00
1.000000e+00
1.000000e+00
1.000000e+00
1.000000e+00
1.000000e+00
1.000000e+00
1.000000e+00
1.000000e+00
1.000000e+00
1.000000e+00
1.000000e+00
1.000000e+00
1.000000e+00
1.000000e+00
1.000000e+00
1.000000e+00
1.000000e+00
1.000000e+00
1.000000e+00
1.000000e+00
1.000000e+00
1.000000e+00
1.000000e+00
1.000000e+00
1.000000e+00
1.000000e+00
1.000000e+00
1.000000e+00
1.000000e+00
1.000000e+00
1.000000e+00
1.000000e+00
1.000000e+00
1.000000e+00
1.000000e+00
1.000000e+00
1.000000e+00
1.000000e+00
1.000000e+00
1.000000e+00
1.000000e+00
1.000000e+00
1.000000e+00
1.000000e+00
1.000000e+00
1.000000e+00
1.000000e+00
1.000000e+00
1.000000e+00
1.000000e+00
1.000000e+00
1.000000e+00
1.000000e+00
1.000000e+00
1.000000e+00
1.000000e+00
1.000000e+00
1.000000e+00
1.000000e+00
1.000000e+00
1.000000e+00
1.000000e+00
1.000000e+00
1.000000e+00
1.000000e+00
1.000000e+00
1.000000e+00
1.000000e+00
1.000000e+00
1.000000e+00
1.000000e+00
1.000000e+00
1.000000e+00
1.000000e+00
1.000000e+00
1.000000e+00
1.000000e+00
1.000000e+00
9.999998e-01
9.999988e-01
9.999926e-01
9.999572e-01
9.997675e-01
9.988716e-01
9.955290e-01
9.867443e-01
9.710150e-01
9.501529e-01
9.268636e-01
9.028451e-01
8.787843e-01
8.549022e-01
8.313116e-01
8.080772e-01
7.852374e-01
7.628037e-01
7.408081e-01
7.192496e-01
6.981328e-01
6.774631e-01
6.572353e-01
6.374511e-01
6.181250e-01
5.992567e-01
5.808491e-01
5.629075e-01
5.454131e-01
5.284108e-01
5.119213e-01
4.960129e-01
4.807880e-01
4.663997e-01
4.532232e-01
4.418681e-01
4.332164e-01
4.278964e-01
4.257695e-01
4.253473e-01
4.256410e-01
4.259513e-01
4.260282e-01
4.260161e-01
4.259909e-01
4.259724e-01
4.259484e-01
4.258994e-01
4.258143e-01
4.256993e-01
4.255577e-01
4.253567e-01
4.249817e-01
4.241423e-01
4.221798e-01
4.178104e-01
4.089682e-01
3.931149e-01
3.685416e-01
3.364919e-01
3.035453e-01
2.784181e-01
2.661854e-01
2.636003e-01
2.635465e-01
2.637544e-01
2.643127e-01
2.650130e-01
2.654991e-01
2.656689e-01
2.656843e-01
2.656730e-01
2.656328e-01
2.655689e-01
2.654969e-01
2.653630e-01
2.648860e-01
2.625746e-01
2.507357e-01
2.021395e-01
1.396840e-01
1.253125e-01
1.250003e-01
1.250000e-01
1.250000e-01
1.250000e-01
1.250000e-01
1.250000e-01
1.250000e-01
1.250000e-01
1.250000e-01
1.250000e-01
1.250000e-01
1.250000e-01
1.250000e-01
1.250000e-01
1.250000e-01
1.250000e-01
1.250000e-01
1.250000e-01
1.250000e-01
1.250000e-01
1.250000e-01
1.250000e-01
1.250000e-01
1.250000e-01
1.250000e-01
1.250000e-01
1.250000e-01
1.250000e-01
1.250000e-01
1.250000e-01
1.250000e-01
1.250000e-01
1.250000e-01
1.250000e-01
1.250000e-01
1.250000e-01
1.250000e-01
1.250000e-01
1.250000e-01
1.250000e-01
1.250000e-01
1.250000e-01
1.250000e-01
1.250000e-01
1.250000e-01
1.250000e-01
1.250000e-01
1.250000e-01
1.250000e-01
1.250000e-01
1.250000e-01
1.250000e-01
1.250000e-01
1.250000e-01
1.250000e-01
1.250000e-01
1.250000e-01
1.250000e-01
1.250000e-01
1.250000e-01
1.250000e-01
1.250000e-01
1.250000e-01
1.250000e-01
1.250000e-01
1.250000e-01
1.250000e-01
1.250000e-01
1.250000e-01
1.250000e-01
1.250000e-01
1.250000e-01
1.250000e-01
1.250000e-01
1.250000e-01
1.250000e-01
1.250000e-01
1.250000e-01
1.250000e-01
1.250000e-01
1.250000e-01
1.250000e-01
1.250000e-01
1.250000e-01
1.250000e-01
1.250000e-01
1.250000e-01
1.250000e-01
1.250000e-01
1.250000e-01
1.250000e-01
1.250000e-01
1.250000e-01
1.250000e-01
1.250000e-01
1.250000e-01
1.250000e-01
1.250000e-01
1.250000e-01
1.250000e-01
1.250000e-01
1.250000e-01
1.250000e-01
1.250000e-01
1.250000e-01
1.250000e-01
1.250000e-01
1.250000e-01
1.250000e-01
1.250000e-01
1.250000e-01
1.250000e-01
1.250000e-01
1.250000e-01
1.250000e-01
1.250000e-01
1.250000e-01
1.250000e-01
1.250000e-01
1.250000e-01
1.250000e-01
1.250000e-01
1.250000e-01
1.250000e-01
1.250000e-01
1.250000e-01
1.250000e-01
1.250000e-01
1.250000e-01
1.250000e-01
1.250000e-01
1.250000e-01
1.250000e-01
1.250000e-01
1.250000e-01
1.250000e-01
1.250000e-01
1.250000e-01
1.250000e-01
1.250000e-01
1.250000e-01
1.250000e-01
1.250000e-01
1.250000e-01
1.250000e-01
1.250000e-01
1.250000e-01
1.250000e-01
1.250000e-01
1.250000e-01
1.250000e-01
1.250000e-01
1.250000e-01
1.250000e-01
1.250000e-01
1.250000e-01
1.250000e-01
1.250000e-01
1.250000e-01
1.250000e-01
1.250000e-01
1.250000e-01
1.250001e-01
1.250014e-01
1.250163e-01
1.251832e-01
1.269708e-01
1.421935e-01
1.997175e-01
2.508103e-01
2.622948e-01
2.649533e-01
2.653804e-01
2.654797e-01
2.655530e-01
2.656274e-01
2.656682e-01
2.656728e-01
2.656296e-01
2.654199e-01
2.649939e-01
2.645530e-01
2.643629e-01
2.643682e-01
2.651137e-01
2.694329e-01
2.822133e-01
3.059518e-01
3.371389e-01
3.681024e-01
3.924964e-01
4.085988e-01
4.175715e-01
4.219417e-01
4.238769e-01
4.247069e-01
4.250907e-01
4.253142e-01
4.254852e-01
4.256262e-01
4.257299e-01
4.257910e-01
4.258217e-01
4.258463e-01
4.259084e-01
4.259682e-01
4.259744e-01
4.257432e-01
4.253007e-01
4.251497e-01
4.265052e-01
