4.263722e-01
4.275516e-01
4.298747e-01
4.334599e-01
4.380873e-01
4.434762e-01
4.493722e-01
4.556042e-01
4.620682e-01
4.687034e-01
4.754775e-01
4.823661e-01
4.893672e-01
4.964713e-01
5.036763e-01
5.109792e-01
5.183792e-01
5.258714e-01
5.334554e-01
5.411311e-01
5.488980e-01
5.567542e-01
5.647023e-01
5.727362e-01
5.808625e-01
5.890796e-01
5.973881e-01
6.057879e-01
6.142793e-01
6.228626e-01
6.315377e-01
6.403063e-01
6.491670e-01
6.581193e-01
6.671658e-01
6.763010e-01
6.855293e-01
6.948495e-01
7.042617e-01
7.137656e-01
7.233609e-01
7.330471e-01
7.428235e-01
7.526892e-01
7.626430e-01
7.726837e-01
7.828114e-01
7.930212e-01
8.033120e-01
8.136804e-01
8.241228e-01
8.346343e-01
8.452093e-01
8.558406e-01
8.665192e-01
8.772339e-01
8.879704e-01
8.987103e-01
9.094300e-01
9.201008e-01
9.306788e-01
9.411096e-01
9.513165e-01
9.611945e-01
9.706033e-01
9.793523e-01
9.871640e-01
9.935817e-01
9.978847e-01
9.996804e-01
9.999868e-01
9.999999e-01
1.000000e+00
1.000000e+00
1.000000e+00
1.000000e+00
1.000000e+00
1.000000e+00
1.000000e+00
1.000000e+00
1.000000e+00
1.000000e+00
1.000000e+00
1.000000e+00
1.000000e+00
1.000000e+00
1.000000e+00
1.000000e+00
1.000000e+00
1.000000e+00
1.000000e+00
1.000000e+00
1.000000e+00
1.000000e+00
1.000000e+00
1.000000e+00
1.000000e+00
1.000000e+00
1.000000e+00
1.000000e+00
1.000000e+00
1.000000e+00
1.000000e+00
1.000000e+00
1.000000e+00
1.000000e+00
1.000000e+00
1.000000e+00
1.000000e+00
1.000000e+00
1.000000e+00
1.000000e+00
1.000000e+00
1.000000e+00
1.000000e+00
1.000000e+00
1.000000e+00
1.000000e+00
1.000000e+00
1.000000e+00
1.000000e+00
1.000000e+00
1.000000e+00
1.000000e+00
1.000000e+00
1.000000e+00
1.000000e+00
1.000000e+00
1.000000e+00
1.000000e+00
1.000000e+00
1.000000e+00
1.000000e+00
1.000000e+00
1.000000e+00
1.000000e+00
1.000000e+00
1.000000e+00
1.000000e+00
1.000000e+00
1.000000e+00
1.000000e+00
1.000000e+00
1.000000e+00
1.000000e+00
1.000000e+00
1.000000e+00
1.000000e+00
1.000000e+00
1.000000e+00
1.000000e+00
1.000000e+00
1.000000e+00
1.000000e+00
1.000000e+00
1.000000e+00
1.000000e+00
1.000000e+00
1.000000e+00
1.000000e+00
1.000000e+00
1.000000e+00
1.000000e+00
1.000000e+00
1.000000e+00
1.000000e+00
1.000000e+00
1.000000e+00
1.000000e+00
1.000000e+00
1.000000e+00
1.000000e+00
1.000000e+00
1.000000e+00
1.000000e+00
1.000000e+00
1.000000e+00
1.000000e+00
1.000000e+00
1.000000e+00
1.000000e+00
1.000000e+00
9.999998e-01
9.999989e-01
9.999940e-01
9.999689e-01
9.998476e-01
9.993333e-01
9.976062e-01
9.934214e-01
9.862276e-01
9.767560e-01
9.660939e-01
9.549539e-01
9.436713e-01
9.323643e-01
9.210752e-01
9.098282e-01
8.986416e-01
8.875249e-01
8.764844e-01
8.655254e-01
8.546518e-01
8.438669e-01
8.331728e-01
8.225712e-01
8.120635e-01
8.016505e-01
7.913329e-01
7.811112e-01
7.709848e-01
7.609564e-01
7.510244e-01
7.411886e-01
7.314490e-01
7.218054e-01
7.122576e-01
7.028054e-01
6.934485e-01
6.841865e-01
6.750191e-01
6.659464e-01
6.569642e-01
6.480772e-01
6.392830e-01
6.305817e-01
6.219745e-01
6.134598e-01
6.050371e-01
5.967062e-01
5.884669e-01
5.803188e-01
5.722620e-01
5.642972e-01
5.564185e-01
5.486317e-01
5.409346e-01
5.333290e-01
5.258160e-01
5.183959e-01
5.110703e-01
5.038440e-01
4.967198e-01
4.897015e-01
4.827945e-01
4.760082e-01
4.693514e-01
4.628470e-01
4.565287e-01
4.504525e-01
4.447064e-01
4.394283e-01
4.348122e-01
4.310883e-01
4.284397e-01
4.268875e-01
4.261993e-01
4.260256e-01
4.260156e-01
4.260885e-01
4.261662e-01
4.262045e-01
4.262106e-01
4.262090e-01
4.262006e-01
4.261898e-01
4.261818e-01
4.261775e-01
4.261777e-01
4.261822e-01
4.261880e-01
4.261923e-01
4.261950e-01
4.261966e-01
4.261975e-01
4.261977e-01
4.261975e-01
4.261968e-01
4.261956e-01
4.261940e-01
4.261919e-01
4.261891e-01
4.261852e-01
4.261799e-01
4.261733e-01
4.261652e-01
4.261557e-01
4.261445e-01
4.261314e-01
4.261157e-01
4.260967e-01
4.260738e-01
4.260461e-01
4.260116e-01
4.259656e-01
4.258977e-01
4.257863e-01
4.255875e-01
4.252149e-01
4.245055e-01
4.231676e-01
4.207170e-01
4.164167e-01
4.092679e-01
3.981252e-01
3.820720e-01
3.609484e-01
3.359419e-01
3.103585e-01
2.883669e-01
2.732775e-01
2.662833e-01
2.647118e-01
2.646343e-01
2.646710e-01
2.648096e-01
2.650593e-01
2.653380e-01
2.655320e-01
2.655948e-01
2.655979e-01
2.655948e-01
2.655852e-01
2.655730e-01
2.655671e-01
2.655670e-01
2.655691e-01
2.655744e-01
2.655810e-01
2.655850e-01
2.655855e-01
2.655848e-01
2.655820e-01
2.655769e-01
2.655704e-01
2.655643e-01
2.655599e-01
2.655576e-01
2.655570e-01
2.655574e-01
2.655589e-01
2.655610e-01
2.655634e-01
2.655645e-01
2.655655e-01
2.655647e-01
2.655636e-01
2.655532e-01
2.655097e-01
2.652956e-01
2.642450e-01
2.589615e-01
2.325215e-01
1.658219e-01
1.279097e-01
1.250148e-01
1.250000e-01
1.250000e-01
1.250000e-01
1.250000e-01
1.250000e-01
1.250000e-01
1.250000e-01
1.250000e-01
1.250000e-01
1.250000e-01
1.250000e-01
1.250000e-01
1.250000e-01
1.250000e-01
1.250000e-01
1.250000e-01
1.250000e-01
1.250000e-01
1.250000e-01
1.250000e-01
1.250000e-01
1.250000e-01
1.250000e-01
1.250000e-01
1.250000e-01
1.250000e-01
1.250000e-01
1.250000e-01
1.250000e-01
1.250000e-01
1.250000e-01
1.250000e-01
1.250000e-01
1.250000e-01
1.250000e-01
1.250000e-01
1.250000e-01
1.250000e-01
1.250000e-01
1.250000e-01
1.250000e-01
1.250000e-01
1.250000e-01
1.250000e-01
1.250000e-01
1.250000e-01
1.250000e-01
1.250000e-01
1.250000e-01
1.250000e-01
1.250000e-01
1.250000e-01
1.250000e-01
1.250004e-01
1.250047e-01
1.250536e-01
1.255935e-01
1.309943e-01
1.649954e-01
2.314885e-01
2.587272e-01
2.642828e-01
2.653931e-01
2.655456e-01
2.655631e-01
2.655659e-01
2.655657e-01
2.655654e-01
2.655638e-01
2.655623e-01
2.655604e-01
2.655588e-01
2.655582e-01
2.655589e-01
2.655600e-01
2.655615e-01
2.655647e-01
2.655707e-01
2.655790e-01
2.655870e-01
2.655924e-01
2.655946e-01
2.655950e-01
2.655939e-01
2.655861e-01
2.655758e-01
2.655684e-01
2.655646e-01
2.655632e-01
2.655628e-01
2.655621e-01
2.655579e-01
2.655351e-01
2.654683e-01
2.653712e-01
2.653026e-01
2.652823e-01
2.652935e-01
2.655043e-01
2.666130e-01
2.701509e-01
2.781402e-01
2.921141e-01
3.118552e-01
3.353798e-01
3.592595e-01
3.802335e-01
3.967529e-01
4.084439e-01
4.159641e-01
4.204481e-01
4.229597e-01
4.243039e-01
4.250061e-01
4.253745e-01
4.255758e-01
4.256947e-01
4.257726e-01
4.258294e-01
4.258742e-01
4.259108e-01
4.259412e-01
4.259667e-01
4.259884e-01
4.260074e-01
4.260241e-01
4.260385e-01
4.260509e-01
4.260612e-01
4.260696e-01
4.260763e-01
4.260815e-01
4.260859e-01
4.260898e-01
4.260937e-01
4.260974e-01
4.261008e-01
4.261039e-01
4.261065e-01
4.261086e-01
4.261099e-01
4.261102e-01
4.261107e-01
4.261167e-01
4.261256e-01
4.261397e-01
4.261570e-01
4.261725e-01
4.261831e-01
4.261883e-01
4.261903e-01
4.261846e-01
4.261380e-01
4.260430e-01
4.259697e-01
4.260175e-01
