4.288237e-01
4.343596e-01
4.424501e-01
4.523467e-01
4.633643e-01
4.750897e-01
4.872971e-01
4.999184e-01
5.128896e-01
5.261935e-01
5.398032e-01
5.537055e-01
5.679038e-01
5.823764e-01
5.971406e-01
6.121886e-01
6.275195e-01
6.431362e-01
6.590326e-01
6.752030e-01
6.916412e-01
7.083489e-01
7.253186e-01
7.425427e-01
7.600121e-01
7.777151e-01
7.956319e-01
8.137370e-01
8.320006e-01
8.503794e-01
8.688145e-01
8.872250e-01
9.054982e-01
9.234750e-01
9.409049e-01
9.574316e-01
9.725396e-01
9.854002e-01
9.946278e-01
9.990187e-01
9.999459e-01
9.999995e-01
1.000000e+00
1.000000e+00
1.000000e+00
1.000000e+00
1.000000e+00
1.000000e+00
1.000000e+00
1.000000e+00
1.000000e+00
1.000000e+00
1.000000e+00
1.000000e+00
1.000000e+00
1.000000e+00
1.000000e+00
1.000000e+00
1.000000e+00
1.000000e+00
1.000000e+00
1.000000e+00
1.000000e+00
1.000000e+00
1.000000e+00
1.000000e+00
1.000000e+00
1.000000e+00
1.000000e+00
1.000000e+00
1.000000e+00
1.000000e+00
1.000000e+00
1.000000e+00
1.000000e+00
1.000000e+00
1.000000e+00
1.000000e+00
1.000000e+00
1.000000e+00
1.000000e+00
1.000000e+00
1.000000e+00
1.000000e+00
1.000000e+00
1.000000e+00
1.000000e+00
1.000000e+00
1.000000e+00
1.000000e+00
1.000000e+00
1.000000e+00
1.000000e+00
1.000000e+00
1.000000e+00
1.000000e+00
1.000000e+00
1.000000e+00
1.000000e+00
1.000000e+00
1.000000e+00
1.000000e+00
1.000000e+00
1.000000e+00
1.000000e+00
1.000000e+00
1.000000e+00
1.000000e+00
1.000000e+00
1.000000e+00
1.000000e+00
1.000000e+00
1.000000e+00
1.000000e+00
1.000000e+00
1.000000e+00
1.000000e+00
1.000000e+00
1.000000e+00
1.000000e+00
1.000000e+00
1.000000e+00
1.000000e+00
1.000000e+00
1.000000e+00
1.000000e+00
1.000000e+00
1.000000e+00
1.000000e+00
1.000000e+00
1.000000e+00
1.000000e+00
1.000000e+00
1.000000e+00
1.000000e+00
1.000000e+00
1.000000e+00
1.000000e+00
1.000000e+00
1.000000e+00
1.000000e+00
1.000000e+00
1.000000e+00
1.000000e+00
1.000000e+00
1.000000e+00
1.000000e+00
1.000000e+00
1.000000e+00
1.000000e+00
1.000000e+00
1.000000e+00
1.000000e+00
1.000000e+00
1.000000e+00
1.000000e+00
1.000000e+00
1.000000e+00
1.000000e+00
1.000000e+00
1.000000e+00
1.000000e+00
1.000000e+00
1.000000e+00
1.000000e+00
1.000000e+00
1.000000e+00
1.000000e+00
1.000000e+00
1.000000e+00
1.000000e+00
1.000000e+00
1.000000e+00
1.000000e+00
1.000000e+00
1.000000e+00
1.000000e+00
1.000000e+00
1.000000e+00
1.000000e+00
1.000000e+00
1.000000e+00
1.000000e+00
1.000000e+00
1.000000e+00
1.000000e+00
1.000000e+00
1.000000e+00
1.000000e+00
1.000000e+00
1.000000e+00
1.000000e+00
1.000000e+00
1.000000e+00
1.000000e+00
1.000000e+00
1.000000e+00
1.000000e+00
1.000000e+00
1.000000e+00
1.000000e+00
1.000000e+00
1.000000e+00
1.000000e+00
1.000000e+00
1.000000e+00
1.000000e+00
1.000000e+00
1.000000e+00
1.000000e+00
1.000000e+00
9.999999e-01
9.999991e-01
9.999949e-01
9.999716e-01
9.998490e-01
9.992735e-01
9.970849e-01
9.910589e-01
9.796230e-01
9.637096e-01
9.453997e-01
9.261899e-01
9.067801e-01
8.874086e-01
8.681771e-01
8.491417e-01
8.303361e-01
8.117816e-01
7.934920e-01
7.754742e-01
7.577362e-01
7.402841e-01
7.231180e-01
7.062388e-01
6.896469e-01
6.733439e-01
6.573230e-01
6.415884e-01
6.261424e-01
6.109886e-01
5.961234e-01
5.815466e-01
5.672632e-01
5.532586e-01
5.395523e-01
5.261439e-01
5.130499e-01
5.002995e-01
4.879226e-01
4.759873e-01
4.645709e-01
4.538864e-01
4.442765e-01
4.362593e-01
4.304440e-01
4.270926e-01
4.258446e-01
4.256162e-01
4.258103e-01
4.260244e-01
4.261081e-01
4.261163e-01
4.261127e-01
4.261046e-01
4.260887e-01
4.260605e-01
4.260244e-01
4.259902e-01
4.259661e-01
4.259481e-01
4.259259e-01
4.258904e-01
4.258322e-01
4.257402e-01
4.255913e-01
4.253258e-01
4.247950e-01
4.236621e-01
4.212469e-01
4.163533e-01
4.072082e-01
3.917784e-01
3.687974e-01
3.392581e-01
3.082458e-01
2.829808e-01
2.685614e-01
2.642645e-01
2.639282e-01
2.640009e-01
2.643006e-01
2.648234e-01
2.653416e-01
2.656043e-01
2.656337e-01
2.656257e-01
2.656032e-01
2.655657e-01
2.655338e-01
2.655265e-01
2.655336e-01
2.655504e-01
2.655681e-01
2.655698e-01
2.655378e-01
2.653074e-01
2.641437e-01
2.583120e-01
2.295440e-01
1.620188e-01
1.273112e-01
1.250099e-01
1.250000e-01
1.250000e-01
1.250000e-01
1.250000e-01
1.250000e-01
1.250000e-01
1.250000e-01
1.250000e-01
1.250000e-01
1.250000e-01
1.250000e-01
1.250000e-01
1.250000e-01
1.250000e-01
1.250000e-01
1.250000e-01
1.250000e-01
1.250000e-01
1.250000e-01
1.250000e-01
1.250000e-01
1.250000e-01
1.250000e-01
1.250000e-01
1.250000e-01
1.250000e-01
1.250000e-01
1.250000e-01
1.250000e-01
1.250000e-01
1.250000e-01
1.250000e-01
1.250000e-01
1.250000e-01
1.250000e-01
1.250000e-01
1.250000e-01
1.250000e-01
1.250000e-01
1.250000e-01
1.250000e-01
1.250000e-01
1.250000e-01
1.250000e-01
1.250000e-01
1.250000e-01
1.250000e-01
1.250000e-01
1.250000e-01
1.250000e-01
1.250000e-01
1.250000e-01
1.250000e-01
1.250000e-01
1.250000e-01
1.250000e-01
1.250000e-01
1.250000e-01
1.250000e-01
1.250000e-01
1.250000e-01
1.250000e-01
1.250000e-01
1.250000e-01
1.250000e-01
1.250000e-01
1.250000e-01
1.250000e-01
1.250000e-01
1.250000e-01
1.250000e-01
1.250000e-01
1.250000e-01
1.250000e-01
1.250000e-01
1.250000e-01
1.250000e-01
1.250000e-01
1.250000e-01
1.250000e-01
1.250000e-01
1.250000e-01
1.250000e-01
1.250000e-01
1.250000e-01
1.250000e-01
1.250000e-01
1.250000e-01
1.250000e-01
1.250000e-01
1.250000e-01
1.250000e-01
1.250000e-01
1.250000e-01
1.250000e-01
1.250000e-01
1.250000e-01
1.250000e-01
1.250000e-01
1.250000e-01
1.250000e-01
1.250000e-01
1.250000e-01
1.250000e-01
1.250000e-01
1.250000e-01
1.250000e-01
1.250000e-01
1.250000e-01
1.250000e-01
1.250000e-01
1.250000e-01
1.250000e-01
1.250000e-01
1.250000e-01
1.250000e-01
1.250000e-01
1.250000e-01
1.250000e-01
1.250000e-01
1.250000e-01
1.250000e-01
1.250000e-01
1.250000e-01
1.250000e-01
1.250000e-01
1.250000e-01
1.250000e-01
1.250000e-01
1.250000e-01
1.250000e-01
1.250000e-01
1.250000e-01
1.250000e-01
1.250000e-01
1.250000e-01
1.250000e-01
1.250000e-01
1.250000e-01
1.250004e-01
1.250041e-01
1.250466e-01
1.255167e-01
1.302727e-01
1.615972e-01
2.282777e-01
2.581294e-01
2.641733e-01
2.654308e-01
2.655939e-01
2.655999e-01
2.655814e-01
2.655389e-01
2.655036e-01
2.654933e-01
2.654984e-01
2.655337e-01
2.655832e-01
2.656099e-01
2.656141e-01
2.655588e-01
2.653060e-01
2.649659e-01
2.647713e-01
2.647300e-01
2.648740e-01
2.664042e-01
2.724962e-01
2.867640e-01
3.102038e-01
3.393684e-01
3.679261e-01
3.908551e-01
4.066595e-01
4.160559e-01
4.210239e-01
4.234291e-01
4.245399e-01
4.250609e-01
4.253291e-01
4.254891e-01
4.255981e-01
4.256766e-01
4.257327e-01
4.257741e-01
4.258122e-01
4.258580e-01
4.259092e-01
4.259571e-01
4.259874e-01
4.260033e-01
4.260139e-01
4.260405e-01
4.260629e-01
4.260595e-01
4.259033e-01
4.256090e-01
4.254744e-01
4.261671e-01
