5.029949e-01
5.179456e-01
5.336793e-01
5.502143e-01
5.675236e-01
5.855890e-01
6.043276e-01
6.237251e-01
6.437034e-01
6.642066e-01
6.851269e-01
7.063952e-01
7.279048e-01
7.495441e-01
7.711749e-01
7.926680e-01
8.138672e-01
8.346055e-01
8.547084e-01
8.739784e-01
8.922318e-01
9.092798e-01
9.249488e-01
9.390910e-01
9.515926e-01
9.623931e-01
9.714889e-01
9.789380e-01
9.848572e-01
9.894131e-01
9.928039e-01
9.952435e-01
9.969396e-01
9.980800e-01
9.988227e-01
9.992924e-01
9.995816e-01
9.997556e-01
9.998585e-01
9.999185e-01
9.999531e-01
9.999729e-01
9.999843e-01
9.999909e-01
9.999946e-01
9.999968e-01
9.999981e-01
9.999989e-01
9.999993e-01
9.999996e-01
9.999997e-01
9.999998e-01
9.999999e-01
9.999999e-01
1.000000e+00
1.000000e+00
1.000000e+00
1.000000e+00
1.000000e+00
1.000000e+00
1.000000e+00
1.000000e+00
1.000000e+00
1.000000e+00
1.000000e+00
1.000000e+00
1.000000e+00
1.000000e+00
1.000000e+00
1.000000e+00
1.000000e+00
1.000000e+00
1.000000e+00
1.000000e+00
1.000000e+00
1.000000e+00
1.000000e+00
1.000000e+00
1.000000e+00
1.000000e+00
1.000000e+00
1.000000e+00
1.000000e+00
1.000000e+00
1.000000e+00
1.000000e+00
1.000000e+00
1.000000e+00
1.000000e+00
1.000000e+00
1.000000e+00
1.000000e+00
1.000000e+00
1.000000e+00
1.000000e+00
1.000000e+00
1.000000e+00
1.000000e+00
1.000000e+00
1.000000e+00
1.000000e+00
1.000000e+00
1.000000e+00
1.000000e+00
1.000000e+00
1.000000e+00
1.000000e+00
1.000000e+00
1.000000e+00
1.000000e+00
1.000000e+00
1.000000e+00
1.000000e+00
1.000000e+00
1.000000e+00
1.000000e+00
1.000000e+00
1.000000e+00
1.000000e+00
1.000000e+00
1.000000e+00
1.000000e+00
1.000000e+00
1.000000e+00
1.000000e+00
1.000000e+00
1.000000e+00
1.000000e+00
1.000000e+00
1.000000e+00
1.000000e+00
1.000000e+00
1.000000e+00
1.000000e+00
1.000000e+00
1.000000e+00
1.000000e+00
1.000000e+00
1.000000e+00
1.000000e+00
1.000000e+00
1.000000e+00
1.000000e+00
1.000000e+00
1.000000e+00
1.000000e+00
1.000000e+00
1.000000e+00
1.000000e+00
1.000000e+00
1.000000e+00
1.000000e+00
1.000000e+00
1.000000e+00
1.000000e+00
1.000000e+00
1.000000e+00
1.000000e+00
1.000000e+00
1.000000e+00
1.000000e+00
1.000000e+00
1.000000e+00
1.000000e+00
1.000000e+00
1.000000e+00
1.000000e+00
1.000000e+00
1.000000e+00
1.000000e+00
1.000000e+00
1.000000e+00
1.000000e+00
1.000000e+00
1.000000e+00
1.000000e+00
1.000000e+00
1.000000e+00
1.000000e+00
1.000000e+00
1.000000e+00
1.000000e+00
1.000000e+00
1.000000e+00
1.000000e+00
1.000000e+00
1.000000e+00
1.000000e+00
1.000000e+00
1.000000e+00
1.000000e+00
1.000000e+00
1.000000e+00
1.000000e+00
1.000000e+00
1.000000e+00
1.000000e+00
1.000000e+00
1.000000e+00
1.000000e+00
1.000000e+00
9.999999e-01
9.999999e-01
9.999999e-01
9.999998e-01
9.999997e-01
9.999995e-01
9.999991e-01
9.999985e-01
9.999975e-01
9.999959e-01
9.999931e-01
9.999883e-01
9.999800e-01
9.999659e-01
9.999418e-01
9.999008e-01
9.998316e-01
9.997158e-01
9.995247e-01
9.992146e-01
9.987212e-01
9.979542e-01
9.967925e-01
9.950822e-01
9.926392e-01
9.892579e-01
9.847249e-01
9.788391e-01
9.714292e-01
9.623723e-01
9.516048e-01
9.391257e-01
9.249933e-01
9.093203e-01
8.922556e-01
8.739751e-01
8.546701e-01
8.345278e-01
8.137480e-01
7.925088e-01
7.709795e-01
7.493168e-01
7.276533e-01
7.061257e-01
6.848474e-01
6.639245e-01
6.434258e-01
6.234570e-01
6.040770e-01
5.853590e-01
5.673194e-01
5.500366e-01
5.335323e-01
5.178295e-01
5.029181e-01
4.888016e-01
4.754820e-01
4.628922e-01
4.510203e-01
4.397993e-01
4.291398e-01
4.190132e-01
4.092884e-01
3.999233e-01
3.908369e-01
3.819321e-01
3.731643e-01
3.644544e-01
3.557731e-01
3.470607e-01
3.382986e-01
3.294447e-01
3.204874e-01
3.113975e-01
3.021518e-01
2.927353e-01
2.831265e-01
2.733135e-01
2.632917e-01
2.530766e-01
2.427002e-01
2.322224e-01
2.217322e-01
2.113472e-01
2.012104e-01
1.914767e-01
1.823035e-01
1.738293e-01
1.661601e-01
1.593593e-01
1.534438e-01
1.483875e-01
1.441299e-01
1.405885e-01
1.376709e-01
1.352834e-01
1.333390e-01
1.317602e-01
1.304798e-01
1.294424e-01
1.286019e-01
1.279202e-01
1.273676e-01
1.269194e-01
1.265550e-01
1.262595e-01
1.260197e-01
1.258243e-01
1.256662e-01
1.255379e-01
1.254333e-01
1.253491e-01
1.252807e-01
1.252251e-01
1.251806e-01
1.251445e-01
1.251152e-01
1.250920e-01
1.250732e-01
1.250581e-01
1.250461e-01
1.250365e-01
1.250287e-01
1.250227e-01
1.250178e-01
1.250140e-01
1.250110e-01
1.250085e-01
1.250066e-01
1.250052e-01
1.250040e-01
1.250031e-01
1.250024e-01
1.250018e-01
1.250014e-01
1.250011e-01
1.250008e-01
1.250006e-01
1.250005e-01
1.250004e-01
1.250003e-01
1.250002e-01
1.250002e-01
1.250001e-01
1.250001e-01
1.250001e-01
1.250000e-01
1.250000e-01
1.250000e-01
1.250000e-01
1.250000e-01
1.250000e-01
1.250000e-01
1.250000e-01
1.250000e-01
1.250000e-01
1.250000e-01
1.250000e-01
1.250000e-01
1.250000e-01
1.250000e-01
1.250000e-01
1.250000e-01
1.250000e-01
1.250000e-01
1.250000e-01
1.250000e-01
1.250000e-01
1.250000e-01
1.250000e-01
1.250000e-01
1.250000e-01
1.250000e-01
1.250000e-01
1.250000e-01
1.250000e-01
1.250000e-01
1.250000e-01
1.250000e-01
1.250000e-01
1.250000e-01
1.250000e-01
1.250000e-01
1.250000e-01
1.250000e-01
1.250000e-01
1.250000e-01
1.250000e-01
1.250000e-01
1.250000e-01
1.250000e-01
1.250000e-01
1.250000e-01
1.250000e-01
1.250000e-01
1.250000e-01
1.250000e-01
1.250000e-01
1.250000e-01
1.250000e-01
1.250000e-01
1.250000e-01
1.250000e-01
1.250000e-01
1.250000e-01
1.250000e-01
1.250000e-01
1.250000e-01
1.250000e-01
1.250000e-01
1.250000e-01
1.250000e-01
1.250000e-01
1.250000e-01
1.250000e-01
1.250000e-01
1.250000e-01
1.250000e-01
1.250000e-01
1.250001e-01
1.250001e-01
1.250001e-01
1.250001e-01
1.250002e-01
1.250002e-01
1.250003e-01
1.250004e-01
1.250005e-01
1.250007e-01
1.250009e-01
1.250011e-01
1.250014e-01
1.250019e-01
1.250024e-01
1.250032e-01
1.250041e-01
1.250052e-01
1.250067e-01
1.250086e-01
1.250110e-01
1.250141e-01
1.250180e-01
1.250228e-01
1.250290e-01
1.250367e-01
1.250463e-01
1.250584e-01
1.250735e-01
1.250924e-01
1.251158e-01
1.251450e-01
1.251812e-01
1.252260e-01
1.252816e-01
1.253502e-01
1.254350e-01
1.255396e-01
1.256686e-01
1.258274e-01
1.260230e-01
1.262639e-01
1.265604e-01
1.269254e-01
1.273749e-01
1.279284e-01
1.286105e-01
1.294514e-01
1.304882e-01
1.317663e-01
1.333411e-01
1.352779e-01
1.376535e-01
1.405541e-01
1.440722e-01
1.483006e-01
1.533230e-01
1.592023e-01
1.659683e-01
1.736080e-01
1.820613e-01
1.912237e-01
2.009561e-01
2.111011e-01
2.215020e-01
2.320125e-01
2.425120e-01
2.529088e-01
2.631416e-01
2.731783e-01
2.830029e-01
2.926194e-01
3.020405e-01
3.112871e-01
3.203765e-01
3.293328e-01
3.381825e-01
3.469397e-01
3.556497e-01
3.643258e-01
3.730339e-01
3.818001e-01
3.907081e-01
3.998005e-01
4.091714e-01
4.189108e-01
4.290529e-01
4.397379e-01
4.509830e-01
4.628831e-01
4.755052e-01
4.888540e-01
