5.027654e-01
5.175960e-01
5.332017e-01
5.496008e-01
5.667682e-01
5.846836e-01
6.032669e-01
6.225061e-01
6.423253e-01
6.626688e-01
6.834311e-01
7.045472e-01
7.259127e-01
7.474171e-01
7.689303e-01
7.903227e-01
8.114438e-01
8.321314e-01
8.522135e-01
8.714985e-01
8.898038e-01
9.069429e-01
9.227421e-01
9.370500e-01
9.497494e-01
9.607702e-01
9.700996e-01
9.777840e-01
9.839292e-01
9.886916e-01
9.922623e-01
9.948509e-01
9.966648e-01
9.978941e-01
9.987009e-01
9.992148e-01
9.995335e-01
9.997265e-01
9.998411e-01
9.999082e-01
9.999471e-01
9.999695e-01
9.999823e-01
9.999897e-01
9.999939e-01
9.999964e-01
9.999979e-01
9.999987e-01
9.999992e-01
9.999995e-01
9.999997e-01
9.999998e-01
9.999999e-01
9.999999e-01
1.000000e+00
1.000000e+00
1.000000e+00
1.000000e+00
1.000000e+00
1.000000e+00
1.000000e+00
1.000000e+00
1.000000e+00
1.000000e+00
1.000000e+00
1.000000e+00
1.000000e+00
1.000000e+00
1.000000e+00
1.000000e+00
1.000000e+00
1.000000e+00
1.000000e+00
1.000000e+00
1.000000e+00
1.000000e+00
1.000000e+00
1.000000e+00
1.000000e+00
1.000000e+00
1.000000e+00
1.000000e+00
1.000000e+00
1.000000e+00
1.000000e+00
1.000000e+00
1.000000e+00
1.000000e+00
1.000000e+00
1.000000e+00
1.000000e+00
1.000000e+00
1.000000e+00
1.000000e+00
1.000000e+00
1.000000e+00
1.000000e+00
1.000000e+00
1.000000e+00
1.000000e+00
1.000000e+00
1.000000e+00
1.000000e+00
1.000000e+00
1.000000e+00
1.000000e+00
1.000000e+00
1.000000e+00
1.000000e+00
1.000000e+00
1.000000e+00
1.000000e+00
1.000000e+00
1.000000e+00
1.000000e+00
1.000000e+00
1.000000e+00
1.000000e+00
1.000000e+00
1.000000e+00
1.000000e+00
1.000000e+00
1.000000e+00
1.000000e+00
1.000000e+00
1.000000e+00
1.000000e+00
1.000000e+00
1.000000e+00
1.000000e+00
1.000000e+00
1.000000e+00
1.000000e+00
1.000000e+00
1.000000e+00
1.000000e+00
1.000000e+00
1.000000e+00
1.000000e+00
1.000000e+00
1.000000e+00
1.000000e+00
1.000000e+00
1.000000e+00
1.000000e+00
1.000000e+00
1.000000e+00
1.000000e+00
1.000000e+00
1.000000e+00
1.000000e+00
1.000000e+00
1.000000e+00
1.000000e+00
1.000000e+00
1.000000e+00
1.000000e+00
1.000000e+00
1.000000e+00
1.000000e+00
1.000000e+00
1.000000e+00
1.000000e+00
1.000000e+00
1.000000e+00
1.000000e+00
1.000000e+00
1.000000e+00
1.000000e+00
1.000000e+00
1.000000e+00
1.000000e+00
1.000000e+00
1.000000e+00
1.000000e+00
1.000000e+00
1.000000e+00
1.000000e+00
1.000000e+00
1.000000e+00
1.000000e+00
1.000000e+00
1.000000e+00
1.000000e+00
1.000000e+00
1.000000e+00
1.000000e+00
1.000000e+00
1.000000e+00
1.000000e+00
1.000000e+00
1.000000e+00
1.000000e+00
1.000000e+00
1.000000e+00
1.000000e+00
1.000000e+00
1.000000e+00
1.000000e+00
1.000000e+00
1.000000e+00
9.999999e-01
9.999999e-01
9.999999e-01
9.999998e-01
9.999996e-01
9.999994e-01
9.999990e-01
9.999983e-01
9.999972e-01
9.999954e-01
9.999922e-01
9.999868e-01
9.999775e-01
9.999617e-01
9.999347e-01
9.998890e-01
9.998119e-01
9.996836e-01
9.994729e-01
9.991328e-01
9.985950e-01
9.977644e-01
9.965150e-01
9.946887e-01
9.920990e-01
9.885402e-01
9.838026e-01
9.776919e-01
9.700466e-01
9.607551e-01
9.497658e-01
9.370866e-01
9.227866e-01
9.069816e-01
8.898244e-01
8.714912e-01
8.521706e-01
8.320492e-01
8.113207e-01
7.901602e-01
7.687325e-01
7.471883e-01
7.256605e-01
7.042779e-01
6.831525e-01
6.623879e-01
6.420496e-01
6.222401e-01
6.030184e-01
5.844554e-01
5.665658e-01
5.494250e-01
5.330561e-01
5.174807e-01
5.026889e-01
4.886831e-01
4.754652e-01
4.629697e-01
4.511835e-01
4.400439e-01
4.294598e-01
4.194040e-01
4.097493e-01
4.004496e-01
3.914308e-01
3.825913e-01
3.738925e-01
3.652514e-01
3.566405e-01
3.480033e-01
3.393181e-01
3.305442e-01
3.216724e-01
3.126720e-01
3.035211e-01
2.942046e-01
2.847006e-01
2.749950e-01
2.650816e-01
2.549705e-01
2.446890e-01
2.342902e-01
2.238555e-01
2.134954e-01
2.033469e-01
1.935612e-01
1.842956e-01
1.756929e-01
1.678665e-01
1.608898e-01
1.547907e-01
1.495531e-01
1.451244e-01
1.414277e-01
1.383729e-01
1.358674e-01
1.338228e-01
1.321601e-01
1.308100e-01
1.297149e-01
1.288269e-01
1.281062e-01
1.275211e-01
1.270464e-01
1.266602e-01
1.263463e-01
1.260916e-01
1.258839e-01
1.257152e-01
1.255786e-01
1.254670e-01
1.253766e-01
1.253036e-01
1.252439e-01
1.251959e-01
1.251573e-01
1.251257e-01
1.251005e-01
1.250802e-01
1.250637e-01
1.250507e-01
1.250402e-01
1.250318e-01
1.250251e-01
1.250198e-01
1.250155e-01
1.250122e-01
1.250096e-01
1.250075e-01
1.250058e-01
1.250045e-01
1.250035e-01
1.250027e-01
1.250021e-01
1.250016e-01
1.250012e-01
1.250010e-01
1.250007e-01
1.250006e-01
1.250004e-01
1.250003e-01
1.250002e-01
1.250002e-01
1.250001e-01
1.250001e-01
1.250001e-01
1.250001e-01
1.250000e-01
1.250000e-01
1.250000e-01
1.250000e-01
1.250000e-01
1.250000e-01
1.250000e-01
1.250000e-01
1.250000e-01
1.250000e-01
1.250000e-01
1.250000e-01
1.250000e-01
1.250000e-01
1.250000e-01
1.250000e-01
1.250000e-01
1.250000e-01
1.250000e-01
1.250000e-01
1.250000e-01
1.250000e-01
1.250000e-01
1.250000e-01
1.250000e-01
1.250000e-01
1.250000e-01
1.250000e-01
1.250000e-01
1.250000e-01
1.250000e-01
1.250000e-01
1.250000e-01
1.250000e-01
1.250000e-01
1.250000e-01
1.250000e-01
1.250000e-01
1.250000e-01
1.250000e-01
1.250000e-01
1.250000e-01
1.250000e-01
1.250000e-01
1.250000e-01
1.250000e-01
1.250000e-01
1.250000e-01
1.250000e-01
1.250000e-01
1.250000e-01
1.250000e-01
1.250000e-01
1.250000e-01
1.250000e-01
1.250000e-01
1.250000e-01
1.250000e-01
1.250000e-01
1.250000e-01
1.250000e-01
1.250000e-01
1.250000e-01
1.250000e-01
1.250000e-01
1.250000e-01
1.250000e-01
1.250000e-01
1.250000e-01
1.250000e-01
1.250000e-01
1.250000e-01
1.250001e-01
1.250001e-01
1.250001e-01
1.250001e-01
1.250002e-01
1.250003e-01
1.250003e-01
1.250004e-01
1.250006e-01
1.250007e-01
1.250010e-01
1.250013e-01
1.250017e-01
1.250021e-01
1.250028e-01
1.250036e-01
1.250046e-01
1.250059e-01
1.250076e-01
1.250097e-01
1.250123e-01
1.250157e-01
1.250199e-01
1.250253e-01
1.250320e-01
1.250404e-01
1.250509e-01
1.250641e-01
1.250805e-01
1.251009e-01
1.251262e-01
1.251577e-01
1.251967e-01
1.252449e-01
1.253045e-01
1.253780e-01
1.254687e-01
1.255804e-01
1.257179e-01
1.258871e-01
1.260952e-01
1.263511e-01
1.266657e-01
1.270526e-01
1.275287e-01
1.281144e-01
1.288356e-01
1.297238e-01
1.308179e-01
1.321653e-01
1.338232e-01
1.358592e-01
1.383518e-01
1.413881e-01
1.450602e-01
1.494586e-01
1.546618e-01
1.607249e-01
1.676679e-01
1.754668e-01
1.840510e-01
1.933080e-01
2.030946e-01
2.132531e-01
2.236304e-01
2.340857e-01
2.445059e-01
2.548072e-01
2.649356e-01
2.748634e-01
2.845793e-01
2.940905e-01
3.034109e-01
3.125628e-01
3.215621e-01
3.304320e-01
3.392026e-01
3.478820e-01
3.565179e-01
3.651224e-01
3.737629e-01
3.824598e-01
3.913032e-01
4.003270e-01
4.096333e-01
4.193030e-01
4.293742e-01
4.399836e-01
4.511468e-01
4.629613e-01
4.754885e-01
4.887353e-01
