5.043364e-01
5.200006e-01
5.364960e-01
5.538470e-01
5.720048e-01
5.909538e-01
6.106168e-01
6.309542e-01
6.518838e-01
6.733172e-01
6.951668e-01
7.173250e-01
7.396666e-01
7.620657e-01
7.843602e-01
8.063965e-01
8.279939e-01
8.489622e-01
8.690913e-01
8.881780e-01
9.060174e-01
9.224177e-01
9.372151e-01
9.502819e-01
9.615488e-01
9.710095e-01
9.787253e-01
9.848232e-01
9.894843e-01
9.929246e-01
9.953754e-01
9.970602e-01
9.981791e-01
9.988980e-01
9.993462e-01
9.996182e-01
9.997797e-01
9.998738e-01
9.999280e-01
9.999589e-01
9.999764e-01
9.999864e-01
9.999921e-01
9.999954e-01
9.999973e-01
9.999984e-01
9.999990e-01
9.999994e-01
9.999996e-01
9.999998e-01
9.999999e-01
9.999999e-01
9.999999e-01
1.000000e+00
1.000000e+00
1.000000e+00
1.000000e+00
1.000000e+00
1.000000e+00
1.000000e+00
1.000000e+00
1.000000e+00
1.000000e+00
1.000000e+00
1.000000e+00
1.000000e+00
1.000000e+00
1.000000e+00
1.000000e+00
1.000000e+00
1.000000e+00
1.000000e+00
1.000000e+00
1.000000e+00
1.000000e+00
1.000000e+00
1.000000e+00
1.000000e+00
1.000000e+00
1.000000e+00
1.000000e+00
1.000000e+00
1.000000e+00
1.000000e+00
1.000000e+00
1.000000e+00
1.000000e+00
1.000000e+00
1.000000e+00
1.000000e+00
1.000000e+00
1.000000e+00
1.000000e+00
1.000000e+00
1.000000e+00
1.000000e+00
1.000000e+00
1.000000e+00
1.000000e+00
1.000000e+00
1.000000e+00
1.000000e+00
1.000000e+00
1.000000e+00
1.000000e+00
1.000000e+00
1.000000e+00
1.000000e+00
1.000000e+00
1.000000e+00
1.000000e+00
1.000000e+00
1.000000e+00
1.000000e+00
1.000000e+00
1.000000e+00
1.000000e+00
1.000000e+00
1.000000e+00
1.000000e+00
1.000000e+00
1.000000e+00
1.000000e+00
1.000000e+00
1.000000e+00
1.000000e+00
1.000000e+00
1.000000e+00
1.000000e+00
1.000000e+00
1.000000e+00
1.000000e+00
1.000000e+00
1.000000e+00
1.000000e+00
1.000000e+00
1.000000e+00
1.000000e+00
1.000000e+00
1.000000e+00
1.000000e+00
1.000000e+00
1.000000e+00
1.000000e+00
1.000000e+00
1.000000e+00
1.000000e+00
1.000000e+00
1.000000e+00
1.000000e+00
1.000000e+00
1.000000e+00
1.000000e+00
1.000000e+00
1.000000e+00
1.000000e+00
1.000000e+00
1.000000e+00
1.000000e+00
1.000000e+00
1.000000e+00
1.000000e+00
1.000000e+00
1.000000e+00
1.000000e+00
1.000000e+00
1.000000e+00
1.000000e+00
1.000000e+00
1.000000e+00
1.000000e+00
1.000000e+00
1.000000e+00
1.000000e+00
1.000000e+00
1.000000e+00
1.000000e+00
1.000000e+00
1.000000e+00
1.000000e+00
1.000000e+00
1.000000e+00
1.000000e+00
1.000000e+00
1.000000e+00
1.000000e+00
1.000000e+00
1.000000e+00
1.000000e+00
1.000000e+00
1.000000e+00
1.000000e+00
1.000000e+00
1.000000e+00
1.000000e+00
1.000000e+00
1.000000e+00
1.000000e+00
1.000000e+00
1.000000e+00
1.000000e+00
1.000000e+00
1.000000e+00
9.999999e-01
9.999999e-01
9.999998e-01
9.999997e-01
9.999995e-01
9.999992e-01
9.999987e-01
9.999979e-01
9.999965e-01
9.999940e-01
9.999898e-01
9.999826e-01
9.999701e-01
9.999486e-01
9.999117e-01
9.998485e-01
9.997417e-01
9.995632e-01
9.992698e-01
9.987970e-01
9.980526e-01
9.969109e-01
9.952105e-01
9.927555e-01
9.893251e-01
9.846881e-01
9.786257e-01
9.709513e-01
9.615314e-01
9.502983e-01
9.372534e-01
9.224640e-01
9.060566e-01
8.881968e-01
8.690789e-01
8.489105e-01
8.278996e-01
8.062582e-01
7.841806e-01
7.618497e-01
7.394197e-01
7.170555e-01
6.948831e-01
6.730280e-01
6.515950e-01
6.306754e-01
6.103542e-01
5.907127e-01
5.717884e-01
5.536592e-01
5.363425e-01
5.198796e-01
5.042570e-01
4.894841e-01
4.755597e-01
4.624104e-01
4.500321e-01
4.383258e-01
4.272214e-01
4.166712e-01
4.065408e-01
3.967876e-01
3.872907e-01
3.779966e-01
3.688182e-01
3.596959e-01
3.505800e-01
3.414239e-01
3.321853e-01
3.228447e-01
3.133658e-01
3.037240e-01
2.939017e-01
2.838779e-01
2.736426e-01
2.631958e-01
2.525586e-01
2.417722e-01
2.309078e-01
2.200675e-01
2.093839e-01
1.990127e-01
1.891204e-01
1.798702e-01
1.713993e-01
1.638059e-01
1.571399e-01
1.514010e-01
1.465453e-01
1.424963e-01
1.391593e-01
1.364331e-01
1.342195e-01
1.324295e-01
1.309852e-01
1.298213e-01
1.288839e-01
1.281283e-01
1.275194e-01
1.270287e-01
1.266324e-01
1.263130e-01
1.260555e-01
1.258471e-01
1.256796e-01
1.255445e-01
1.254353e-01
1.253480e-01
1.252775e-01
1.252207e-01
1.251756e-01
1.251392e-01
1.251101e-01
1.250872e-01
1.250686e-01
1.250540e-01
1.250424e-01
1.250331e-01
1.250259e-01
1.250202e-01
1.250157e-01
1.250122e-01
1.250094e-01
1.250073e-01
1.250056e-01
1.250043e-01
1.250033e-01
1.250025e-01
1.250019e-01
1.250015e-01
1.250011e-01
1.250008e-01
1.250006e-01
1.250005e-01
1.250004e-01
1.250003e-01
1.250002e-01
1.250001e-01
1.250001e-01
1.250001e-01
1.250001e-01
1.250000e-01
1.250000e-01
1.250000e-01
1.250000e-01
1.250000e-01
1.250000e-01
1.250000e-01
1.250000e-01
1.250000e-01
1.250000e-01
1.250000e-01
1.250000e-01
1.250000e-01
1.250000e-01
1.250000e-01
1.250000e-01
1.250000e-01
1.250000e-01
1.250000e-01
1.250000e-01
1.250000e-01
1.250000e-01
1.250000e-01
1.250000e-01
1.250000e-01
1.250000e-01
1.250000e-01
1.250000e-01
1.250000e-01
1.250000e-01
1.250000e-01
1.250000e-01
1.250000e-01
1.250000e-01
1.250000e-01
1.250000e-01
1.250000e-01
1.250000e-01
1.250000e-01
1.250000e-01
1.250000e-01
1.250000e-01
1.250000e-01
1.250000e-01
1.250000e-01
1.250000e-01
1.250000e-01
1.250000e-01
1.250000e-01
1.250000e-01
1.250000e-01
1.250000e-01
1.250000e-01
1.250000e-01
1.250000e-01
1.250000e-01
1.250000e-01
1.250000e-01
1.250000e-01
1.250000e-01
1.250000e-01
1.250000e-01
1.250000e-01
1.250000e-01
1.250000e-01
1.250000e-01
1.250000e-01
1.250000e-01
1.250000e-01
1.250000e-01
1.250000e-01
1.250000e-01
1.250000e-01
1.250000e-01
1.250000e-01
1.250000e-01
1.250000e-01
1.250000e-01
1.250000e-01
1.250000e-01
1.250001e-01
1.250001e-01
1.250001e-01
1.250002e-01
1.250002e-01
1.250003e-01
1.250004e-01
1.250005e-01
1.250007e-01
1.250009e-01
1.250011e-01
1.250015e-01
1.250020e-01
1.250026e-01
1.250034e-01
1.250044e-01
1.250057e-01
1.250074e-01
1.250095e-01
1.250123e-01
1.250159e-01
1.250204e-01
1.250261e-01
1.250334e-01
1.250426e-01
1.250543e-01
1.250690e-01
1.250875e-01
1.251107e-01
1.251398e-01
1.251762e-01
1.252217e-01
1.252785e-01
1.253492e-01
1.254371e-01
1.255464e-01
1.256822e-01
1.258505e-01
1.260592e-01
1.263179e-01
1.266383e-01
1.270353e-01
1.275274e-01
1.281371e-01
1.288932e-01
1.298308e-01
1.309934e-01
1.324345e-01
1.342186e-01
1.364221e-01
1.391331e-01
1.424485e-01
1.464693e-01
1.512912e-01
1.569926e-01
1.636212e-01
1.711816e-01
1.796278e-01
1.888637e-01
1.987519e-01
2.091292e-01
2.198278e-01
2.306885e-01
2.415752e-01
2.523828e-01
2.630387e-01
2.735017e-01
2.837490e-01
2.937809e-01
3.036080e-01
3.132519e-01
3.227293e-01
3.320674e-01
3.413035e-01
3.504531e-01
3.595678e-01
3.686841e-01
3.778640e-01
3.871554e-01
3.966606e-01
4.064180e-01
4.165629e-01
4.271272e-01
4.382562e-01
4.499911e-01
4.623969e-01
4.755825e-01
4.895375e-01
