5.142105e-01
5.358359e-01
5.586819e-01
5.828171e-01
6.080458e-01
6.343188e-01
6.614412e-01
6.891918e-01
7.173889e-01
7.457659e-01
7.740161e-01
8.018459e-01
8.289006e-01
8.548217e-01
8.792186e-01
9.017353e-01
9.220363e-01
9.398503e-01
9.550065e-01
9.674608e-01
9.773048e-01
9.847619e-01
9.901602e-01
9.938884e-01
9.963431e-01
9.978855e-01
9.988131e-01
9.993494e-01
9.996494e-01
9.998129e-01
9.999005e-01
9.999470e-01
9.999715e-01
9.999846e-01
9.999916e-01
9.999953e-01
9.999974e-01
9.999985e-01
9.999992e-01
9.999995e-01
9.999997e-01
9.999998e-01
9.999999e-01
9.999999e-01
1.000000e+00
1.000000e+00
1.000000e+00
1.000000e+00
1.000000e+00
1.000000e+00
1.000000e+00
1.000000e+00
1.000000e+00
1.000000e+00
1.000000e+00
1.000000e+00
1.000000e+00
1.000000e+00
1.000000e+00
1.000000e+00
1.000000e+00
1.000000e+00
1.000000e+00
1.000000e+00
1.000000e+00
1.000000e+00
1.000000e+00
1.000000e+00
1.000000e+00
1.000000e+00
1.000000e+00
1.000000e+00
1.000000e+00
1.000000e+00
1.000000e+00
1.000000e+00
1.000000e+00
1.000000e+00
1.000000e+00
1.000000e+00
1.000000e+00
1.000000e+00
1.000000e+00
1.000000e+00
1.000000e+00
1.000000e+00
1.000000e+00
1.000000e+00
1.000000e+00
1.000000e+00
1.000000e+00
1.000000e+00
1.000000e+00
1.000000e+00
1.000000e+00
1.000000e+00
1.000000e+00
1.000000e+00
1.000000e+00
1.000000e+00
1.000000e+00
1.000000e+00
1.000000e+00
1.000000e+00
1.000000e+00
1.000000e+00
1.000000e+00
1.000000e+00
1.000000e+00
1.000000e+00
1.000000e+00
1.000000e+00
1.000000e+00
1.000000e+00
1.000000e+00
1.000000e+00
1.000000e+00
1.000000e+00
1.000000e+00
1.000000e+00
1.000000e+00
1.000000e+00
1.000000e+00
1.000000e+00
1.000000e+00
1.000000e+00
1.000000e+00
1.000000e+00
1.000000e+00
1.000000e+00
1.000000e+00
1.000000e+00
1.000000e+00
1.000000e+00
1.000000e+00
1.000000e+00
1.000000e+00
1.000000e+00
1.000000e+00
1.000000e+00
1.000000e+00
1.000000e+00
1.000000e+00
1.000000e+00
1.000000e+00
1.000000e+00
1.000000e+00
1.000000e+00
1.000000e+00
1.000000e+00
1.000000e+00
1.000000e+00
1.000000e+00
1.000000e+00
1.000000e+00
1.000000e+00
1.000000e+00
1.000000e+00
1.000000e+00
1.000000e+00
1.000000e+00
1.000000e+00
1.000000e+00
1.000000e+00
1.000000e+00
1.000000e+00
1.000000e+00
1.000000e+00
1.000000e+00
1.000000e+00
1.000000e+00
1.000000e+00
1.000000e+00
1.000000e+00
1.000000e+00
1.000000e+00
1.000000e+00
1.000000e+00
1.000000e+00
1.000000e+00
1.000000e+00
1.000000e+00
1.000000e+00
1.000000e+00
1.000000e+00
1.000000e+00
1.000000e+00
1.000000e+00
1.000000e+00
1.000000e+00
1.000000e+00
1.000000e+00
1.000000e+00
1.000000e+00
1.000000e+00
1.000000e+00
1.000000e+00
1.000000e+00
1.000000e+00
1.000000e+00
1.000000e+00
1.000000e+00
1.000000e+00
1.000000e+00
1.000000e+00
1.000000e+00
1.000000e+00
1.000000e+00
1.000000e+00
1.000000e+00
1.000000e+00
1.000000e+00
9.999999e-01
9.999999e-01
9.999998e-01
9.999996e-01
9.999994e-01
9.999989e-01
9.999980e-01
9.999965e-01
9.999938e-01
9.999888e-01
9.999797e-01
9.999629e-01
9.999321e-01
9.998757e-01
9.997727e-01
9.995871e-01
9.992580e-01
9.986872e-01
9.977245e-01
9.961537e-01
9.936864e-01
9.899681e-01
9.846038e-01
9.771992e-01
9.674158e-01
9.550156e-01
9.398956e-01
9.220923e-01
9.017766e-01
8.792215e-01
8.547694e-01
8.287834e-01
8.016629e-01
7.737742e-01
7.454743e-01
7.170639e-01
6.888497e-01
6.610969e-01
6.339883e-01
6.077456e-01
5.825496e-01
5.584664e-01
5.356659e-01
5.141114e-01
4.939108e-01
4.750337e-01
4.573940e-01
4.408766e-01
4.253531e-01
4.106615e-01
3.966659e-01
3.831728e-01
3.700528e-01
3.571385e-01
3.442969e-01
3.314133e-01
3.184099e-01
3.052088e-01
2.917817e-01
2.781181e-01
2.642499e-01
2.502579e-01
2.362681e-01
2.224587e-01
2.090553e-01
1.963108e-01
1.844784e-01
1.737838e-01
1.643850e-01
1.563512e-01
1.496615e-01
1.442186e-01
1.398736e-01
1.364555e-01
1.337944e-01
1.317369e-01
1.301524e-01
1.289355e-01
1.280017e-01
1.272862e-01
1.267379e-01
1.263186e-01
1.259979e-01
1.257534e-01
1.255671e-01
1.254255e-01
1.253182e-01
1.252371e-01
1.251761e-01
1.251302e-01
1.250959e-01
1.250703e-01
1.250514e-01
1.250374e-01
1.250271e-01
1.250195e-01
1.250140e-01
1.250100e-01
1.250071e-01
1.250051e-01
1.250036e-01
1.250025e-01
1.250017e-01
1.250012e-01
1.250008e-01
1.250006e-01
1.250004e-01
1.250003e-01
1.250002e-01
1.250001e-01
1.250001e-01
1.250001e-01
1.250000e-01
1.250000e-01
1.250000e-01
1.250000e-01
1.250000e-01
1.250000e-01
1.250000e-01
1.250000e-01
1.250000e-01
1.250000e-01
1.250000e-01
1.250000e-01
1.250000e-01
1.250000e-01
1.250000e-01
1.250000e-01
1.250000e-01
1.250000e-01
1.250000e-01
1.250000e-01
1.250000e-01
1.250000e-01
1.250000e-01
1.250000e-01
1.250000e-01
1.250000e-01
1.250000e-01
1.250000e-01
1.250000e-01
1.250000e-01
1.250000e-01
1.250000e-01
1.250000e-01
1.250000e-01
1.250000e-01
1.250000e-01
1.250000e-01
1.250000e-01
1.250000e-01
1.250000e-01
1.250000e-01
1.250000e-01
1.250000e-01
1.250000e-01
1.250000e-01
1.250000e-01
1.250000e-01
1.250000e-01
1.250000e-01
1.250000e-01
1.250000e-01
1.250000e-01
1.250000e-01
1.250000e-01
1.250000e-01
1.250000e-01
1.250000e-01
1.250000e-01
1.250000e-01
1.250000e-01
1.250000e-01
1.250000e-01
1.250000e-01
1.250000e-01
1.250000e-01
1.250000e-01
1.250000e-01
1.250000e-01
1.250000e-01
1.250000e-01
1.250000e-01
1.250000e-01
1.250000e-01
1.250000e-01
1.250000e-01
1.250000e-01
1.250000e-01
1.250000e-01
1.250000e-01
1.250000e-01
1.250000e-01
1.250000e-01
1.250000e-01
1.250000e-01
1.250000e-01
1.250000e-01
1.250000e-01
1.250000e-01
1.250000e-01
1.250000e-01
1.250000e-01
1.250000e-01
1.250000e-01
1.250000e-01
1.250000e-01
1.250000e-01
1.250000e-01
1.250000e-01
1.250000e-01
1.250000e-01
1.250000e-01
1.250000e-01
1.250000e-01
1.250000e-01
1.250000e-01
1.250000e-01
1.250000e-01
1.250000e-01
1.250000e-01
1.250000e-01
1.250000e-01
1.250000e-01
1.250000e-01
1.250000e-01
1.250000e-01
1.250000e-01
1.250000e-01
1.250000e-01
1.250000e-01
1.250000e-01
1.250001e-01
1.250001e-01
1.250001e-01
1.250002e-01
1.250003e-01
1.250004e-01
1.250006e-01
1.250009e-01
1.250013e-01
1.250018e-01
1.250026e-01
1.250037e-01
1.250052e-01
1.250074e-01
1.250103e-01
1.250144e-01
1.250200e-01
1.250276e-01
1.250380e-01
1.250522e-01
1.250713e-01
1.250970e-01
1.251316e-01
1.251777e-01
1.252391e-01
1.253207e-01
1.254286e-01
1.255709e-01
1.257582e-01
1.260041e-01
1.263262e-01
1.267474e-01
1.272975e-01
1.280149e-01
1.289497e-01
1.301664e-01
1.317477e-01
1.337974e-01
1.364436e-01
1.398375e-01
1.441474e-01
1.495452e-01
1.561832e-01
1.641656e-01
1.735210e-01
1.841850e-01
1.960022e-01
2.087494e-01
2.221699e-01
2.360052e-01
2.500240e-01
2.640428e-01
2.779345e-01
2.916159e-01
3.050531e-01
3.182592e-01
3.312639e-01
3.441461e-01
3.569854e-01
3.698980e-01
3.830184e-01
3.965133e-01
4.105178e-01
4.252373e-01
4.407893e-01
4.573545e-01
4.750399e-01
4.939745e-01
