5.009981e-01
5.149281e-01
5.295803e-01
5.449633e-01
5.610596e-01
5.778444e-01
5.952690e-01
6.133196e-01
6.319329e-01
6.510560e-01
6.706237e-01
6.905672e-01
7.108070e-01
7.312571e-01
7.518209e-01
7.723776e-01
7.928176e-01
8.130057e-01
8.327991e-01
8.520446e-01
8.705743e-01
8.882236e-01
9.048259e-01
9.202226e-01
9.342711e-01
9.468595e-01
9.579073e-01
9.673875e-01
9.753212e-01
9.817832e-01
9.868959e-01
9.908197e-01
9.937369e-01
9.958374e-01
9.973021e-01
9.982921e-01
9.989416e-01
9.993562e-01
9.996144e-01
9.997718e-01
9.998661e-01
9.999218e-01
9.999544e-01
9.999734e-01
9.999844e-01
9.999908e-01
9.999946e-01
9.999968e-01
9.999980e-01
9.999988e-01
9.999993e-01
9.999996e-01
9.999997e-01
9.999998e-01
9.999999e-01
9.999999e-01
1.000000e+00
1.000000e+00
1.000000e+00
1.000000e+00
1.000000e+00
1.000000e+00
1.000000e+00
1.000000e+00
1.000000e+00
1.000000e+00
1.000000e+00
1.000000e+00
1.000000e+00
1.000000e+00
1.000000e+00
1.000000e+00
1.000000e+00
1.000000e+00
1.000000e+00
1.000000e+00
1.000000e+00
1.000000e+00
1.000000e+00
1.000000e+00
1.000000e+00
1.000000e+00
1.000000e+00
1.000000e+00
1.000000e+00
1.000000e+00
1.000000e+00
1.000000e+00
1.000000e+00
1.000000e+00
1.000000e+00
1.000000e+00
1.000000e+00
1.000000e+00
1.000000e+00
1.000000e+00
1.000000e+00
1.000000e+00
1.000000e+00
1.000000e+00
1.000000e+00
1.000000e+00
1.000000e+00
1.000000e+00
1.000000e+00
1.000000e+00
1.000000e+00
1.000000e+00
1.000000e+00
1.000000e+00
1.000000e+00
1.000000e+00
1.000000e+00
1.000000e+00
1.000000e+00
1.000000e+00
1.000000e+00
1.000000e+00
1.000000e+00
1.000000e+00
1.000000e+00
1.000000e+00
1.000000e+00
1.000000e+00
1.000000e+00
1.000000e+00
1.000000e+00
1.000000e+00
1.000000e+00
1.000000e+00
1.000000e+00
1.000000e+00
1.000000e+00
1.000000e+00
1.000000e+00
1.000000e+00
1.000000e+00
1.000000e+00
1.000000e+00
1.000000e+00
1.000000e+00
1.000000e+00
1.000000e+00
1.000000e+00
1.000000e+00
1.000000e+00
1.000000e+00
1.000000e+00
1.000000e+00
1.000000e+00
1.000000e+00
1.000000e+00
1.000000e+00
1.000000e+00
1.000000e+00
1.000000e+00
1.000000e+00
1.000000e+00
1.000000e+00
1.000000e+00
1.000000e+00
1.000000e+00
1.000000e+00
1.000000e+00
1.000000e+00
1.000000e+00
1.000000e+00
1.000000e+00
1.000000e+00
1.000000e+00
1.000000e+00
1.000000e+00
1.000000e+00
1.000000e+00
1.000000e+00
1.000000e+00
1.000000e+00
1.000000e+00
1.000000e+00
1.000000e+00
1.000000e+00
1.000000e+00
1.000000e+00
1.000000e+00
1.000000e+00
1.000000e+00
1.000000e+00
1.000000e+00
1.000000e+00
1.000000e+00
1.000000e+00
1.000000e+00
1.000000e+00
1.000000e+00
1.000000e+00
1.000000e+00
1.000000e+00
1.000000e+00
1.000000e+00
9.999999e-01
9.999999e-01
9.999999e-01
9.999998e-01
9.999996e-01
9.999994e-01
9.999991e-01
9.999985e-01
9.999975e-01
9.999958e-01
9.999930e-01
9.999883e-01
9.999803e-01
9.999667e-01
9.999438e-01
9.999053e-01
9.998412e-01
9.997352e-01
9.995625e-01
9.992854e-01
9.988491e-01
9.981768e-01
9.971659e-01
9.956856e-01
9.935782e-01
9.906653e-01
9.867577e-01
9.816719e-01
9.752441e-01
9.673471e-01
9.579010e-01
9.468801e-01
9.343085e-01
9.202649e-01
9.048615e-01
8.882417e-01
8.705663e-01
8.520037e-01
8.327222e-01
8.128912e-01
7.926666e-01
7.721934e-01
7.516072e-01
7.310203e-01
7.105524e-01
6.903012e-01
6.703539e-01
6.507863e-01
6.316710e-01
6.130697e-01
5.950368e-01
5.776310e-01
5.608701e-01
5.447999e-01
5.294449e-01
5.148198e-01
5.009245e-01
4.877516e-01
4.753018e-01
4.635167e-01
4.523803e-01
4.418519e-01
4.318391e-01
4.223143e-01
4.131970e-01
4.043971e-01
3.958741e-01
3.875321e-01
3.793351e-01
3.712191e-01
3.631281e-01
3.550416e-01
3.469112e-01
3.387328e-01
3.304693e-01
3.221188e-01
3.136541e-01
3.050615e-01
2.963231e-01
2.874191e-01
2.783303e-01
2.690436e-01
2.595554e-01
2.498774e-01
2.400390e-01
2.300954e-01
2.201287e-01
2.102471e-01
2.005814e-01
1.912743e-01
1.824708e-01
1.742994e-01
1.668613e-01
1.602201e-01
1.543985e-01
1.493799e-01
1.451160e-01
1.415364e-01
1.385597e-01
1.361016e-01
1.340816e-01
1.324270e-01
1.310740e-01
1.299682e-01
1.290651e-01
1.283269e-01
1.277229e-01
1.272290e-01
1.268247e-01
1.264930e-01
1.262216e-01
1.259992e-01
1.258163e-01
1.256667e-01
1.255443e-01
1.254434e-01
1.253611e-01
1.252940e-01
1.252387e-01
1.251936e-01
1.251571e-01
1.251270e-01
1.251025e-01
1.250829e-01
1.250666e-01
1.250535e-01
1.250431e-01
1.250345e-01
1.250275e-01
1.250220e-01
1.250175e-01
1.250139e-01
1.250111e-01
1.250088e-01
1.250069e-01
1.250055e-01
1.250043e-01
1.250034e-01
1.250027e-01
1.250021e-01
1.250016e-01
1.250013e-01
1.250010e-01
1.250008e-01
1.250006e-01
1.250005e-01
1.250004e-01
1.250003e-01
1.250002e-01
1.250002e-01
1.250001e-01
1.250001e-01
1.250001e-01
1.250001e-01
1.250000e-01
1.250000e-01
1.250000e-01
1.250000e-01
1.250000e-01
1.250000e-01
1.250000e-01
1.250000e-01
1.250000e-01
1.250000e-01
1.250000e-01
1.250000e-01
1.250000e-01
1.250000e-01
1.250000e-01
1.250000e-01
1.250000e-01
1.250000e-01
1.250000e-01
1.250000e-01
1.250000e-01
1.250000e-01
1.250000e-01
1.250000e-01
1.250000e-01
1.250000e-01
1.250000e-01
1.250000e-01
1.250000e-01
1.250000e-01
1.250000e-01
1.250000e-01
1.250000e-01
1.250000e-01
1.250000e-01
1.250000e-01
1.250000e-01
1.250000e-01
1.250000e-01
1.250000e-01
1.250000e-01
1.250000e-01
1.250000e-01
1.250000e-01
1.250000e-01
1.250000e-01
1.250000e-01
1.250000e-01
1.250000e-01
1.250000e-01
1.250000e-01
1.250000e-01
1.250000e-01
1.250000e-01
1.250000e-01
1.250000e-01
1.250000e-01
1.250000e-01
1.250000e-01
1.250000e-01
1.250000e-01
1.250000e-01
1.250001e-01
1.250001e-01
1.250001e-01
1.250001e-01
1.250002e-01
1.250002e-01
1.250003e-01
1.250004e-01
1.250005e-01
1.250006e-01
1.250008e-01
1.250010e-01
1.250013e-01
1.250016e-01
1.250021e-01
1.250027e-01
1.250034e-01
1.250044e-01
1.250055e-01
1.250070e-01
1.250088e-01
1.250111e-01
1.250140e-01
1.250176e-01
1.250221e-01
1.250277e-01
1.250346e-01
1.250432e-01
1.250538e-01
1.250669e-01
1.250830e-01
1.251029e-01
1.251274e-01
1.251575e-01
1.251943e-01
1.252395e-01
1.252948e-01
1.253624e-01
1.254450e-01
1.255458e-01
1.256689e-01
1.258191e-01
1.260022e-01
1.262256e-01
1.264978e-01
1.268300e-01
1.272354e-01
1.277302e-01
1.283346e-01
1.290733e-01
1.299764e-01
1.310808e-01
1.324311e-01
1.340807e-01
1.360924e-01
1.385380e-01
1.414972e-01
1.450538e-01
1.492895e-01
1.542758e-01
1.600635e-01
1.666724e-01
1.740835e-01
1.822357e-01
1.910294e-01
2.003355e-01
2.100087e-01
2.199052e-01
2.298911e-01
2.398552e-01
2.497134e-01
2.594093e-01
2.689125e-01
2.782104e-01
2.873076e-01
2.962168e-01
3.049578e-01
3.135514e-01
3.220135e-01
3.303617e-01
3.386229e-01
3.467953e-01
3.549224e-01
3.630045e-01
3.710942e-01
3.792096e-01
3.874053e-01
3.957518e-01
4.042787e-01
4.130917e-01
4.222234e-01
4.317643e-01
4.417991e-01
4.523489e-01
4.635133e-01
4.753259e-01
4.878031e-01
