5.094475e-01
5.280288e-01
5.476256e-01
5.683107e-01
5.899782e-01
6.125259e-01
6.359150e-01
6.600119e-01
6.846596e-01
7.097386e-01
7.350553e-01
7.604317e-01
7.856303e-01
8.104313e-01
8.345685e-01
8.577730e-01
8.797501e-01
9.002273e-01
9.189394e-01
9.356659e-01
9.502373e-01
9.625765e-01
9.726968e-01
9.807111e-01
9.868224e-01
9.912991e-01
9.944464e-01
9.965688e-01
9.979432e-01
9.987994e-01
9.993146e-01
9.996153e-01
9.997865e-01
9.998822e-01
9.999351e-01
9.999641e-01
9.999800e-01
9.999888e-01
9.999937e-01
9.999964e-01
9.999979e-01
9.999988e-01
9.999993e-01
9.999996e-01
9.999997e-01
9.999998e-01
9.999999e-01
9.999999e-01
1.000000e+00
1.000000e+00
1.000000e+00
1.000000e+00
1.000000e+00
1.000000e+00
1.000000e+00
1.000000e+00
1.000000e+00
1.000000e+00
1.000000e+00
1.000000e+00
1.000000e+00
1.000000e+00
1.000000e+00
1.000000e+00
1.000000e+00
1.000000e+00
1.000000e+00
1.000000e+00
1.000000e+00
1.000000e+00
1.000000e+00
1.000000e+00
1.000000e+00
1.000000e+00
1.000000e+00
1.000000e+00
1.000000e+00
1.000000e+00
1.000000e+00
1.000000e+00
1.000000e+00
1.000000e+00
1.000000e+00
1.000000e+00
1.000000e+00
1.000000e+00
1.000000e+00
1.000000e+00
1.000000e+00
1.000000e+00
1.000000e+00
1.000000e+00
1.000000e+00
1.000000e+00
1.000000e+00
1.000000e+00
1.000000e+00
1.000000e+00
1.000000e+00
1.000000e+00
1.000000e+00
1.000000e+00
1.000000e+00
1.000000e+00
1.000000e+00
1.000000e+00
1.000000e+00
1.000000e+00
1.000000e+00
1.000000e+00
1.000000e+00
1.000000e+00
1.000000e+00
1.000000e+00
1.000000e+00
1.000000e+00
1.000000e+00
1.000000e+00
1.000000e+00
1.000000e+00
1.000000e+00
1.000000e+00
1.000000e+00
1.000000e+00
1.000000e+00
1.000000e+00
1.000000e+00
1.000000e+00
1.000000e+00
1.000000e+00
1.000000e+00
1.000000e+00
1.000000e+00
1.000000e+00
1.000000e+00
1.000000e+00
1.000000e+00
1.000000e+00
1.000000e+00
1.000000e+00
1.000000e+00
1.000000e+00
1.000000e+00
1.000000e+00
1.000000e+00
1.000000e+00
1.000000e+00
1.000000e+00
1.000000e+00
1.000000e+00
1.000000e+00
1.000000e+00
1.000000e+00
1.000000e+00
1.000000e+00
1.000000e+00
1.000000e+00
1.000000e+00
1.000000e+00
1.000000e+00
1.000000e+00
1.000000e+00
1.000000e+00
1.000000e+00
1.000000e+00
1.000000e+00
1.000000e+00
1.000000e+00
1.000000e+00
1.000000e+00
1.000000e+00
1.000000e+00
1.000000e+00
1.000000e+00
1.000000e+00
1.000000e+00
1.000000e+00
1.000000e+00
1.000000e+00
1.000000e+00
1.000000e+00
1.000000e+00
1.000000e+00
1.000000e+00
1.000000e+00
1.000000e+00
1.000000e+00
1.000000e+00
1.000000e+00
1.000000e+00
1.000000e+00
1.000000e+00
1.000000e+00
1.000000e+00
1.000000e+00
1.000000e+00
1.000000e+00
1.000000e+00
1.000000e+00
1.000000e+00
1.000000e+00
1.000000e+00
1.000000e+00
1.000000e+00
1.000000e+00
1.000000e+00
1.000000e+00
1.000000e+00
9.999999e-01
9.999999e-01
9.999998e-01
9.999997e-01
9.999994e-01
9.999991e-01
9.999984e-01
9.999972e-01
9.999952e-01
9.999917e-01
9.999854e-01
9.999742e-01
9.999543e-01
9.999188e-01
9.998561e-01
9.997458e-01
9.995545e-01
9.992282e-01
9.986834e-01
9.977969e-01
9.963975e-01
9.942614e-01
9.911174e-01
9.866629e-01
9.805908e-01
9.726259e-01
9.625557e-01
9.502577e-01
9.357115e-01
9.189906e-01
9.002640e-01
8.797552e-01
8.577335e-01
8.344761e-01
8.102841e-01
7.854316e-01
7.601876e-01
7.347750e-01
7.094330e-01
6.843430e-01
6.596935e-01
6.356072e-01
6.122388e-01
5.897185e-01
5.680841e-01
5.474422e-01
5.278837e-01
5.093571e-01
4.919069e-01
4.755245e-01
4.601336e-01
4.457057e-01
4.320801e-01
4.192235e-01
4.069481e-01
3.951969e-01
3.837943e-01
3.726691e-01
3.616921e-01
3.507805e-01
3.398532e-01
3.288365e-01
3.176835e-01
3.063424e-01
2.947881e-01
2.830021e-01
2.709874e-01
2.587730e-01
2.464174e-01
2.340170e-01
2.217073e-01
2.096624e-01
1.980823e-01
1.871744e-01
1.771350e-01
1.681166e-01
1.602116e-01
1.534441e-01
1.477739e-01
1.431100e-01
1.393306e-01
1.363024e-01
1.338952e-01
1.319916e-01
1.304907e-01
1.293095e-01
1.283802e-01
1.276494e-01
1.270751e-01
1.266231e-01
1.262684e-01
1.259893e-01
1.257704e-01
1.255990e-01
1.254643e-01
1.253595e-01
1.252774e-01
1.252136e-01
1.251640e-01
1.251255e-01
1.250959e-01
1.250729e-01
1.250554e-01
1.250419e-01
1.250316e-01
1.250238e-01
1.250178e-01
1.250133e-01
1.250099e-01
1.250073e-01
1.250054e-01
1.250040e-01
1.250029e-01
1.250021e-01
1.250016e-01
1.250011e-01
1.250008e-01
1.250006e-01
1.250004e-01
1.250003e-01
1.250002e-01
1.250002e-01
1.250001e-01
1.250001e-01
1.250001e-01
1.250000e-01
1.250000e-01
1.250000e-01
1.250000e-01
1.250000e-01
1.250000e-01
1.250000e-01
1.250000e-01
1.250000e-01
1.250000e-01
1.250000e-01
1.250000e-01
1.250000e-01
1.250000e-01
1.250000e-01
1.250000e-01
1.250000e-01
1.250000e-01
1.250000e-01
1.250000e-01
1.250000e-01
1.250000e-01
1.250000e-01
1.250000e-01
1.250000e-01
1.250000e-01
1.250000e-01
1.250000e-01
1.250000e-01
1.250000e-01
1.250000e-01
1.250000e-01
1.250000e-01
1.250000e-01
1.250000e-01
1.250000e-01
1.250000e-01
1.250000e-01
1.250000e-01
1.250000e-01
1.250000e-01
1.250000e-01
1.250000e-01
1.250000e-01
1.250000e-01
1.250000e-01
1.250000e-01
1.250000e-01
1.250000e-01
1.250000e-01
1.250000e-01
1.250000e-01
1.250000e-01
1.250000e-01
1.250000e-01
1.250000e-01
1.250000e-01
1.250000e-01
1.250000e-01
1.250000e-01
1.250000e-01
1.250000e-01
1.250000e-01
1.250000e-01
1.250000e-01
1.250000e-01
1.250000e-01
1.250000e-01
1.250000e-01
1.250000e-01
1.250000e-01
1.250000e-01
1.250000e-01
1.250000e-01
1.250000e-01
1.250000e-01
1.250000e-01
1.250000e-01
1.250000e-01
1.250000e-01
1.250000e-01
1.250000e-01
1.250000e-01
1.250000e-01
1.250000e-01
1.250000e-01
1.250000e-01
1.250000e-01
1.250000e-01
1.250000e-01
1.250000e-01
1.250000e-01
1.250000e-01
1.250000e-01
1.250000e-01
1.250000e-01
1.250000e-01
1.250000e-01
1.250000e-01
1.250000e-01
1.250000e-01
1.250000e-01
1.250001e-01
1.250001e-01
1.250001e-01
1.250002e-01
1.250002e-01
1.250003e-01
1.250004e-01
1.250006e-01
1.250009e-01
1.250012e-01
1.250016e-01
1.250022e-01
1.250030e-01
1.250041e-01
1.250055e-01
1.250075e-01
1.250101e-01
1.250135e-01
1.250180e-01
1.250241e-01
1.250320e-01
1.250423e-01
1.250559e-01
1.250736e-01
1.250966e-01
1.251264e-01
1.251650e-01
1.252149e-01
1.252790e-01
1.253613e-01
1.254668e-01
1.256018e-01
1.257742e-01
1.259941e-01
1.262741e-01
1.266304e-01
1.270836e-01
1.276596e-01
1.283914e-01
1.293212e-01
1.305018e-01
1.319996e-01
1.338966e-01
1.362918e-01
1.393010e-01
1.430530e-01
1.476812e-01
1.533091e-01
1.600315e-01
1.678947e-01
1.768799e-01
1.868982e-01
1.977974e-01
2.093827e-01
2.214440e-01
2.337767e-01
2.462025e-01
2.585818e-01
2.708175e-01
2.828489e-01
2.946453e-01
3.062065e-01
3.175519e-01
3.287058e-01
3.397181e-01
3.506403e-01
3.615506e-01
3.725224e-01
3.836477e-01
3.950556e-01
4.068151e-01
4.191080e-01
4.319845e-01
4.456428e-01
4.601045e-01
4.755405e-01
4.919653e-01
