4.998163e-01
5.131696e-01
5.272106e-01
5.419369e-01
5.573408e-01
5.733996e-01
5.900836e-01
6.073620e-01
6.251869e-01
6.435166e-01
6.623021e-01
6.814614e-01
7.009469e-01
7.206764e-01
7.405628e-01
7.605207e-01
7.804326e-01
8.001960e-01
8.196828e-01
8.387578e-01
8.572796e-01
8.750887e-01
8.920352e-01
9.079642e-01
9.227301e-01
9.362034e-01
9.482827e-01
9.588965e-01
9.680218e-01
9.756803e-01
9.819420e-01
9.869207e-01
9.907651e-01
9.936442e-01
9.957350e-01
9.972070e-01
9.982126e-01
9.988800e-01
9.993111e-01
9.995829e-01
9.997506e-01
9.998522e-01
9.999130e-01
9.999489e-01
9.999700e-01
9.999823e-01
9.999895e-01
9.999938e-01
9.999963e-01
9.999977e-01
9.999986e-01
9.999992e-01
9.999995e-01
9.999997e-01
9.999998e-01
9.999999e-01
9.999999e-01
9.999999e-01
1.000000e+00
1.000000e+00
1.000000e+00
1.000000e+00
1.000000e+00
1.000000e+00
1.000000e+00
1.000000e+00
1.000000e+00
1.000000e+00
1.000000e+00
1.000000e+00
1.000000e+00
1.000000e+00
1.000000e+00
1.000000e+00
1.000000e+00
1.000000e+00
1.000000e+00
1.000000e+00
1.000000e+00
1.000000e+00
1.000000e+00
1.000000e+00
1.000000e+00
1.000000e+00
1.000000e+00
1.000000e+00
1.000000e+00
1.000000e+00
1.000000e+00
1.000000e+00
1.000000e+00
1.000000e+00
1.000000e+00
1.000000e+00
1.000000e+00
1.000000e+00
1.000000e+00
1.000000e+00
1.000000e+00
1.000000e+00
1.000000e+00
1.000000e+00
1.000000e+00
1.000000e+00
1.000000e+00
1.000000e+00
1.000000e+00
1.000000e+00
1.000000e+00
1.000000e+00
1.000000e+00
1.000000e+00
1.000000e+00
1.000000e+00
1.000000e+00
1.000000e+00
1.000000e+00
1.000000e+00
1.000000e+00
1.000000e+00
1.000000e+00
1.000000e+00
1.000000e+00
1.000000e+00
1.000000e+00
1.000000e+00
1.000000e+00
1.000000e+00
1.000000e+00
1.000000e+00
1.000000e+00
1.000000e+00
1.000000e+00
1.000000e+00
1.000000e+00
1.000000e+00
1.000000e+00
1.000000e+00
1.000000e+00
1.000000e+00
1.000000e+00
1.000000e+00
1.000000e+00
1.000000e+00
1.000000e+00
1.000000e+00
1.000000e+00
1.000000e+00
1.000000e+00
1.000000e+00
1.000000e+00
1.000000e+00
1.000000e+00
1.000000e+00
1.000000e+00
1.000000e+00
1.000000e+00
1.000000e+00
1.000000e+00
1.000000e+00
1.000000e+00
1.000000e+00
1.000000e+00
1.000000e+00
1.000000e+00
1.000000e+00
1.000000e+00
1.000000e+00
1.000000e+00
1.000000e+00
1.000000e+00
1.000000e+00
1.000000e+00
1.000000e+00
1.000000e+00
1.000000e+00
1.000000e+00
1.000000e+00
1.000000e+00
1.000000e+00
1.000000e+00
1.000000e+00
1.000000e+00
1.000000e+00
1.000000e+00
1.000000e+00
1.000000e+00
1.000000e+00
1.000000e+00
1.000000e+00
1.000000e+00
1.000000e+00
1.000000e+00
1.000000e+00
1.000000e+00
1.000000e+00
1.000000e+00
1.000000e+00
9.999999e-01
9.999999e-01
9.999998e-01
9.999997e-01
9.999996e-01
9.999993e-01
9.999989e-01
9.999982e-01
9.999971e-01
9.999952e-01
9.999920e-01
9.999867e-01
9.999777e-01
9.999626e-01
9.999374e-01
9.998954e-01
9.998260e-01
9.997125e-01
9.995296e-01
9.992392e-01
9.987870e-01
9.980980e-01
9.970727e-01
9.955861e-01
9.934891e-01
9.906142e-01
9.867853e-01
9.818320e-01
9.756026e-01
9.679791e-01
9.588867e-01
9.482995e-01
9.362377e-01
9.227711e-01
9.080009e-01
8.920575e-01
8.750882e-01
8.572496e-01
8.386945e-01
8.195840e-01
8.000623e-01
7.802662e-01
7.603250e-01
7.403423e-01
7.204361e-01
7.006932e-01
6.812001e-01
6.620384e-01
6.432564e-01
6.249346e-01
6.071220e-01
5.898617e-01
5.731965e-01
5.571601e-01
5.417808e-01
5.270810e-01
5.130662e-01
4.997452e-01
4.871085e-01
4.751570e-01
4.638332e-01
4.531211e-01
4.429897e-01
4.333507e-01
4.241736e-01
4.153982e-01
4.069269e-01
3.987233e-01
3.907155e-01
3.828340e-01
3.750468e-01
3.672909e-01
3.595411e-01
3.517721e-01
3.439479e-01
3.360665e-01
3.281032e-01
3.200555e-01
3.119025e-01
3.036282e-01
2.952190e-01
2.866533e-01
2.779111e-01
2.689774e-01
2.598446e-01
2.505194e-01
2.410241e-01
2.314050e-01
2.217337e-01
2.121067e-01
2.026443e-01
1.934794e-01
1.847516e-01
1.765891e-01
1.690974e-01
1.623500e-01
1.563820e-01
1.511914e-01
1.467430e-01
1.429782e-01
1.398238e-01
1.372011e-01
1.350322e-01
1.332454e-01
1.317768e-01
1.305707e-01
1.295806e-01
1.287680e-01
1.281004e-01
1.275514e-01
1.271003e-01
1.267288e-01
1.264226e-01
1.261706e-01
1.259631e-01
1.257914e-01
1.256502e-01
1.255341e-01
1.254379e-01
1.253588e-01
1.252941e-01
1.252404e-01
1.251962e-01
1.251604e-01
1.251306e-01
1.251061e-01
1.250864e-01
1.250701e-01
1.250567e-01
1.250459e-01
1.250372e-01
1.250299e-01
1.250241e-01
1.250194e-01
1.250155e-01
1.250124e-01
1.250100e-01
1.250079e-01
1.250063e-01
1.250050e-01
1.250040e-01
1.250031e-01
1.250025e-01
1.250020e-01
1.250015e-01
1.250012e-01
1.250010e-01
1.250007e-01
1.250006e-01
1.250005e-01
1.250004e-01
1.250003e-01
1.250002e-01
1.250002e-01
1.250001e-01
1.250001e-01
1.250001e-01
1.250001e-01
1.250000e-01
1.250000e-01
1.250000e-01
1.250000e-01
1.250000e-01
1.250000e-01
1.250000e-01
1.250000e-01
1.250000e-01
1.250000e-01
1.250000e-01
1.250000e-01
1.250000e-01
1.250000e-01
1.250000e-01
1.250000e-01
1.250000e-01
1.250000e-01
1.250000e-01
1.250000e-01
1.250000e-01
1.250000e-01
1.250000e-01
1.250000e-01
1.250000e-01
1.250000e-01
1.250000e-01
1.250000e-01
1.250000e-01
1.250000e-01
1.250000e-01
1.250000e-01
1.250000e-01
1.250000e-01
1.250000e-01
1.250000e-01
1.250000e-01
1.250000e-01
1.250000e-01
1.250000e-01
1.250000e-01
1.250000e-01
1.250000e-01
1.250000e-01
1.250000e-01
1.250000e-01
1.250000e-01
1.250000e-01
1.250000e-01
1.250000e-01
1.250000e-01
1.250000e-01
1.250000e-01
1.250000e-01
1.250000e-01
1.250000e-01
1.250001e-01
1.250001e-01
1.250001e-01
1.250001e-01
1.250002e-01
1.250002e-01
1.250003e-01
1.250004e-01
1.250005e-01
1.250006e-01
1.250008e-01
1.250010e-01
1.250012e-01
1.250016e-01
1.250020e-01
1.250025e-01
1.250032e-01
1.250040e-01
1.250051e-01
1.250064e-01
1.250080e-01
1.250100e-01
1.250125e-01
1.250156e-01
1.250195e-01
1.250242e-01
1.250300e-01
1.250372e-01
1.250461e-01
1.250570e-01
1.250703e-01
1.250866e-01
1.251066e-01
1.251310e-01
1.251607e-01
1.251970e-01
1.252411e-01
1.252948e-01
1.253601e-01
1.254393e-01
1.255356e-01
1.256524e-01
1.257940e-01
1.259658e-01
1.261743e-01
1.264270e-01
1.267337e-01
1.271061e-01
1.275582e-01
1.281076e-01
1.287757e-01
1.295886e-01
1.305777e-01
1.317819e-01
1.332471e-01
1.350275e-01
1.371867e-01
1.397955e-01
1.429309e-01
1.466715e-01
1.510911e-01
1.562499e-01
1.621853e-01
1.689030e-01
1.763706e-01
1.845173e-01
1.932381e-01
2.024042e-01
2.118759e-01
2.215186e-01
2.312091e-01
2.408482e-01
2.503624e-01
2.597048e-01
2.688519e-01
2.777961e-01
2.865460e-01
2.951170e-01
3.035287e-01
3.118029e-01
3.199541e-01
3.280010e-01
3.359592e-01
3.438370e-01
3.516566e-01
3.594241e-01
3.671685e-01
3.749245e-01
3.827079e-01
3.905926e-01
3.986061e-01
4.068160e-01
4.152997e-01
4.240875e-01
4.332827e-01
4.429412e-01
4.530938e-01
4.638327e-01
4.751821e-01
4.871594e-01
