5.044991e-01
5.202512e-01
5.368403e-01
5.542921e-01
5.725558e-01
5.916128e-01
6.113897e-01
6.318422e-01
6.528890e-01
6.744361e-01
6.963980e-01
7.186635e-01
7.411056e-01
7.635925e-01
7.859643e-01
8.080610e-01
8.296992e-01
8.506867e-01
8.708085e-01
8.898611e-01
9.076374e-01
9.239458e-01
9.386249e-01
9.515503e-01
9.626596e-01
9.719536e-01
9.795024e-01
9.854414e-01
9.899586e-01
9.932754e-01
9.956255e-01
9.972322e-01
9.982932e-01
9.989713e-01
9.993919e-01
9.996460e-01
9.997962e-01
9.998835e-01
9.999336e-01
9.999621e-01
9.999783e-01
9.999875e-01
9.999927e-01
9.999958e-01
9.999975e-01
9.999985e-01
9.999991e-01
9.999995e-01
9.999997e-01
9.999998e-01
9.999999e-01
9.999999e-01
9.999999e-01
1.000000e+00
1.000000e+00
1.000000e+00
1.000000e+00
1.000000e+00
1.000000e+00
1.000000e+00
1.000000e+00
1.000000e+00
1.000000e+00
1.000000e+00
1.000000e+00
1.000000e+00
1.000000e+00
1.000000e+00
1.000000e+00
1.000000e+00
1.000000e+00
1.000000e+00
1.000000e+00
1.000000e+00
1.000000e+00
1.000000e+00
1.000000e+00
1.000000e+00
1.000000e+00
1.000000e+00
1.000000e+00
1.000000e+00
1.000000e+00
1.000000e+00
1.000000e+00
1.000000e+00
1.000000e+00
1.000000e+00
1.000000e+00
1.000000e+00
1.000000e+00
1.000000e+00
1.000000e+00
1.000000e+00
1.000000e+00
1.000000e+00
1.000000e+00
1.000000e+00
1.000000e+00
1.000000e+00
1.000000e+00
1.000000e+00
1.000000e+00
1.000000e+00
1.000000e+00
1.000000e+00
1.000000e+00
1.000000e+00
1.000000e+00
1.000000e+00
1.000000e+00
1.000000e+00
1.000000e+00
1.000000e+00
1.000000e+00
1.000000e+00
1.000000e+00
1.000000e+00
1.000000e+00
1.000000e+00
1.000000e+00
1.000000e+00
1.000000e+00
1.000000e+00
1.000000e+00
1.000000e+00
1.000000e+00
1.000000e+00
1.000000e+00
1.000000e+00
1.000000e+00
1.000000e+00
1.000000e+00
1.000000e+00
1.000000e+00
1.000000e+00
1.000000e+00
1.000000e+00
1.000000e+00
1.000000e+00
1.000000e+00
1.000000e+00
1.000000e+00
1.000000e+00
1.000000e+00
1.000000e+00
1.000000e+00
1.000000e+00
1.000000e+00
1.000000e+00
1.000000e+00
1.000000e+00
1.000000e+00
1.000000e+00
1.000000e+00
1.000000e+00
1.000000e+00
1.000000e+00
1.000000e+00
1.000000e+00
1.000000e+00
1.000000e+00
1.000000e+00
1.000000e+00
1.000000e+00
1.000000e+00
1.000000e+00
1.000000e+00
1.000000e+00
1.000000e+00
1.000000e+00
1.000000e+00
1.000000e+00
1.000000e+00
1.000000e+00
1.000000e+00
1.000000e+00
1.000000e+00
1.000000e+00
1.000000e+00
1.000000e+00
1.000000e+00
1.000000e+00
1.000000e+00
1.000000e+00
1.000000e+00
1.000000e+00
1.000000e+00
1.000000e+00
1.000000e+00
1.000000e+00
1.000000e+00
1.000000e+00
1.000000e+00
1.000000e+00
1.000000e+00
1.000000e+00
1.000000e+00
1.000000e+00
1.000000e+00
1.000000e+00
1.000000e+00
1.000000e+00
9.999999e-01
9.999999e-01
9.999998e-01
9.999997e-01
9.999996e-01
9.999993e-01
9.999988e-01
9.999981e-01
9.999967e-01
9.999945e-01
9.999906e-01
9.999840e-01
9.999724e-01
9.999525e-01
9.999183e-01
9.998597e-01
9.997602e-01
9.995935e-01
9.993185e-01
9.988734e-01
9.981696e-01
9.970850e-01
9.954615e-01
9.931056e-01
9.897970e-01
9.853023e-01
9.793980e-01
9.718906e-01
9.626380e-01
9.515637e-01
9.386618e-01
9.239921e-01
9.076780e-01
8.898823e-01
8.707991e-01
8.506384e-01
8.296080e-01
8.079255e-01
7.857868e-01
7.633782e-01
7.408593e-01
7.183944e-01
6.961140e-01
6.741460e-01
6.525990e-01
6.315621e-01
6.111255e-01
5.913701e-01
5.723382e-01
5.541032e-01
5.366859e-01
5.201295e-01
5.044194e-01
4.895656e-01
4.755668e-01
4.623486e-01
4.499083e-01
4.381421e-01
4.269833e-01
4.163811e-01
4.062012e-01
3.964000e-01
3.868525e-01
3.775101e-01
3.682807e-01
3.591071e-01
3.499363e-01
3.407246e-01
3.314264e-01
3.220234e-01
3.124793e-01
3.027677e-01
2.928726e-01
2.827732e-01
2.724609e-01
2.619378e-01
2.512288e-01
2.403793e-01
2.294652e-01
2.185941e-01
2.079039e-01
1.975536e-01
1.877117e-01
1.785396e-01
1.701704e-01
1.626958e-01
1.561577e-01
1.505481e-01
1.458165e-01
1.418816e-01
1.386461e-01
1.360076e-01
1.338684e-01
1.321407e-01
1.307480e-01
1.296266e-01
1.287240e-01
1.279970e-01
1.274116e-01
1.269401e-01
1.265596e-01
1.262533e-01
1.260062e-01
1.258067e-01
1.256465e-01
1.255172e-01
1.254130e-01
1.253298e-01
1.252624e-01
1.252086e-01
1.251657e-01
1.251310e-01
1.251036e-01
1.250818e-01
1.250643e-01
1.250505e-01
1.250396e-01
1.250309e-01
1.250242e-01
1.250188e-01
1.250146e-01
1.250113e-01
1.250087e-01
1.250067e-01
1.250052e-01
1.250039e-01
1.250030e-01
1.250023e-01
1.250017e-01
1.250013e-01
1.250010e-01
1.250008e-01
1.250006e-01
1.250004e-01
1.250003e-01
1.250002e-01
1.250002e-01
1.250001e-01
1.250001e-01
1.250001e-01
1.250001e-01
1.250000e-01
1.250000e-01
1.250000e-01
1.250000e-01
1.250000e-01
1.250000e-01
1.250000e-01
1.250000e-01
1.250000e-01
1.250000e-01
1.250000e-01
1.250000e-01
1.250000e-01
1.250000e-01
1.250000e-01
1.250000e-01
1.250000e-01
1.250000e-01
1.250000e-01
1.250000e-01
1.250000e-01
1.250000e-01
1.250000e-01
1.250000e-01
1.250000e-01
1.250000e-01
1.250000e-01
1.250000e-01
1.250000e-01
1.250000e-01
1.250000e-01
1.250000e-01
1.250000e-01
1.250000e-01
1.250000e-01
1.250000e-01
1.250000e-01
1.250000e-01
1.250000e-01
1.250000e-01
1.250000e-01
1.250000e-01
1.250000e-01
1.250000e-01
1.250000e-01
1.250000e-01
1.250000e-01
1.250000e-01
1.250000e-01
1.250000e-01
1.250000e-01
1.250000e-01
1.250000e-01
1.250000e-01
1.250000e-01
1.250000e-01
1.250000e-01
1.250000e-01
1.250000e-01
1.250000e-01
1.250000e-01
1.250000e-01
1.250000e-01
1.250000e-01
1.250000e-01
1.250000e-01
1.250000e-01
1.250000e-01
1.250000e-01
1.250000e-01
1.250000e-01
1.250000e-01
1.250000e-01
1.250000e-01
1.250000e-01
1.250000e-01
1.250000e-01
1.250000e-01
1.250000e-01
1.250000e-01
1.250001e-01
1.250001e-01
1.250001e-01
1.250001e-01
1.250002e-01
1.250002e-01
1.250003e-01
1.250004e-01
1.250006e-01
1.250008e-01
1.250010e-01
1.250014e-01
1.250018e-01
1.250024e-01
1.250031e-01
1.250040e-01
1.250052e-01
1.250068e-01
1.250088e-01
1.250114e-01
1.250147e-01
1.250189e-01
1.250243e-01
1.250312e-01
1.250398e-01
1.250508e-01
1.250647e-01
1.250821e-01
1.251041e-01
1.251317e-01
1.251663e-01
1.252095e-01
1.252635e-01
1.253309e-01
1.254148e-01
1.255191e-01
1.256489e-01
1.258100e-01
1.260098e-01
1.262578e-01
1.265653e-01
1.269466e-01
1.274194e-01
1.280058e-01
1.287333e-01
1.296362e-01
1.307566e-01
1.321465e-01
1.338689e-01
1.359987e-01
1.386228e-01
1.418378e-01
1.457454e-01
1.504438e-01
1.560161e-01
1.625163e-01
1.699568e-01
1.782997e-01
1.874558e-01
1.972921e-01
2.076471e-01
2.183511e-01
2.292422e-01
2.401785e-01
2.510498e-01
2.617779e-01
2.723171e-01
2.826425e-01
2.927505e-01
3.026508e-01
3.123643e-01
3.219079e-01
3.313087e-01
3.406039e-01
3.498092e-01
3.589789e-01
3.681462e-01
3.773775e-01
3.867166e-01
3.962722e-01
4.060779e-01
4.162721e-01
4.268883e-01
4.380714e-01
4.498668e-01
4.623346e-01
4.755895e-01
4.896192e-01
