5.061003e-01
5.227342e-01
5.402634e-01
5.587258e-01
5.780528e-01
5.981998e-01
6.191140e-01
6.407123e-01
6.629199e-01
6.856008e-01
7.086655e-01
7.319697e-01
7.553763e-01
7.786983e-01
8.017705e-01
8.243897e-01
8.463435e-01
8.673976e-01
8.873246e-01
9.058967e-01
9.229016e-01
9.381621e-01
9.515420e-01
9.629771e-01
9.724741e-01
9.801177e-01
9.860657e-01
9.905307e-01
9.937608e-01
9.960112e-01
9.975216e-01
9.984997e-01
9.991121e-01
9.994843e-01
9.997047e-01
9.998325e-01
9.999054e-01
9.999466e-01
9.999698e-01
9.999828e-01
9.999902e-01
9.999943e-01
9.999967e-01
9.999980e-01
9.999988e-01
9.999993e-01
9.999996e-01
9.999997e-01
9.999998e-01
9.999999e-01
9.999999e-01
1.000000e+00
1.000000e+00
1.000000e+00
1.000000e+00
1.000000e+00
1.000000e+00
1.000000e+00
1.000000e+00
1.000000e+00
1.000000e+00
1.000000e+00
1.000000e+00
1.000000e+00
1.000000e+00
1.000000e+00
1.000000e+00
1.000000e+00
1.000000e+00
1.000000e+00
1.000000e+00
1.000000e+00
1.000000e+00
1.000000e+00
1.000000e+00
1.000000e+00
1.000000e+00
1.000000e+00
1.000000e+00
1.000000e+00
1.000000e+00
1.000000e+00
1.000000e+00
1.000000e+00
1.000000e+00
1.000000e+00
1.000000e+00
1.000000e+00
1.000000e+00
1.000000e+00
1.000000e+00
1.000000e+00
1.000000e+00
1.000000e+00
1.000000e+00
1.000000e+00
1.000000e+00
1.000000e+00
1.000000e+00
1.000000e+00
1.000000e+00
1.000000e+00
1.000000e+00
1.000000e+00
1.000000e+00
1.000000e+00
1.000000e+00
1.000000e+00
1.000000e+00
1.000000e+00
1.000000e+00
1.000000e+00
1.000000e+00
1.000000e+00
1.000000e+00
1.000000e+00
1.000000e+00
1.000000e+00
1.000000e+00
1.000000e+00
1.000000e+00
1.000000e+00
1.000000e+00
1.000000e+00
1.000000e+00
1.000000e+00
1.000000e+00
1.000000e+00
1.000000e+00
1.000000e+00
1.000000e+00
1.000000e+00
1.000000e+00
1.000000e+00
1.000000e+00
1.000000e+00
1.000000e+00
1.000000e+00
1.000000e+00
1.000000e+00
1.000000e+00
1.000000e+00
1.000000e+00
1.000000e+00
1.000000e+00
1.000000e+00
1.000000e+00
1.000000e+00
1.000000e+00
1.000000e+00
1.000000e+00
1.000000e+00
1.000000e+00
1.000000e+00
1.000000e+00
1.000000e+00
1.000000e+00
1.000000e+00
1.000000e+00
1.000000e+00
1.000000e+00
1.000000e+00
1.000000e+00
1.000000e+00
1.000000e+00
1.000000e+00
1.000000e+00
1.000000e+00
1.000000e+00
1.000000e+00
1.000000e+00
1.000000e+00
1.000000e+00
1.000000e+00
1.000000e+00
1.000000e+00
1.000000e+00
1.000000e+00
1.000000e+00
1.000000e+00
1.000000e+00
1.000000e+00
1.000000e+00
1.000000e+00
1.000000e+00
1.000000e+00
1.000000e+00
1.000000e+00
1.000000e+00
1.000000e+00
1.000000e+00
1.000000e+00
1.000000e+00
1.000000e+00
1.000000e+00
1.000000e+00
1.000000e+00
1.000000e+00
1.000000e+00
1.000000e+00
1.000000e+00
1.000000e+00
1.000000e+00
1.000000e+00
1.000000e+00
9.999999e-01
9.999999e-01
9.999998e-01
9.999997e-01
9.999995e-01
9.999991e-01
9.999985e-01
9.999975e-01
9.999957e-01
9.999926e-01
9.999873e-01
9.999780e-01
9.999618e-01
9.999336e-01
9.998846e-01
9.998003e-01
9.996567e-01
9.994157e-01
9.990186e-01
9.983790e-01
9.973750e-01
9.958449e-01
9.935859e-01
9.903621e-01
9.859192e-01
9.800071e-01
9.724071e-01
9.629544e-01
9.515566e-01
9.382013e-01
9.229498e-01
9.059371e-01
8.873424e-01
8.673810e-01
8.462836e-01
8.242833e-01
8.016168e-01
7.785010e-01
7.551411e-01
7.317047e-01
7.083788e-01
6.853033e-01
6.626199e-01
6.404195e-01
6.188343e-01
5.979424e-01
5.778223e-01
5.585254e-01
5.400999e-01
5.226055e-01
5.060173e-01
4.903533e-01
4.756079e-01
4.617030e-01
4.486406e-01
4.362779e-01
4.245834e-01
4.134592e-01
4.027832e-01
3.924917e-01
3.824522e-01
3.726112e-01
3.628675e-01
3.531672e-01
3.434436e-01
3.336484e-01
3.237473e-01
3.136990e-01
3.034742e-01
2.930530e-01
2.824163e-01
2.715592e-01
2.604931e-01
2.492529e-01
2.379003e-01
2.265299e-01
2.152707e-01
2.042821e-01
1.937394e-01
1.838233e-01
1.746953e-01
1.664779e-01
1.592431e-01
1.530068e-01
1.477329e-01
1.433454e-01
1.397432e-01
1.368155e-01
1.344529e-01
1.325555e-01
1.310358e-01
1.298204e-01
1.288493e-01
1.280728e-01
1.274523e-01
1.269562e-01
1.265590e-01
1.262419e-01
1.259880e-01
1.257849e-01
1.256231e-01
1.254935e-01
1.253904e-01
1.253084e-01
1.252427e-01
1.251911e-01
1.251499e-01
1.251173e-01
1.250917e-01
1.250714e-01
1.250555e-01
1.250431e-01
1.250332e-01
1.250257e-01
1.250198e-01
1.250151e-01
1.250116e-01
1.250088e-01
1.250067e-01
1.250051e-01
1.250039e-01
1.250029e-01
1.250022e-01
1.250016e-01
1.250012e-01
1.250009e-01
1.250007e-01
1.250005e-01
1.250004e-01
1.250003e-01
1.250002e-01
1.250001e-01
1.250001e-01
1.250001e-01
1.250001e-01
1.250000e-01
1.250000e-01
1.250000e-01
1.250000e-01
1.250000e-01
1.250000e-01
1.250000e-01
1.250000e-01
1.250000e-01
1.250000e-01
1.250000e-01
1.250000e-01
1.250000e-01
1.250000e-01
1.250000e-01
1.250000e-01
1.250000e-01
1.250000e-01
1.250000e-01
1.250000e-01
1.250000e-01
1.250000e-01
1.250000e-01
1.250000e-01
1.250000e-01
1.250000e-01
1.250000e-01
1.250000e-01
1.250000e-01
1.250000e-01
1.250000e-01
1.250000e-01
1.250000e-01
1.250000e-01
1.250000e-01
1.250000e-01
1.250000e-01
1.250000e-01
1.250000e-01
1.250000e-01
1.250000e-01
1.250000e-01
1.250000e-01
1.250000e-01
1.250000e-01
1.250000e-01
1.250000e-01
1.250000e-01
1.250000e-01
1.250000e-01
1.250000e-01
1.250000e-01
1.250000e-01
1.250000e-01
1.250000e-01
1.250000e-01
1.250000e-01
1.250000e-01
1.250000e-01
1.250000e-01
1.250000e-01
1.250000e-01
1.250000e-01
1.250000e-01
1.250000e-01
1.250000e-01
1.250000e-01
1.250000e-01
1.250000e-01
1.250000e-01
1.250000e-01
1.250000e-01
1.250000e-01
1.250000e-01
1.250000e-01
1.250000e-01
1.250000e-01
1.250000e-01
1.250000e-01
1.250000e-01
1.250000e-01
1.250000e-01
1.250000e-01
1.250000e-01
1.250000e-01
1.250000e-01
1.250000e-01
1.250000e-01
1.250001e-01
1.250001e-01
1.250001e-01
1.250002e-01
1.250002e-01
1.250003e-01
1.250004e-01
1.250005e-01
1.250007e-01
1.250009e-01
1.250013e-01
1.250017e-01
1.250023e-01
1.250030e-01
1.250039e-01
1.250052e-01
1.250068e-01
1.250090e-01
1.250118e-01
1.250153e-01
1.250200e-01
1.250259e-01
1.250336e-01
1.250434e-01
1.250559e-01
1.250719e-01
1.250922e-01
1.251179e-01
1.251506e-01
1.251919e-01
1.252439e-01
1.253095e-01
1.253920e-01
1.254956e-01
1.256255e-01
1.257883e-01
1.259919e-01
1.262467e-01
1.265652e-01
1.269632e-01
1.274606e-01
1.280823e-01
1.288593e-01
1.298307e-01
1.310445e-01
1.325607e-01
1.344513e-01
1.368023e-01
1.397125e-01
1.432900e-01
1.476459e-01
1.528823e-01
1.590784e-01
1.662748e-01
1.744602e-01
1.835664e-01
1.934719e-01
2.040149e-01
2.150146e-01
2.262930e-01
2.376859e-01
2.490618e-01
2.603226e-01
2.714064e-01
2.822777e-01
2.929239e-01
3.033513e-01
3.135793e-01
3.236262e-01
3.335245e-01
3.433177e-01
3.530350e-01
3.627331e-01
3.724733e-01
3.823136e-01
3.923558e-01
4.026543e-01
4.133420e-01
4.244836e-01
4.361980e-01
4.485923e-01
4.616837e-01
4.756292e-01
4.904085e-01
