5.209675e-01
5.473170e-01
5.752689e-01
6.047530e-01
6.355294e-01
6.673782e-01
6.999147e-01
7.328090e-01
7.656160e-01
7.978575e-01
8.290289e-01
8.585725e-01
8.859499e-01
9.106549e-01
9.322640e-01
9.504895e-01
9.652413e-01
9.766395e-01
9.850037e-01
9.908150e-01
9.946286e-01
9.969918e-01
9.983782e-01
9.991521e-01
9.995662e-01
9.997807e-01
9.998895e-01
9.999441e-01
9.999715e-01
9.999853e-01
9.999923e-01
9.999959e-01
9.999978e-01
9.999988e-01
9.999993e-01
9.999996e-01
9.999998e-01
9.999999e-01
9.999999e-01
1.000000e+00
1.000000e+00
1.000000e+00
1.000000e+00
1.000000e+00
1.000000e+00
1.000000e+00
1.000000e+00
1.000000e+00
1.000000e+00
1.000000e+00
1.000000e+00
1.000000e+00
1.000000e+00
1.000000e+00
1.000000e+00
1.000000e+00
1.000000e+00
1.000000e+00
1.000000e+00
1.000000e+00
1.000000e+00
1.000000e+00
1.000000e+00
1.000000e+00
1.000000e+00
1.000000e+00
1.000000e+00
1.000000e+00
1.000000e+00
1.000000e+00
1.000000e+00
1.000000e+00
1.000000e+00
1.000000e+00
1.000000e+00
1.000000e+00
1.000000e+00
1.000000e+00
1.000000e+00
1.000000e+00
1.000000e+00
1.000000e+00
1.000000e+00
1.000000e+00
1.000000e+00
1.000000e+00
1.000000e+00
1.000000e+00
1.000000e+00
1.000000e+00
1.000000e+00
1.000000e+00
1.000000e+00
1.000000e+00
1.000000e+00
1.000000e+00
1.000000e+00
1.000000e+00
1.000000e+00
1.000000e+00
1.000000e+00
1.000000e+00
1.000000e+00
1.000000e+00
1.000000e+00
1.000000e+00
1.000000e+00
1.000000e+00
1.000000e+00
1.000000e+00
1.000000e+00
1.000000e+00
1.000000e+00
1.000000e+00
1.000000e+00
1.000000e+00
1.000000e+00
1.000000e+00
1.000000e+00
1.000000e+00
1.000000e+00
1.000000e+00
1.000000e+00
1.000000e+00
1.000000e+00
1.000000e+00
1.000000e+00
1.000000e+00
1.000000e+00
1.000000e+00
1.000000e+00
1.000000e+00
1.000000e+00
1.000000e+00
1.000000e+00
1.000000e+00
1.000000e+00
1.000000e+00
1.000000e+00
1.000000e+00
1.000000e+00
1.000000e+00
1.000000e+00
1.000000e+00
1.000000e+00
1.000000e+00
1.000000e+00
1.000000e+00
1.000000e+00
1.000000e+00
1.000000e+00
1.000000e+00
1.000000e+00
1.000000e+00
1.000000e+00
1.000000e+00
1.000000e+00
1.000000e+00
1.000000e+00
1.000000e+00
1.000000e+00
1.000000e+00
1.000000e+00
1.000000e+00
1.000000e+00
1.000000e+00
1.000000e+00
1.000000e+00
1.000000e+00
1.000000e+00
1.000000e+00
1.000000e+00
1.000000e+00
1.000000e+00
1.000000e+00
1.000000e+00
1.000000e+00
1.000000e+00
1.000000e+00
1.000000e+00
1.000000e+00
1.000000e+00
1.000000e+00
1.000000e+00
1.000000e+00
1.000000e+00
1.000000e+00
1.000000e+00
1.000000e+00
1.000000e+00
1.000000e+00
1.000000e+00
1.000000e+00
1.000000e+00
1.000000e+00
1.000000e+00
1.000000e+00
1.000000e+00
1.000000e+00
1.000000e+00
1.000000e+00
1.000000e+00
1.000000e+00
1.000000e+00
1.000000e+00
1.000000e+00
1.000000e+00
1.000000e+00
1.000000e+00
1.000000e+00
1.000000e+00
1.000000e+00
1.000000e+00
1.000000e+00
1.000000e+00
1.000000e+00
1.000000e+00
9.999999e-01
9.999998e-01
9.999997e-01
9.999995e-01
9.999991e-01
9.999984e-01
9.999970e-01
9.999944e-01
9.999895e-01
9.999800e-01
9.999619e-01
9.999269e-01
9.998594e-01
9.997303e-01
9.994861e-01
9.990332e-01
9.982156e-01
9.967898e-01
9.944041e-01
9.905975e-01
9.848264e-01
9.765283e-01
9.652053e-01
9.505157e-01
9.323235e-01
9.107098e-01
8.859657e-01
8.585221e-01
8.288959e-01
7.976425e-01
7.653286e-01
7.324647e-01
6.995417e-01
6.669993e-01
6.351683e-01
6.044303e-01
5.749999e-01
5.471086e-01
5.208573e-01
4.963470e-01
4.735985e-01
4.524815e-01
4.327668e-01
4.143007e-01
3.968076e-01
3.800305e-01
3.637397e-01
3.477117e-01
3.317471e-01
3.157094e-01
2.995020e-01
2.830983e-01
2.665408e-01
2.499625e-01
2.335667e-01
2.176330e-01
2.024940e-01
1.884932e-01
1.759392e-01
1.650547e-01
1.559316e-01
1.485247e-01
1.426778e-01
1.381671e-01
1.347463e-01
1.321828e-01
1.302761e-01
1.288647e-01
1.278228e-01
1.270557e-01
1.264920e-01
1.260788e-01
1.257768e-01
1.255567e-01
1.253971e-01
1.252817e-01
1.251988e-01
1.251394e-01
1.250973e-01
1.250675e-01
1.250465e-01
1.250318e-01
1.250217e-01
1.250147e-01
1.250098e-01
1.250066e-01
1.250044e-01
1.250029e-01
1.250019e-01
1.250012e-01
1.250008e-01
1.250005e-01
1.250003e-01
1.250002e-01
1.250001e-01
1.250001e-01
1.250000e-01
1.250000e-01
1.250000e-01
1.250000e-01
1.250000e-01
1.250000e-01
1.250000e-01
1.250000e-01
1.250000e-01
1.250000e-01
1.250000e-01
1.250000e-01
1.250000e-01
1.250000e-01
1.250000e-01
1.250000e-01
1.250000e-01
1.250000e-01
1.250000e-01
1.250000e-01
1.250000e-01
1.250000e-01
1.250000e-01
1.250000e-01
1.250000e-01
1.250000e-01
1.250000e-01
1.250000e-01
1.250000e-01
1.250000e-01
1.250000e-01
1.250000e-01
1.250000e-01
1.250000e-01
1.250000e-01
1.250000e-01
1.250000e-01
1.250000e-01
1.250000e-01
1.250000e-01
1.250000e-01
1.250000e-01
1.250000e-01
1.250000e-01
1.250000e-01
1.250000e-01
1.250000e-01
1.250000e-01
1.250000e-01
1.250000e-01
1.250000e-01
1.250000e-01
1.250000e-01
1.250000e-01
1.250000e-01
1.250000e-01
1.250000e-01
1.250000e-01
1.250000e-01
1.250000e-01
1.250000e-01
1.250000e-01
1.250000e-01
1.250000e-01
1.250000e-01
1.250000e-01
1.250000e-01
1.250000e-01
1.250000e-01
1.250000e-01
1.250000e-01
1.250000e-01
1.250000e-01
1.250000e-01
1.250000e-01
1.250000e-01
1.250000e-01
1.250000e-01
1.250000e-01
1.250000e-01
1.250000e-01
1.250000e-01
1.250000e-01
1.250000e-01
1.250000e-01
1.250000e-01
1.250000e-01
1.250000e-01
1.250000e-01
1.250000e-01
1.250000e-01
1.250000e-01
1.250000e-01
1.250000e-01
1.250000e-01
1.250000e-01
1.250000e-01
1.250000e-01
1.250000e-01
1.250000e-01
1.250000e-01
1.250000e-01
1.250000e-01
1.250000e-01
1.250000e-01
1.250000e-01
1.250000e-01
1.250000e-01
1.250000e-01
1.250000e-01
1.250000e-01
1.250000e-01
1.250000e-01
1.250000e-01
1.250000e-01
1.250000e-01
1.250000e-01
1.250000e-01
1.250000e-01
1.250000e-01
1.250000e-01
1.250000e-01
1.250000e-01
1.250000e-01
1.250000e-01
1.250000e-01
1.250000e-01
1.250000e-01
1.250000e-01
1.250000e-01
1.250000e-01
1.250000e-01
1.250000e-01
1.250000e-01
1.250000e-01
1.250000e-01
1.250000e-01
1.250000e-01
1.250000e-01
1.250000e-01
1.250000e-01
1.250001e-01
1.250001e-01
1.250001e-01
1.250002e-01
1.250004e-01
1.250006e-01
1.250009e-01
1.250013e-01
1.250020e-01
1.250031e-01
1.250046e-01
1.250069e-01
1.250103e-01
1.250153e-01
1.250224e-01
1.250328e-01
1.250477e-01
1.250690e-01
1.250992e-01
1.251419e-01
1.252018e-01
1.252855e-01
1.254018e-01
1.255627e-01
1.257843e-01
1.260883e-01
1.265040e-01
1.270704e-01
1.278402e-01
1.288837e-01
1.302946e-01
1.321959e-01
1.347462e-01
1.381419e-01
1.426130e-01
1.484058e-01
1.557493e-01
1.648090e-01
1.756399e-01
1.881581e-01
2.021467e-01
2.172968e-01
2.332579e-01
2.496880e-01
2.662995e-01
2.828855e-01
2.993116e-01
3.155315e-01
3.315726e-01
3.475377e-01
3.635666e-01
3.798606e-01
3.966438e-01
4.141548e-01
4.326538e-01
4.524098e-01
4.735889e-01
4.964167e-01
