5.021630e-01
5.166814e-01
5.319559e-01
5.480032e-01
5.648011e-01
5.823259e-01
6.005067e-01
6.193349e-01
6.387395e-01
6.586645e-01
6.790150e-01
6.997318e-01
7.207165e-01
7.418625e-01
7.630627e-01
7.841803e-01
8.050849e-01
8.256235e-01
8.456305e-01
8.649340e-01
8.833493e-01
9.007002e-01
9.168126e-01
9.315295e-01
9.447251e-01
9.563074e-01
9.662410e-01
9.745437e-01
9.812917e-01
9.866138e-01
9.906807e-01
9.936878e-01
9.958387e-01
9.973269e-01
9.983238e-01
9.989716e-01
9.993807e-01
9.996328e-01
9.997847e-01
9.998748e-01
9.999275e-01
9.999580e-01
9.999757e-01
9.999858e-01
9.999917e-01
9.999951e-01
9.999971e-01
9.999982e-01
9.999989e-01
9.999994e-01
9.999996e-01
9.999998e-01
9.999998e-01
9.999999e-01
9.999999e-01
1.000000e+00
1.000000e+00
1.000000e+00
1.000000e+00
1.000000e+00
1.000000e+00
1.000000e+00
1.000000e+00
1.000000e+00
1.000000e+00
1.000000e+00
1.000000e+00
1.000000e+00
1.000000e+00
1.000000e+00
1.000000e+00
1.000000e+00
1.000000e+00
1.000000e+00
1.000000e+00
1.000000e+00
1.000000e+00
1.000000e+00
1.000000e+00
1.000000e+00
1.000000e+00
1.000000e+00
1.000000e+00
1.000000e+00
1.000000e+00
1.000000e+00
1.000000e+00
1.000000e+00
1.000000e+00
1.000000e+00
1.000000e+00
1.000000e+00
1.000000e+00
1.000000e+00
1.000000e+00
1.000000e+00
1.000000e+00
1.000000e+00
1.000000e+00
1.000000e+00
1.000000e+00
1.000000e+00
1.000000e+00
1.000000e+00
1.000000e+00
1.000000e+00
1.000000e+00
1.000000e+00
1.000000e+00
1.000000e+00
1.000000e+00
1.000000e+00
1.000000e+00
1.000000e+00
1.000000e+00
1.000000e+00
1.000000e+00
1.000000e+00
1.000000e+00
1.000000e+00
1.000000e+00
1.000000e+00
1.000000e+00
1.000000e+00
1.000000e+00
1.000000e+00
1.000000e+00
1.000000e+00
1.000000e+00
1.000000e+00
1.000000e+00
1.000000e+00
1.000000e+00
1.000000e+00
1.000000e+00
1.000000e+00
1.000000e+00
1.000000e+00
1.000000e+00
1.000000e+00
1.000000e+00
1.000000e+00
1.000000e+00
1.000000e+00
1.000000e+00
1.000000e+00
1.000000e+00
1.000000e+00
1.000000e+00
1.000000e+00
1.000000e+00
1.000000e+00
1.000000e+00
1.000000e+00
1.000000e+00
1.000000e+00
1.000000e+00
1.000000e+00
1.000000e+00
1.000000e+00
1.000000e+00
1.000000e+00
1.000000e+00
1.000000e+00
1.000000e+00
1.000000e+00
1.000000e+00
1.000000e+00
1.000000e+00
1.000000e+00
1.000000e+00
1.000000e+00
1.000000e+00
1.000000e+00
1.000000e+00
1.000000e+00
1.000000e+00
1.000000e+00
1.000000e+00
1.000000e+00
1.000000e+00
1.000000e+00
1.000000e+00
1.000000e+00
1.000000e+00
1.000000e+00
1.000000e+00
1.000000e+00
1.000000e+00
1.000000e+00
1.000000e+00
1.000000e+00
1.000000e+00
1.000000e+00
1.000000e+00
1.000000e+00
1.000000e+00
1.000000e+00
1.000000e+00
1.000000e+00
1.000000e+00
9.999999e-01
9.999999e-01
9.999998e-01
9.999997e-01
9.999995e-01
9.999992e-01
9.999986e-01
9.999977e-01
9.999962e-01
9.999937e-01
9.999893e-01
9.999819e-01
9.999694e-01
9.999479e-01
9.999117e-01
9.998506e-01
9.997488e-01
9.995813e-01
9.993098e-01
9.988782e-01
9.982067e-01
9.971879e-01
9.956834e-01
9.935255e-01
9.905233e-01
9.864741e-01
9.811811e-01
9.744695e-01
9.662051e-01
9.563064e-01
9.447507e-01
9.315703e-01
9.168556e-01
9.007331e-01
8.833609e-01
8.649157e-01
8.455757e-01
8.255298e-01
8.049518e-01
7.840098e-01
7.628591e-01
7.416302e-01
7.204626e-01
6.994634e-01
6.787392e-01
6.583871e-01
6.384686e-01
6.190746e-01
6.002637e-01
5.821026e-01
5.646033e-01
5.478319e-01
5.318138e-01
5.165684e-01
5.020875e-01
4.883694e-01
4.754164e-01
4.631660e-01
4.516034e-01
4.406750e-01
4.302876e-01
4.204152e-01
4.109452e-01
4.018166e-01
3.929712e-01
3.843015e-01
3.757795e-01
3.673201e-01
3.588886e-01
3.504460e-01
3.419557e-01
3.333908e-01
3.247356e-01
3.159620e-01
3.070562e-01
2.979955e-01
2.887611e-01
2.793351e-01
2.697056e-01
2.598723e-01
2.498515e-01
2.396785e-01
2.294162e-01
2.191562e-01
2.090170e-01
1.991391e-01
1.896740e-01
1.807718e-01
1.725619e-01
1.651414e-01
1.585659e-01
1.528466e-01
1.479548e-01
1.438302e-01
1.403928e-01
1.375539e-01
1.352243e-01
1.333211e-01
1.317707e-01
1.305091e-01
1.294833e-01
1.286493e-01
1.279705e-01
1.274181e-01
1.269685e-01
1.266017e-01
1.263029e-01
1.260596e-01
1.258606e-01
1.256986e-01
1.255669e-01
1.254591e-01
1.253715e-01
1.253005e-01
1.252423e-01
1.251953e-01
1.251574e-01
1.251262e-01
1.251012e-01
1.250812e-01
1.250648e-01
1.250517e-01
1.250412e-01
1.250327e-01
1.250259e-01
1.250206e-01
1.250162e-01
1.250128e-01
1.250101e-01
1.250079e-01
1.250062e-01
1.250049e-01
1.250038e-01
1.250029e-01
1.250023e-01
1.250018e-01
1.250014e-01
1.250011e-01
1.250008e-01
1.250006e-01
1.250005e-01
1.250004e-01
1.250003e-01
1.250002e-01
1.250002e-01
1.250001e-01
1.250001e-01
1.250001e-01
1.250001e-01
1.250000e-01
1.250000e-01
1.250000e-01
1.250000e-01
1.250000e-01
1.250000e-01
1.250000e-01
1.250000e-01
1.250000e-01
1.250000e-01
1.250000e-01
1.250000e-01
1.250000e-01
1.250000e-01
1.250000e-01
1.250000e-01
1.250000e-01
1.250000e-01
1.250000e-01
1.250000e-01
1.250000e-01
1.250000e-01
1.250000e-01
1.250000e-01
1.250000e-01
1.250000e-01
1.250000e-01
1.250000e-01
1.250000e-01
1.250000e-01
1.250000e-01
1.250000e-01
1.250000e-01
1.250000e-01
1.250000e-01
1.250000e-01
1.250000e-01
1.250000e-01
1.250000e-01
1.250000e-01
1.250000e-01
1.250000e-01
1.250000e-01
1.250000e-01
1.250000e-01
1.250000e-01
1.250000e-01
1.250000e-01
1.250000e-01
1.250000e-01
1.250000e-01
1.250000e-01
1.250000e-01
1.250000e-01
1.250000e-01
1.250000e-01
1.250000e-01
1.250000e-01
1.250000e-01
1.250000e-01
1.250000e-01
1.250000e-01
1.250000e-01
1.250000e-01
1.250000e-01
1.250000e-01
1.250000e-01
1.250000e-01
1.250001e-01
1.250001e-01
1.250001e-01
1.250001e-01
1.250002e-01
1.250002e-01
1.250003e-01
1.250004e-01
1.250005e-01
1.250006e-01
1.250008e-01
1.250011e-01
1.250014e-01
1.250018e-01
1.250023e-01
1.250030e-01
1.250038e-01
1.250049e-01
1.250063e-01
1.250080e-01
1.250102e-01
1.250129e-01
1.250164e-01
1.250207e-01
1.250261e-01
1.250329e-01
1.250414e-01
1.250520e-01
1.250651e-01
1.250814e-01
1.251017e-01
1.251267e-01
1.251577e-01
1.251960e-01
1.252432e-01
1.253013e-01
1.253728e-01
1.254607e-01
1.255686e-01
1.257011e-01
1.258636e-01
1.260629e-01
1.263074e-01
1.266070e-01
1.269744e-01
1.274253e-01
1.279784e-01
1.286576e-01
1.294920e-01
1.305171e-01
1.317766e-01
1.333231e-01
1.352190e-01
1.375373e-01
1.403601e-01
1.437754e-01
1.478721e-01
1.527314e-01
1.584155e-01
1.649568e-01
1.723475e-01
1.805356e-01
1.894256e-01
1.988879e-01
2.087720e-01
2.189255e-01
2.292049e-01
2.394881e-01
2.496816e-01
2.597211e-01
2.695697e-01
2.792109e-01
2.886457e-01
2.978852e-01
3.069490e-01
3.158554e-01
3.246268e-01
3.332778e-01
3.418412e-01
3.503253e-01
3.587662e-01
3.671909e-01
3.756523e-01
3.841719e-01
3.928457e-01
4.016947e-01
4.108322e-01
4.203180e-01
4.302057e-01
4.406176e-01
4.515683e-01
4.631594e-01
4.754398e-01
4.884213e-01
