5.203610e-01
5.462623e-01
5.737270e-01
6.027159e-01
6.329745e-01
6.643136e-01
6.963616e-01
7.288060e-01
7.612411e-01
7.931900e-01
8.241785e-01
8.536827e-01
8.811625e-01
9.061241e-01
9.281387e-01
9.468870e-01
9.622404e-01
9.742652e-01
9.832271e-01
9.895607e-01
9.937941e-01
9.964683e-01
9.980673e-01
9.989762e-01
9.994706e-01
9.997303e-01
9.998634e-01
9.999307e-01
9.999646e-01
9.999817e-01
9.999904e-01
9.999949e-01
9.999973e-01
9.999985e-01
9.999992e-01
9.999995e-01
9.999997e-01
9.999999e-01
9.999999e-01
1.000000e+00
1.000000e+00
1.000000e+00
1.000000e+00
1.000000e+00
1.000000e+00
1.000000e+00
1.000000e+00
1.000000e+00
1.000000e+00
1.000000e+00
1.000000e+00
1.000000e+00
1.000000e+00
1.000000e+00
1.000000e+00
1.000000e+00
1.000000e+00
1.000000e+00
1.000000e+00
1.000000e+00
1.000000e+00
1.000000e+00
1.000000e+00
1.000000e+00
1.000000e+00
1.000000e+00
1.000000e+00
1.000000e+00
1.000000e+00
1.000000e+00
1.000000e+00
1.000000e+00
1.000000e+00
1.000000e+00
1.000000e+00
1.000000e+00
1.000000e+00
1.000000e+00
1.000000e+00
1.000000e+00
1.000000e+00
1.000000e+00
1.000000e+00
1.000000e+00
1.000000e+00
1.000000e+00
1.000000e+00
1.000000e+00
1.000000e+00
1.000000e+00
1.000000e+00
1.000000e+00
1.000000e+00
1.000000e+00
1.000000e+00
1.000000e+00
1.000000e+00
1.000000e+00
1.000000e+00
1.000000e+00
1.000000e+00
1.000000e+00
1.000000e+00
1.000000e+00
1.000000e+00
1.000000e+00
1.000000e+00
1.000000e+00
1.000000e+00
1.000000e+00
1.000000e+00
1.000000e+00
1.000000e+00
1.000000e+00
1.000000e+00
1.000000e+00
1.000000e+00
1.000000e+00
1.000000e+00
1.000000e+00
1.000000e+00
1.000000e+00
1.000000e+00
1.000000e+00
1.000000e+00
1.000000e+00
1.000000e+00
1.000000e+00
1.000000e+00
1.000000e+00
1.000000e+00
1.000000e+00
1.000000e+00
1.000000e+00
1.000000e+00
1.000000e+00
1.000000e+00
1.000000e+00
1.000000e+00
1.000000e+00
1.000000e+00
1.000000e+00
1.000000e+00
1.000000e+00
1.000000e+00
1.000000e+00
1.000000e+00
1.000000e+00
1.000000e+00
1.000000e+00
1.000000e+00
1.000000e+00
1.000000e+00
1.000000e+00
1.000000e+00
1.000000e+00
1.000000e+00
1.000000e+00
1.000000e+00
1.000000e+00
1.000000e+00
1.000000e+00
1.000000e+00
1.000000e+00
1.000000e+00
1.000000e+00
1.000000e+00
1.000000e+00
1.000000e+00
1.000000e+00
1.000000e+00
1.000000e+00
1.000000e+00
1.000000e+00
1.000000e+00
1.000000e+00
1.000000e+00
1.000000e+00
1.000000e+00
1.000000e+00
1.000000e+00
1.000000e+00
1.000000e+00
1.000000e+00
1.000000e+00
1.000000e+00
1.000000e+00
1.000000e+00
1.000000e+00
1.000000e+00
1.000000e+00
1.000000e+00
1.000000e+00
1.000000e+00
1.000000e+00
1.000000e+00
1.000000e+00
1.000000e+00
1.000000e+00
1.000000e+00
1.000000e+00
1.000000e+00
1.000000e+00
1.000000e+00
1.000000e+00
1.000000e+00
1.000000e+00
1.000000e+00
1.000000e+00
1.000000e+00
1.000000e+00
1.000000e+00
1.000000e+00
1.000000e+00
1.000000e+00
1.000000e+00
9.999999e-01
9.999999e-01
9.999998e-01
9.999997e-01
9.999994e-01
9.999989e-01
9.999980e-01
9.999963e-01
9.999931e-01
9.999870e-01
9.999754e-01
9.999531e-01
9.999102e-01
9.998282e-01
9.996725e-01
9.993808e-01
9.988463e-01
9.978945e-01
9.962600e-01
9.935705e-01
9.893523e-01
9.830656e-01
9.741722e-01
9.622204e-01
9.469229e-01
9.281998e-01
9.061740e-01
8.811679e-01
8.536200e-01
8.240337e-01
7.929653e-01
7.609477e-01
7.284604e-01
6.959892e-01
6.639380e-01
6.326190e-01
6.023988e-01
5.734628e-01
5.460568e-01
5.202518e-01
4.961498e-01
4.737643e-01
4.529761e-01
4.335550e-01
4.153662e-01
3.981422e-01
3.816291e-01
3.656148e-01
3.498694e-01
3.342034e-01
3.184783e-01
3.025829e-01
2.864910e-01
2.702182e-01
2.538761e-01
2.376433e-01
2.217722e-01
2.065758e-01
1.923904e-01
1.795317e-01
1.682488e-01
1.586743e-01
1.508062e-01
1.445255e-01
1.396321e-01
1.358903e-01
1.330668e-01
1.309549e-01
1.293836e-01
1.282185e-01
1.273566e-01
1.267201e-01
1.262514e-01
1.259067e-01
1.256544e-01
1.254700e-01
1.253360e-01
1.252389e-01
1.251690e-01
1.251189e-01
1.250831e-01
1.250578e-01
1.250399e-01
1.250274e-01
1.250187e-01
1.250127e-01
1.250086e-01
1.250057e-01
1.250038e-01
1.250025e-01
1.250017e-01
1.250011e-01
1.250007e-01
1.250005e-01
1.250003e-01
1.250002e-01
1.250001e-01
1.250001e-01
1.250000e-01
1.250000e-01
1.250000e-01
1.250000e-01
1.250000e-01
1.250000e-01
1.250000e-01
1.250000e-01
1.250000e-01
1.250000e-01
1.250000e-01
1.250000e-01
1.250000e-01
1.250000e-01
1.250000e-01
1.250000e-01
1.250000e-01
1.250000e-01
1.250000e-01
1.250000e-01
1.250000e-01
1.250000e-01
1.250000e-01
1.250000e-01
1.250000e-01
1.250000e-01
1.250000e-01
1.250000e-01
1.250000e-01
1.250000e-01
1.250000e-01
1.250000e-01
1.250000e-01
1.250000e-01
1.250000e-01
1.250000e-01
1.250000e-01
1.250000e-01
1.250000e-01
1.250000e-01
1.250000e-01
1.250000e-01
1.250000e-01
1.250000e-01
1.250000e-01
1.250000e-01
1.250000e-01
1.250000e-01
1.250000e-01
1.250000e-01
1.250000e-01
1.250000e-01
1.250000e-01
1.250000e-01
1.250000e-01
1.250000e-01
1.250000e-01
1.250000e-01
1.250000e-01
1.250000e-01
1.250000e-01
1.250000e-01
1.250000e-01
1.250000e-01
1.250000e-01
1.250000e-01
1.250000e-01
1.250000e-01
1.250000e-01
1.250000e-01
1.250000e-01
1.250000e-01
1.250000e-01
1.250000e-01
1.250000e-01
1.250000e-01
1.250000e-01
1.250000e-01
1.250000e-01
1.250000e-01
1.250000e-01
1.250000e-01
1.250000e-01
1.250000e-01
1.250000e-01
1.250000e-01
1.250000e-01
1.250000e-01
1.250000e-01
1.250000e-01
1.250000e-01
1.250000e-01
1.250000e-01
1.250000e-01
1.250000e-01
1.250000e-01
1.250000e-01
1.250000e-01
1.250000e-01
1.250000e-01
1.250000e-01
1.250000e-01
1.250000e-01
1.250000e-01
1.250000e-01
1.250000e-01
1.250000e-01
1.250000e-01
1.250000e-01
1.250000e-01
1.250000e-01
1.250000e-01
1.250000e-01
1.250000e-01
1.250000e-01
1.250000e-01
1.250000e-01
1.250000e-01
1.250000e-01
1.250000e-01
1.250000e-01
1.250000e-01
1.250000e-01
1.250000e-01
1.250000e-01
1.250000e-01
1.250000e-01
1.250000e-01
1.250000e-01
1.250000e-01
1.250000e-01
1.250000e-01
1.250000e-01
1.250000e-01
1.250000e-01
1.250000e-01
1.250000e-01
1.250000e-01
1.250000e-01
1.250001e-01
1.250001e-01
1.250001e-01
1.250002e-01
1.250003e-01
1.250005e-01
1.250008e-01
1.250012e-01
1.250018e-01
1.250027e-01
1.250041e-01
1.250061e-01
1.250090e-01
1.250132e-01
1.250194e-01
1.250283e-01
1.250410e-01
1.250592e-01
1.250848e-01
1.251210e-01
1.251716e-01
1.252422e-01
1.253400e-01
1.254751e-01
1.256608e-01
1.259150e-01
1.262616e-01
1.267329e-01
1.273720e-01
1.282362e-01
1.294023e-01
1.309715e-01
1.330758e-01
1.358824e-01
1.395948e-01
1.444443e-01
1.506681e-01
1.584727e-01
1.679871e-01
1.792223e-01
1.920524e-01
2.062333e-01
2.214459e-01
2.373463e-01
2.536133e-01
2.699871e-01
2.862875e-01
3.023988e-01
3.183027e-01
3.340314e-01
3.496968e-01
3.654436e-01
3.814618e-01
3.979818e-01
4.152225e-01
4.334432e-01
4.529071e-01
4.737561e-01
4.962194e-01
