5.200628e-01
5.457448e-01
5.729720e-01
6.017193e-01
6.317240e-01
6.628125e-01
6.946193e-01
7.268425e-01
7.590902e-01
7.908900e-01
8.217824e-01
8.512582e-01
8.787778e-01
9.038553e-01
9.260586e-01
9.450560e-01
9.607008e-01
9.730336e-01
9.822944e-01
9.888935e-01
9.933439e-01
9.961819e-01
9.978947e-01
9.988773e-01
9.994163e-01
9.997014e-01
9.998483e-01
9.999229e-01
9.999606e-01
9.999796e-01
9.999893e-01
9.999943e-01
9.999970e-01
9.999983e-01
9.999991e-01
9.999995e-01
9.999997e-01
9.999998e-01
9.999999e-01
9.999999e-01
1.000000e+00
1.000000e+00
1.000000e+00
1.000000e+00
1.000000e+00
1.000000e+00
1.000000e+00
1.000000e+00
1.000000e+00
1.000000e+00
1.000000e+00
1.000000e+00
1.000000e+00
1.000000e+00
1.000000e+00
1.000000e+00
1.000000e+00
1.000000e+00
1.000000e+00
1.000000e+00
1.000000e+00
1.000000e+00
1.000000e+00
1.000000e+00
1.000000e+00
1.000000e+00
1.000000e+00
1.000000e+00
1.000000e+00
1.000000e+00
1.000000e+00
1.000000e+00
1.000000e+00
1.000000e+00
1.000000e+00
1.000000e+00
1.000000e+00
1.000000e+00
1.000000e+00
1.000000e+00
1.000000e+00
1.000000e+00
1.000000e+00
1.000000e+00
1.000000e+00
1.000000e+00
1.000000e+00
1.000000e+00
1.000000e+00
1.000000e+00
1.000000e+00
1.000000e+00
1.000000e+00
1.000000e+00
1.000000e+00
1.000000e+00
1.000000e+00
1.000000e+00
1.000000e+00
1.000000e+00
1.000000e+00
1.000000e+00
1.000000e+00
1.000000e+00
1.000000e+00
1.000000e+00
1.000000e+00
1.000000e+00
1.000000e+00
1.000000e+00
1.000000e+00
1.000000e+00
1.000000e+00
1.000000e+00
1.000000e+00
1.000000e+00
1.000000e+00
1.000000e+00
1.000000e+00
1.000000e+00
1.000000e+00
1.000000e+00
1.000000e+00
1.000000e+00
1.000000e+00
1.000000e+00
1.000000e+00
1.000000e+00
1.000000e+00
1.000000e+00
1.000000e+00
1.000000e+00
1.000000e+00
1.000000e+00
1.000000e+00
1.000000e+00
1.000000e+00
1.000000e+00
1.000000e+00
1.000000e+00
1.000000e+00
1.000000e+00
1.000000e+00
1.000000e+00
1.000000e+00
1.000000e+00
1.000000e+00
1.000000e+00
1.000000e+00
1.000000e+00
1.000000e+00
1.000000e+00
1.000000e+00
1.000000e+00
1.000000e+00
1.000000e+00
1.000000e+00
1.000000e+00
1.000000e+00
1.000000e+00
1.000000e+00
1.000000e+00
1.000000e+00
1.000000e+00
1.000000e+00
1.000000e+00
1.000000e+00
1.000000e+00
1.000000e+00
1.000000e+00
1.000000e+00
1.000000e+00
1.000000e+00
1.000000e+00
1.000000e+00
1.000000e+00
1.000000e+00
1.000000e+00
1.000000e+00
1.000000e+00
1.000000e+00
1.000000e+00
1.000000e+00
1.000000e+00
1.000000e+00
1.000000e+00
1.000000e+00
1.000000e+00
1.000000e+00
1.000000e+00
1.000000e+00
1.000000e+00
1.000000e+00
1.000000e+00
1.000000e+00
1.000000e+00
1.000000e+00
1.000000e+00
1.000000e+00
1.000000e+00
1.000000e+00
1.000000e+00
1.000000e+00
1.000000e+00
1.000000e+00
1.000000e+00
1.000000e+00
1.000000e+00
1.000000e+00
1.000000e+00
1.000000e+00
1.000000e+00
1.000000e+00
1.000000e+00
1.000000e+00
1.000000e+00
9.999999e-01
9.999999e-01
9.999998e-01
9.999996e-01
9.999993e-01
9.999988e-01
9.999977e-01
9.999959e-01
9.999923e-01
9.999855e-01
9.999726e-01
9.999480e-01
9.999007e-01
9.998104e-01
9.996397e-01
9.993215e-01
9.987419e-01
9.977172e-01
9.959710e-01
9.931216e-01
9.886902e-01
9.821411e-01
9.729495e-01
9.606882e-01
9.450961e-01
9.261199e-01
9.039022e-01
8.787780e-01
8.511891e-01
8.216321e-01
7.906606e-01
7.587939e-01
7.264964e-01
6.942475e-01
6.624384e-01
6.313712e-01
6.014045e-01
5.727110e-01
5.455404e-01
5.199540e-01
4.960513e-01
4.738431e-01
4.532158e-01
4.339383e-01
4.158849e-01
3.987914e-01
3.824082e-01
3.665273e-01
3.509193e-01
3.353988e-01
3.198256e-01
3.040843e-01
2.881452e-01
2.720158e-01
2.557954e-01
2.396509e-01
2.238219e-01
2.086105e-01
1.943480e-01
1.813519e-01
1.698818e-01
1.600892e-01
1.519935e-01
1.454943e-01
1.404052e-01
1.364972e-01
1.335379e-01
1.313179e-01
1.296620e-01
1.284314e-01
1.275190e-01
1.268438e-01
1.263452e-01
1.259778e-01
1.257079e-01
1.255101e-01
1.253660e-01
1.252612e-01
1.251855e-01
1.251310e-01
1.250920e-01
1.250642e-01
1.250446e-01
1.250308e-01
1.250211e-01
1.250144e-01
1.250097e-01
1.250066e-01
1.250044e-01
1.250029e-01
1.250019e-01
1.250013e-01
1.250008e-01
1.250005e-01
1.250003e-01
1.250002e-01
1.250001e-01
1.250001e-01
1.250001e-01
1.250000e-01
1.250000e-01
1.250000e-01
1.250000e-01
1.250000e-01
1.250000e-01
1.250000e-01
1.250000e-01
1.250000e-01
1.250000e-01
1.250000e-01
1.250000e-01
1.250000e-01
1.250000e-01
1.250000e-01
1.250000e-01
1.250000e-01
1.250000e-01
1.250000e-01
1.250000e-01
1.250000e-01
1.250000e-01
1.250000e-01
1.250000e-01
1.250000e-01
1.250000e-01
1.250000e-01
1.250000e-01
1.250000e-01
1.250000e-01
1.250000e-01
1.250000e-01
1.250000e-01
1.250000e-01
1.250000e-01
1.250000e-01
1.250000e-01
1.250000e-01
1.250000e-01
1.250000e-01
1.250000e-01
1.250000e-01
1.250000e-01
1.250000e-01
1.250000e-01
1.250000e-01
1.250000e-01
1.250000e-01
1.250000e-01
1.250000e-01
1.250000e-01
1.250000e-01
1.250000e-01
1.250000e-01
1.250000e-01
1.250000e-01
1.250000e-01
1.250000e-01
1.250000e-01
1.250000e-01
1.250000e-01
1.250000e-01
1.250000e-01
1.250000e-01
1.250000e-01
1.250000e-01
1.250000e-01
1.250000e-01
1.250000e-01
1.250000e-01
1.250000e-01
1.250000e-01
1.250000e-01
1.250000e-01
1.250000e-01
1.250000e-01
1.250000e-01
1.250000e-01
1.250000e-01
1.250000e-01
1.250000e-01
1.250000e-01
1.250000e-01
1.250000e-01
1.250000e-01
1.250000e-01
1.250000e-01
1.250000e-01
1.250000e-01
1.250000e-01
1.250000e-01
1.250000e-01
1.250000e-01
1.250000e-01
1.250000e-01
1.250000e-01
1.250000e-01
1.250000e-01
1.250000e-01
1.250000e-01
1.250000e-01
1.250000e-01
1.250000e-01
1.250000e-01
1.250000e-01
1.250000e-01
1.250000e-01
1.250000e-01
1.250000e-01
1.250000e-01
1.250000e-01
1.250000e-01
1.250000e-01
1.250000e-01
1.250000e-01
1.250000e-01
1.250000e-01
1.250000e-01
1.250000e-01
1.250000e-01
1.250000e-01
1.250000e-01
1.250000e-01
1.250000e-01
1.250000e-01
1.250000e-01
1.250000e-01
1.250000e-01
1.250000e-01
1.250000e-01
1.250000e-01
1.250000e-01
1.250000e-01
1.250000e-01
1.250000e-01
1.250000e-01
1.250000e-01
1.250000e-01
1.250001e-01
1.250001e-01
1.250002e-01
1.250002e-01
1.250004e-01
1.250006e-01
1.250009e-01
1.250014e-01
1.250021e-01
1.250031e-01
1.250046e-01
1.250069e-01
1.250102e-01
1.250149e-01
1.250218e-01
1.250317e-01
1.250457e-01
1.250656e-01
1.250938e-01
1.251332e-01
1.251882e-01
1.252646e-01
1.253702e-01
1.255155e-01
1.257146e-01
1.259863e-01
1.263558e-01
1.268570e-01
1.275348e-01
1.284493e-01
1.296804e-01
1.313334e-01
1.335444e-01
1.364850e-01
1.403615e-01
1.454046e-01
1.518457e-01
1.598785e-01
1.696129e-01
1.810382e-01
1.940095e-01
2.082709e-01
2.235009e-01
2.393598e-01
2.555381e-01
2.717900e-01
2.879460e-01
3.039022e-01
3.196516e-01
3.352281e-01
3.507477e-01
3.663565e-01
3.822420e-01
3.986327e-01
4.157423e-01
4.338272e-01
4.531481e-01
4.738356e-01
4.961207e-01
