5.017934e-01
5.161228e-01
5.311973e-01
5.470318e-01
5.636052e-01
5.808928e-01
5.988304e-01
6.174097e-01
6.365618e-01
6.562310e-01
6.763310e-01
6.968029e-01
7.175515e-01
7.384774e-01
7.594803e-01
7.804235e-01
8.011872e-01
8.216228e-01
8.415712e-01
8.608701e-01
8.793350e-01
8.967963e-01
9.130805e-01
9.280295e-01
9.415113e-01
9.534251e-01
9.637212e-01
9.724014e-01
9.795241e-01
9.852009e-01
9.895884e-01
9.928715e-01
9.952491e-01
9.969153e-01
9.980457e-01
9.987893e-01
9.992646e-01
9.995606e-01
9.997408e-01
9.998485e-01
9.999119e-01
9.999489e-01
9.999703e-01
9.999827e-01
9.999899e-01
9.999940e-01
9.999964e-01
9.999979e-01
9.999987e-01
9.999992e-01
9.999995e-01
9.999997e-01
9.999998e-01
9.999999e-01
9.999999e-01
1.000000e+00
1.000000e+00
1.000000e+00
1.000000e+00
1.000000e+00
1.000000e+00
1.000000e+00
1.000000e+00
1.000000e+00
1.000000e+00
1.000000e+00
1.000000e+00
1.000000e+00
1.000000e+00
1.000000e+00
1.000000e+00
1.000000e+00
1.000000e+00
1.000000e+00
1.000000e+00
1.000000e+00
1.000000e+00
1.000000e+00
1.000000e+00
1.000000e+00
1.000000e+00
1.000000e+00
1.000000e+00
1.000000e+00
1.000000e+00
1.000000e+00
1.000000e+00
1.000000e+00
1.000000e+00
1.000000e+00
1.000000e+00
1.000000e+00
1.000000e+00
1.000000e+00
1.000000e+00
1.000000e+00
1.000000e+00
1.000000e+00
1.000000e+00
1.000000e+00
1.000000e+00
1.000000e+00
1.000000e+00
1.000000e+00
1.000000e+00
1.000000e+00
1.000000e+00
1.000000e+00
1.000000e+00
1.000000e+00
1.000000e+00
1.000000e+00
1.000000e+00
1.000000e+00
1.000000e+00
1.000000e+00
1.000000e+00
1.000000e+00
1.000000e+00
1.000000e+00
1.000000e+00
1.000000e+00
1.000000e+00
1.000000e+00
1.000000e+00
1.000000e+00
1.000000e+00
1.000000e+00
1.000000e+00
1.000000e+00
1.000000e+00
1.000000e+00
1.000000e+00
1.000000e+00
1.000000e+00
1.000000e+00
1.000000e+00
1.000000e+00
1.000000e+00
1.000000e+00
1.000000e+00
1.000000e+00
1.000000e+00
1.000000e+00
1.000000e+00
1.000000e+00
1.000000e+00
1.000000e+00
1.000000e+00
1.000000e+00
1.000000e+00
1.000000e+00
1.000000e+00
1.000000e+00
1.000000e+00
1.000000e+00
1.000000e+00
1.000000e+00
1.000000e+00
1.000000e+00
1.000000e+00
1.000000e+00
1.000000e+00
1.000000e+00
1.000000e+00
1.000000e+00
1.000000e+00
1.000000e+00
1.000000e+00
1.000000e+00
1.000000e+00
1.000000e+00
1.000000e+00
1.000000e+00
1.000000e+00
1.000000e+00
1.000000e+00
1.000000e+00
1.000000e+00
1.000000e+00
1.000000e+00
1.000000e+00
1.000000e+00
1.000000e+00
1.000000e+00
1.000000e+00
1.000000e+00
1.000000e+00
1.000000e+00
1.000000e+00
1.000000e+00
1.000000e+00
1.000000e+00
1.000000e+00
1.000000e+00
1.000000e+00
1.000000e+00
1.000000e+00
1.000000e+00
1.000000e+00
9.999999e-01
9.999999e-01
9.999999e-01
9.999998e-01
9.999996e-01
9.999994e-01
9.999990e-01
9.999983e-01
9.999973e-01
9.999954e-01
9.999923e-01
9.999870e-01
9.999781e-01
9.999629e-01
9.999371e-01
9.998936e-01
9.998208e-01
9.997002e-01
9.995033e-01
9.991870e-01
9.986888e-01
9.979220e-01
9.967714e-01
9.950916e-01
9.927104e-01
9.894359e-01
9.850696e-01
9.794238e-01
9.723381e-01
9.636953e-01
9.534318e-01
9.415414e-01
9.280717e-01
9.131219e-01
8.968249e-01
8.793406e-01
8.608446e-01
8.415095e-01
8.215221e-01
8.010481e-01
7.802484e-01
7.592732e-01
7.382437e-01
7.172971e-01
6.965351e-01
6.760571e-01
6.559559e-01
6.362936e-01
6.171527e-01
5.985909e-01
5.806725e-01
5.634101e-01
5.468631e-01
5.310574e-01
5.160112e-01
5.017184e-01
4.881750e-01
4.753830e-01
4.632814e-01
4.518549e-01
4.410547e-01
4.307868e-01
4.210254e-01
4.116685e-01
4.026450e-01
3.939029e-01
3.853370e-01
3.769204e-01
3.685720e-01
3.602489e-01
3.519222e-01
3.435478e-01
3.351090e-01
3.265809e-01
3.179446e-01
3.091834e-01
3.002746e-01
2.912014e-01
2.819440e-01
2.724885e-01
2.628277e-01
2.529728e-01
2.429499e-01
2.328106e-01
2.226347e-01
2.125291e-01
2.026258e-01
1.930703e-01
1.840137e-01
1.755925e-01
1.679161e-01
1.610559e-01
1.550404e-01
1.498565e-01
1.454564e-01
1.417685e-01
1.387081e-01
1.361872e-01
1.341213e-01
1.324342e-01
1.310588e-01
1.299383e-01
1.290261e-01
1.282830e-01
1.276770e-01
1.271832e-01
1.267802e-01
1.264509e-01
1.261824e-01
1.259630e-01
1.257833e-01
1.256371e-01
1.255177e-01
1.254198e-01
1.253404e-01
1.252757e-01
1.252226e-01
1.251799e-01
1.251451e-01
1.251165e-01
1.250937e-01
1.250752e-01
1.250601e-01
1.250481e-01
1.250384e-01
1.250305e-01
1.250243e-01
1.250193e-01
1.250152e-01
1.250120e-01
1.250095e-01
1.250075e-01
1.250059e-01
1.250046e-01
1.250036e-01
1.250028e-01
1.250022e-01
1.250017e-01
1.250013e-01
1.250010e-01
1.250008e-01
1.250006e-01
1.250005e-01
1.250004e-01
1.250003e-01
1.250002e-01
1.250002e-01
1.250001e-01
1.250001e-01
1.250001e-01
1.250001e-01
1.250000e-01
1.250000e-01
1.250000e-01
1.250000e-01
1.250000e-01
1.250000e-01
1.250000e-01
1.250000e-01
1.250000e-01
1.250000e-01
1.250000e-01
1.250000e-01
1.250000e-01
1.250000e-01
1.250000e-01
1.250000e-01
1.250000e-01
1.250000e-01
1.250000e-01
1.250000e-01
1.250000e-01
1.250000e-01
1.250000e-01
1.250000e-01
1.250000e-01
1.250000e-01
1.250000e-01
1.250000e-01
1.250000e-01
1.250000e-01
1.250000e-01
1.250000e-01
1.250000e-01
1.250000e-01
1.250000e-01
1.250000e-01
1.250000e-01
1.250000e-01
1.250000e-01
1.250000e-01
1.250000e-01
1.250000e-01
1.250000e-01
1.250000e-01
1.250000e-01
1.250000e-01
1.250000e-01
1.250000e-01
1.250000e-01
1.250000e-01
1.250000e-01
1.250000e-01
1.250000e-01
1.250000e-01
1.250000e-01
1.250000e-01
1.250000e-01
1.250000e-01
1.250000e-01
1.250000e-01
1.250000e-01
1.250000e-01
1.250000e-01
1.250000e-01
1.250000e-01
1.250000e-01
1.250001e-01
1.250001e-01
1.250001e-01
1.250001e-01
1.250002e-01
1.250002e-01
1.250003e-01
1.250004e-01
1.250005e-01
1.250006e-01
1.250008e-01
1.250010e-01
1.250013e-01
1.250017e-01
1.250022e-01
1.250028e-01
1.250036e-01
1.250046e-01
1.250059e-01
1.250075e-01
1.250096e-01
1.250121e-01
1.250154e-01
1.250194e-01
1.250244e-01
1.250307e-01
1.250386e-01
1.250483e-01
1.250604e-01
1.250755e-01
1.250941e-01
1.251171e-01
1.251454e-01
1.251804e-01
1.252235e-01
1.252764e-01
1.253415e-01
1.254214e-01
1.255192e-01
1.256393e-01
1.257862e-01
1.259660e-01
1.261863e-01
1.264558e-01
1.267856e-01
1.271897e-01
1.276845e-01
1.282910e-01
1.290346e-01
1.299468e-01
1.310658e-01
1.324384e-01
1.341204e-01
1.361775e-01
1.386854e-01
1.417274e-01
1.453911e-01
1.497616e-01
1.549120e-01
1.608927e-01
1.677203e-01
1.753701e-01
1.837732e-01
1.928214e-01
2.023774e-01
2.122900e-01
2.224120e-01
2.326079e-01
2.427681e-01
2.528109e-01
2.626830e-01
2.723579e-01
2.818245e-01
2.910894e-01
3.001669e-01
3.090773e-01
3.178381e-01
3.264732e-01
3.349965e-01
3.434334e-01
3.518019e-01
3.601259e-01
3.684436e-01
3.767944e-01
3.852086e-01
3.937782e-01
4.025237e-01
4.115578e-01
4.209305e-01
4.307071e-01
4.409988e-01
4.518209e-01
4.632759e-01
4.754065e-01
4.882268e-01
