5.194755e-01
5.447282e-01
5.714952e-01
5.997668e-01
6.292749e-01
6.598703e-01
6.912022e-01
7.229892e-01
7.548600e-01
7.863571e-01
8.170496e-01
8.464508e-01
8.740303e-01
8.993153e-01
9.218682e-01
9.413398e-01
9.575476e-01
9.704845e-01
9.803412e-01
9.874777e-01
9.923755e-01
9.955566e-01
9.975128e-01
9.986554e-01
9.992928e-01
9.996350e-01
9.998135e-01
9.999048e-01
9.999512e-01
9.999747e-01
9.999868e-01
9.999930e-01
9.999962e-01
9.999980e-01
9.999989e-01
9.999994e-01
9.999996e-01
9.999998e-01
9.999999e-01
9.999999e-01
1.000000e+00
1.000000e+00
1.000000e+00
1.000000e+00
1.000000e+00
1.000000e+00
1.000000e+00
1.000000e+00
1.000000e+00
1.000000e+00
1.000000e+00
1.000000e+00
1.000000e+00
1.000000e+00
1.000000e+00
1.000000e+00
1.000000e+00
1.000000e+00
1.000000e+00
1.000000e+00
1.000000e+00
1.000000e+00
1.000000e+00
1.000000e+00
1.000000e+00
1.000000e+00
1.000000e+00
1.000000e+00
1.000000e+00
1.000000e+00
1.000000e+00
1.000000e+00
1.000000e+00
1.000000e+00
1.000000e+00
1.000000e+00
1.000000e+00
1.000000e+00
1.000000e+00
1.000000e+00
1.000000e+00
1.000000e+00
1.000000e+00
1.000000e+00
1.000000e+00
1.000000e+00
1.000000e+00
1.000000e+00
1.000000e+00
1.000000e+00
1.000000e+00
1.000000e+00
1.000000e+00
1.000000e+00
1.000000e+00
1.000000e+00
1.000000e+00
1.000000e+00
1.000000e+00
1.000000e+00
1.000000e+00
1.000000e+00
1.000000e+00
1.000000e+00
1.000000e+00
1.000000e+00
1.000000e+00
1.000000e+00
1.000000e+00
1.000000e+00
1.000000e+00
1.000000e+00
1.000000e+00
1.000000e+00
1.000000e+00
1.000000e+00
1.000000e+00
1.000000e+00
1.000000e+00
1.000000e+00
1.000000e+00
1.000000e+00
1.000000e+00
1.000000e+00
1.000000e+00
1.000000e+00
1.000000e+00
1.000000e+00
1.000000e+00
1.000000e+00
1.000000e+00
1.000000e+00
1.000000e+00
1.000000e+00
1.000000e+00
1.000000e+00
1.000000e+00
1.000000e+00
1.000000e+00
1.000000e+00
1.000000e+00
1.000000e+00
1.000000e+00
1.000000e+00
1.000000e+00
1.000000e+00
1.000000e+00
1.000000e+00
1.000000e+00
1.000000e+00
1.000000e+00
1.000000e+00
1.000000e+00
1.000000e+00
1.000000e+00
1.000000e+00
1.000000e+00
1.000000e+00
1.000000e+00
1.000000e+00
1.000000e+00
1.000000e+00
1.000000e+00
1.000000e+00
1.000000e+00
1.000000e+00
1.000000e+00
1.000000e+00
1.000000e+00
1.000000e+00
1.000000e+00
1.000000e+00
1.000000e+00
1.000000e+00
1.000000e+00
1.000000e+00
1.000000e+00
1.000000e+00
1.000000e+00
1.000000e+00
1.000000e+00
1.000000e+00
1.000000e+00
1.000000e+00
1.000000e+00
1.000000e+00
1.000000e+00
1.000000e+00
1.000000e+00
1.000000e+00
1.000000e+00
1.000000e+00
1.000000e+00
1.000000e+00
1.000000e+00
1.000000e+00
1.000000e+00
1.000000e+00
1.000000e+00
1.000000e+00
1.000000e+00
1.000000e+00
1.000000e+00
1.000000e+00
1.000000e+00
1.000000e+00
1.000000e+00
1.000000e+00
1.000000e+00
1.000000e+00
1.000000e+00
1.000000e+00
1.000000e+00
1.000000e+00
1.000000e+00
1.000000e+00
9.999999e-01
9.999998e-01
9.999997e-01
9.999995e-01
9.999992e-01
9.999985e-01
9.999972e-01
9.999949e-01
9.999905e-01
9.999822e-01
9.999664e-01
9.999362e-01
9.998787e-01
9.997697e-01
9.995651e-01
9.991879e-01
9.985094e-01
9.973265e-01
9.953421e-01
9.921570e-01
9.872858e-01
9.802044e-01
9.704181e-01
9.575485e-01
9.413869e-01
9.219288e-01
8.993555e-01
8.740197e-01
8.463693e-01
8.168886e-01
7.861193e-01
7.545583e-01
7.226422e-01
6.908323e-01
6.594994e-01
6.289275e-01
5.994568e-01
5.712395e-01
5.445269e-01
5.193673e-01
4.958545e-01
4.739929e-01
4.536802e-01
4.346850e-01
4.168953e-01
4.000552e-01
3.839273e-01
3.683043e-01
3.529641e-01
3.377268e-01
3.224483e-01
3.070108e-01
2.913721e-01
2.755292e-01
2.595584e-01
2.436026e-01
2.278768e-01
2.126613e-01
1.982737e-01
1.850324e-01
1.732133e-01
1.630021e-01
1.544588e-01
1.475220e-01
1.420344e-01
1.377833e-01
1.345407e-01
1.320935e-01
1.302589e-01
1.288894e-01
1.278694e-01
1.271114e-01
1.265489e-01
1.261326e-01
1.258250e-01
1.255985e-01
1.254323e-01
1.253108e-01
1.252223e-01
1.251582e-01
1.251120e-01
1.250788e-01
1.250552e-01
1.250384e-01
1.250266e-01
1.250183e-01
1.250125e-01
1.250085e-01
1.250058e-01
1.250039e-01
1.250026e-01
1.250017e-01
1.250011e-01
1.250007e-01
1.250005e-01
1.250003e-01
1.250002e-01
1.250001e-01
1.250001e-01
1.250001e-01
1.250000e-01
1.250000e-01
1.250000e-01
1.250000e-01
1.250000e-01
1.250000e-01
1.250000e-01
1.250000e-01
1.250000e-01
1.250000e-01
1.250000e-01
1.250000e-01
1.250000e-01
1.250000e-01
1.250000e-01
1.250000e-01
1.250000e-01
1.250000e-01
1.250000e-01
1.250000e-01
1.250000e-01
1.250000e-01
1.250000e-01
1.250000e-01
1.250000e-01
1.250000e-01
1.250000e-01
1.250000e-01
1.250000e-01
1.250000e-01
1.250000e-01
1.250000e-01
1.250000e-01
1.250000e-01
1.250000e-01
1.250000e-01
1.250000e-01
1.250000e-01
1.250000e-01
1.250000e-01
1.250000e-01
1.250000e-01
1.250000e-01
1.250000e-01
1.250000e-01
1.250000e-01
1.250000e-01
1.250000e-01
1.250000e-01
1.250000e-01
1.250000e-01
1.250000e-01
1.250000e-01
1.250000e-01
1.250000e-01
1.250000e-01
1.250000e-01
1.250000e-01
1.250000e-01
1.250000e-01
1.250000e-01
1.250000e-01
1.250000e-01
1.250000e-01
1.250000e-01
1.250000e-01
1.250000e-01
1.250000e-01
1.250000e-01
1.250000e-01
1.250000e-01
1.250000e-01
1.250000e-01
1.250000e-01
1.250000e-01
1.250000e-01
1.250000e-01
1.250000e-01
1.250000e-01
1.250000e-01
1.250000e-01
1.250000e-01
1.250000e-01
1.250000e-01
1.250000e-01
1.250000e-01
1.250000e-01
1.250000e-01
1.250000e-01
1.250000e-01
1.250000e-01
1.250000e-01
1.250000e-01
1.250000e-01
1.250000e-01
1.250000e-01
1.250000e-01
1.250000e-01
1.250000e-01
1.250000e-01
1.250000e-01
1.250000e-01
1.250000e-01
1.250000e-01
1.250000e-01
1.250000e-01
1.250000e-01
1.250000e-01
1.250000e-01
1.250000e-01
1.250000e-01
1.250000e-01
1.250000e-01
1.250000e-01
1.250000e-01
1.250000e-01
1.250000e-01
1.250000e-01
1.250000e-01
1.250000e-01
1.250000e-01
1.250000e-01
1.250000e-01
1.250000e-01
1.250000e-01
1.250000e-01
1.250000e-01
1.250000e-01
1.250000e-01
1.250000e-01
1.250000e-01
1.250000e-01
1.250000e-01
1.250000e-01
1.250000e-01
1.250000e-01
1.250001e-01
1.250001e-01
1.250001e-01
1.250002e-01
1.250003e-01
1.250005e-01
1.250008e-01
1.250012e-01
1.250018e-01
1.250027e-01
1.250041e-01
1.250060e-01
1.250089e-01
1.250130e-01
1.250189e-01
1.250274e-01
1.250394e-01
1.250564e-01
1.250804e-01
1.251139e-01
1.251606e-01
1.252252e-01
1.253144e-01
1.254368e-01
1.256042e-01
1.258322e-01
1.261417e-01
1.265603e-01
1.271252e-01
1.278857e-01
1.289072e-01
1.302763e-01
1.321061e-01
1.345414e-01
1.377614e-01
1.419767e-01
1.474146e-01
1.542919e-01
1.627738e-01
1.729316e-01
1.847120e-01
1.979356e-01
2.123283e-01
2.275668e-01
2.433231e-01
2.593119e-01
2.753140e-01
2.911800e-01
3.068325e-01
3.222777e-01
3.375587e-01
3.527945e-01
3.681345e-01
3.837622e-01
3.999001e-01
4.167549e-01
4.345750e-01
4.536155e-01
4.739868e-01
4.959236e-01
