5.154262e-01
5.378669e-01
5.615944e-01
5.866657e-01
6.128546e-01
6.401039e-01
6.682073e-01
6.969050e-01
7.259798e-01
7.551487e-01
7.840542e-01
8.123715e-01
8.397174e-01
8.656745e-01
8.898540e-01
9.118736e-01
9.314133e-01
9.482299e-01
9.622198e-01
9.734170e-01
9.820069e-01
9.882996e-01
9.926931e-01
9.956126e-01
9.974603e-01
9.985762e-01
9.992225e-01
9.995836e-01
9.997796e-01
9.998839e-01
9.999387e-01
9.999674e-01
9.999825e-01
9.999905e-01
9.999948e-01
9.999971e-01
9.999984e-01
9.999991e-01
9.999995e-01
9.999997e-01
9.999998e-01
9.999999e-01
9.999999e-01
1.000000e+00
1.000000e+00
1.000000e+00
1.000000e+00
1.000000e+00
1.000000e+00
1.000000e+00
1.000000e+00
1.000000e+00
1.000000e+00
1.000000e+00
1.000000e+00
1.000000e+00
1.000000e+00
1.000000e+00
1.000000e+00
1.000000e+00
1.000000e+00
1.000000e+00
1.000000e+00
1.000000e+00
1.000000e+00
1.000000e+00
1.000000e+00
1.000000e+00
1.000000e+00
1.000000e+00
1.000000e+00
1.000000e+00
1.000000e+00
1.000000e+00
1.000000e+00
1.000000e+00
1.000000e+00
1.000000e+00
1.000000e+00
1.000000e+00
1.000000e+00
1.000000e+00
1.000000e+00
1.000000e+00
1.000000e+00
1.000000e+00
1.000000e+00
1.000000e+00
1.000000e+00
1.000000e+00
1.000000e+00
1.000000e+00
1.000000e+00
1.000000e+00
1.000000e+00
1.000000e+00
1.000000e+00
1.000000e+00
1.000000e+00
1.000000e+00
1.000000e+00
1.000000e+00
1.000000e+00
1.000000e+00
1.000000e+00
1.000000e+00
1.000000e+00
1.000000e+00
1.000000e+00
1.000000e+00
1.000000e+00
1.000000e+00
1.000000e+00
1.000000e+00
1.000000e+00
1.000000e+00
1.000000e+00
1.000000e+00
1.000000e+00
1.000000e+00
1.000000e+00
1.000000e+00
1.000000e+00
1.000000e+00
1.000000e+00
1.000000e+00
1.000000e+00
1.000000e+00
1.000000e+00
1.000000e+00
1.000000e+00
1.000000e+00
1.000000e+00
1.000000e+00
1.000000e+00
1.000000e+00
1.000000e+00
1.000000e+00
1.000000e+00
1.000000e+00
1.000000e+00
1.000000e+00
1.000000e+00
1.000000e+00
1.000000e+00
1.000000e+00
1.000000e+00
1.000000e+00
1.000000e+00
1.000000e+00
1.000000e+00
1.000000e+00
1.000000e+00
1.000000e+00
1.000000e+00
1.000000e+00
1.000000e+00
1.000000e+00
1.000000e+00
1.000000e+00
1.000000e+00
1.000000e+00
1.000000e+00
1.000000e+00
1.000000e+00
1.000000e+00
1.000000e+00
1.000000e+00
1.000000e+00
1.000000e+00
1.000000e+00
1.000000e+00
1.000000e+00
1.000000e+00
1.000000e+00
1.000000e+00
1.000000e+00
1.000000e+00
1.000000e+00
1.000000e+00
1.000000e+00
1.000000e+00
1.000000e+00
1.000000e+00
1.000000e+00
1.000000e+00
1.000000e+00
1.000000e+00
1.000000e+00
1.000000e+00
1.000000e+00
1.000000e+00
1.000000e+00
1.000000e+00
1.000000e+00
1.000000e+00
1.000000e+00
1.000000e+00
1.000000e+00
1.000000e+00
1.000000e+00
1.000000e+00
1.000000e+00
1.000000e+00
1.000000e+00
1.000000e+00
1.000000e+00
1.000000e+00
1.000000e+00
1.000000e+00
1.000000e+00
1.000000e+00
1.000000e+00
9.999999e-01
9.999999e-01
9.999998e-01
9.999996e-01
9.999993e-01
9.999988e-01
9.999978e-01
9.999961e-01
9.999931e-01
9.999874e-01
9.999769e-01
9.999576e-01
9.999216e-01
9.998552e-01
9.997334e-01
9.995125e-01
9.991193e-01
9.984363e-01
9.972850e-01
9.954125e-01
9.924877e-01
9.881142e-01
9.818658e-01
9.733358e-01
9.622004e-01
9.482596e-01
9.314684e-01
9.119262e-01
8.898770e-01
8.656470e-01
8.396248e-01
8.122103e-01
7.838273e-01
7.548662e-01
7.256571e-01
6.965586e-01
6.678560e-01
6.397636e-01
6.125423e-01
5.863879e-01
5.613707e-01
5.376899e-01
5.153250e-01
4.943897e-01
4.748420e-01
4.566004e-01
4.395214e-01
4.234925e-01
4.083059e-01
3.938402e-01
3.798865e-01
3.662820e-01
3.528585e-01
3.394854e-01
3.260459e-01
3.124506e-01
2.986459e-01
2.846055e-01
2.703457e-01
2.559367e-01
2.414937e-01
2.271902e-01
2.132526e-01
1.999429e-01
1.875306e-01
1.762636e-01
1.663281e-01
1.578161e-01
1.507223e-01
1.449547e-01
1.403612e-01
1.367608e-01
1.339710e-01
1.318259e-01
1.301840e-01
1.289310e-01
1.279760e-01
1.272492e-01
1.266962e-01
1.262765e-01
1.259578e-01
1.257169e-01
1.255346e-01
1.253974e-01
1.252942e-01
1.252171e-01
1.251594e-01
1.251167e-01
1.250850e-01
1.250616e-01
1.250445e-01
1.250320e-01
1.250229e-01
1.250163e-01
1.250115e-01
1.250081e-01
1.250057e-01
1.250040e-01
1.250028e-01
1.250019e-01
1.250013e-01
1.250009e-01
1.250006e-01
1.250004e-01
1.250003e-01
1.250002e-01
1.250001e-01
1.250001e-01
1.250001e-01
1.250000e-01
1.250000e-01
1.250000e-01
1.250000e-01
1.250000e-01
1.250000e-01
1.250000e-01
1.250000e-01
1.250000e-01
1.250000e-01
1.250000e-01
1.250000e-01
1.250000e-01
1.250000e-01
1.250000e-01
1.250000e-01
1.250000e-01
1.250000e-01
1.250000e-01
1.250000e-01
1.250000e-01
1.250000e-01
1.250000e-01
1.250000e-01
1.250000e-01
1.250000e-01
1.250000e-01
1.250000e-01
1.250000e-01
1.250000e-01
1.250000e-01
1.250000e-01
1.250000e-01
1.250000e-01
1.250000e-01
1.250000e-01
1.250000e-01
1.250000e-01
1.250000e-01
1.250000e-01
1.250000e-01
1.250000e-01
1.250000e-01
1.250000e-01
1.250000e-01
1.250000e-01
1.250000e-01
1.250000e-01
1.250000e-01
1.250000e-01
1.250000e-01
1.250000e-01
1.250000e-01
1.250000e-01
1.250000e-01
1.250000e-01
1.250000e-01
1.250000e-01
1.250000e-01
1.250000e-01
1.250000e-01
1.250000e-01
1.250000e-01
1.250000e-01
1.250000e-01
1.250000e-01
1.250000e-01
1.250000e-01
1.250000e-01
1.250000e-01
1.250000e-01
1.250000e-01
1.250000e-01
1.250000e-01
1.250000e-01
1.250000e-01
1.250000e-01
1.250000e-01
1.250000e-01
1.250000e-01
1.250000e-01
1.250000e-01
1.250000e-01
1.250000e-01
1.250000e-01
1.250000e-01
1.250000e-01
1.250000e-01
1.250000e-01
1.250000e-01
1.250000e-01
1.250000e-01
1.250000e-01
1.250000e-01
1.250000e-01
1.250000e-01
1.250000e-01
1.250000e-01
1.250000e-01
1.250000e-01
1.250000e-01
1.250000e-01
1.250000e-01
1.250000e-01
1.250000e-01
1.250000e-01
1.250000e-01
1.250000e-01
1.250000e-01
1.250000e-01
1.250000e-01
1.250000e-01
1.250000e-01
1.250000e-01
1.250000e-01
1.250000e-01
1.250000e-01
1.250000e-01
1.250000e-01
1.250000e-01
1.250000e-01
1.250000e-01
1.250000e-01
1.250000e-01
1.250001e-01
1.250001e-01
1.250001e-01
1.250002e-01
1.250003e-01
1.250005e-01
1.250007e-01
1.250010e-01
1.250014e-01
1.250020e-01
1.250029e-01
1.250042e-01
1.250059e-01
1.250084e-01
1.250119e-01
1.250167e-01
1.250234e-01
1.250326e-01
1.250453e-01
1.250626e-01
1.250862e-01
1.251181e-01
1.251612e-01
1.252192e-01
1.252968e-01
1.254006e-01
1.255386e-01
1.257218e-01
1.259643e-01
1.262844e-01
1.267062e-01
1.272610e-01
1.279899e-01
1.289460e-01
1.301988e-01
1.318371e-01
1.339736e-01
1.367468e-01
1.403205e-01
1.448758e-01
1.505948e-01
1.576344e-01
1.660941e-01
1.759871e-01
1.872255e-01
1.996266e-01
2.129438e-01
2.269029e-01
2.412340e-01
2.557071e-01
2.701437e-01
2.844242e-01
2.984796e-01
3.122941e-01
3.258921e-01
3.393308e-01
3.527007e-01
3.661240e-01
3.797329e-01
3.936847e-01
4.081589e-01
4.233686e-01
4.394266e-01
4.565573e-01
4.748456e-01
4.944553e-01
