5.099480e-01
5.288355e-01
5.487556e-01
5.697847e-01
5.918166e-01
6.147401e-01
6.385073e-01
6.629872e-01
6.880053e-01
7.134397e-01
7.390880e-01
7.647495e-01
7.901905e-01
8.151693e-01
8.394138e-01
8.626326e-01
8.845336e-01
9.048334e-01
9.232679e-01
9.396236e-01
9.537488e-01
9.655900e-01
9.751903e-01
9.826956e-01
9.883368e-01
9.924067e-01
9.952219e-01
9.970890e-01
9.982781e-01
9.990070e-01
9.994391e-01
9.996879e-01
9.998279e-01
9.999055e-01
9.999481e-01
9.999713e-01
9.999840e-01
9.999910e-01
9.999949e-01
9.999971e-01
9.999983e-01
9.999990e-01
9.999994e-01
9.999997e-01
9.999998e-01
9.999999e-01
9.999999e-01
1.000000e+00
1.000000e+00
1.000000e+00
1.000000e+00
1.000000e+00
1.000000e+00
1.000000e+00
1.000000e+00
1.000000e+00
1.000000e+00
1.000000e+00
1.000000e+00
1.000000e+00
1.000000e+00
1.000000e+00
1.000000e+00
1.000000e+00
1.000000e+00
1.000000e+00
1.000000e+00
1.000000e+00
1.000000e+00
1.000000e+00
1.000000e+00
1.000000e+00
1.000000e+00
1.000000e+00
1.000000e+00
1.000000e+00
1.000000e+00
1.000000e+00
1.000000e+00
1.000000e+00
1.000000e+00
1.000000e+00
1.000000e+00
1.000000e+00
1.000000e+00
1.000000e+00
1.000000e+00
1.000000e+00
1.000000e+00
1.000000e+00
1.000000e+00
1.000000e+00
1.000000e+00
1.000000e+00
1.000000e+00
1.000000e+00
1.000000e+00
1.000000e+00
1.000000e+00
1.000000e+00
1.000000e+00
1.000000e+00
1.000000e+00
1.000000e+00
1.000000e+00
1.000000e+00
1.000000e+00
1.000000e+00
1.000000e+00
1.000000e+00
1.000000e+00
1.000000e+00
1.000000e+00
1.000000e+00
1.000000e+00
1.000000e+00
1.000000e+00
1.000000e+00
1.000000e+00
1.000000e+00
1.000000e+00
1.000000e+00
1.000000e+00
1.000000e+00
1.000000e+00
1.000000e+00
1.000000e+00
1.000000e+00
1.000000e+00
1.000000e+00
1.000000e+00
1.000000e+00
1.000000e+00
1.000000e+00
1.000000e+00
1.000000e+00
1.000000e+00
1.000000e+00
1.000000e+00
1.000000e+00
1.000000e+00
1.000000e+00
1.000000e+00
1.000000e+00
1.000000e+00
1.000000e+00
1.000000e+00
1.000000e+00
1.000000e+00
1.000000e+00
1.000000e+00
1.000000e+00
1.000000e+00
1.000000e+00
1.000000e+00
1.000000e+00
1.000000e+00
1.000000e+00
1.000000e+00
1.000000e+00
1.000000e+00
1.000000e+00
1.000000e+00
1.000000e+00
1.000000e+00
1.000000e+00
1.000000e+00
1.000000e+00
1.000000e+00
1.000000e+00
1.000000e+00
1.000000e+00
1.000000e+00
1.000000e+00
1.000000e+00
1.000000e+00
1.000000e+00
1.000000e+00
1.000000e+00
1.000000e+00
1.000000e+00
1.000000e+00
1.000000e+00
1.000000e+00
1.000000e+00
1.000000e+00
1.000000e+00
1.000000e+00
1.000000e+00
1.000000e+00
1.000000e+00
1.000000e+00
1.000000e+00
1.000000e+00
1.000000e+00
1.000000e+00
1.000000e+00
1.000000e+00
1.000000e+00
1.000000e+00
1.000000e+00
1.000000e+00
1.000000e+00
1.000000e+00
1.000000e+00
1.000000e+00
1.000000e+00
1.000000e+00
9.999999e-01
9.999999e-01
9.999998e-01
9.999997e-01
9.999996e-01
9.999992e-01
9.999987e-01
9.999978e-01
9.999962e-01
9.999933e-01
9.999883e-01
9.999793e-01
9.999632e-01
9.999345e-01
9.998833e-01
9.997928e-01
9.996345e-01
9.993615e-01
9.989005e-01
9.981404e-01
9.969234e-01
9.950380e-01
9.922202e-01
9.881673e-01
9.825611e-01
9.751043e-01
9.655557e-01
9.537598e-01
9.396651e-01
9.233200e-01
9.048755e-01
8.845472e-01
8.626031e-01
8.393313e-01
8.150315e-01
7.899987e-01
7.645103e-01
7.388093e-01
7.131348e-01
6.876868e-01
6.626654e-01
6.381956e-01
6.144481e-01
5.915527e-01
5.695544e-01
5.485687e-01
5.286875e-01
5.098568e-01
4.921282e-01
4.754929e-01
4.598733e-01
4.452342e-01
4.314163e-01
4.183756e-01
4.059256e-01
3.940023e-01
3.824310e-01
3.711285e-01
3.599724e-01
3.488705e-01
3.377424e-01
3.265189e-01
3.151418e-01
3.035671e-01
2.917723e-01
2.797438e-01
2.674899e-01
2.550537e-01
2.425073e-01
2.299633e-01
2.175757e-01
2.055347e-01
1.940490e-01
1.833301e-01
1.735644e-01
1.648856e-01
1.573603e-01
1.509852e-01
1.456954e-01
1.413814e-01
1.379110e-01
1.351467e-01
1.329601e-01
1.312376e-01
1.298840e-01
1.288218e-01
1.279882e-01
1.273348e-01
1.268221e-01
1.264202e-01
1.261055e-01
1.258587e-01
1.256661e-01
1.255152e-01
1.253979e-01
1.253064e-01
1.252352e-01
1.251803e-01
1.251376e-01
1.251049e-01
1.250795e-01
1.250602e-01
1.250454e-01
1.250341e-01
1.250256e-01
1.250191e-01
1.250142e-01
1.250105e-01
1.250078e-01
1.250057e-01
1.250042e-01
1.250031e-01
1.250022e-01
1.250016e-01
1.250012e-01
1.250008e-01
1.250006e-01
1.250004e-01
1.250003e-01
1.250002e-01
1.250002e-01
1.250001e-01
1.250001e-01
1.250001e-01
1.250000e-01
1.250000e-01
1.250000e-01
1.250000e-01
1.250000e-01
1.250000e-01
1.250000e-01
1.250000e-01
1.250000e-01
1.250000e-01
1.250000e-01
1.250000e-01
1.250000e-01
1.250000e-01
1.250000e-01
1.250000e-01
1.250000e-01
1.250000e-01
1.250000e-01
1.250000e-01
1.250000e-01
1.250000e-01
1.250000e-01
1.250000e-01
1.250000e-01
1.250000e-01
1.250000e-01
1.250000e-01
1.250000e-01
1.250000e-01
1.250000e-01
1.250000e-01
1.250000e-01
1.250000e-01
1.250000e-01
1.250000e-01
1.250000e-01
1.250000e-01
1.250000e-01
1.250000e-01
1.250000e-01
1.250000e-01
1.250000e-01
1.250000e-01
1.250000e-01
1.250000e-01
1.250000e-01
1.250000e-01
1.250000e-01
1.250000e-01
1.250000e-01
1.250000e-01
1.250000e-01
1.250000e-01
1.250000e-01
1.250000e-01
1.250000e-01
1.250000e-01
1.250000e-01
1.250000e-01
1.250000e-01
1.250000e-01
1.250000e-01
1.250000e-01
1.250000e-01
1.250000e-01
1.250000e-01
1.250000e-01
1.250000e-01
1.250000e-01
1.250000e-01
1.250000e-01
1.250000e-01
1.250000e-01
1.250000e-01
1.250000e-01
1.250000e-01
1.250000e-01
1.250000e-01
1.250000e-01
1.250000e-01
1.250000e-01
1.250000e-01
1.250000e-01
1.250000e-01
1.250000e-01
1.250000e-01
1.250000e-01
1.250000e-01
1.250000e-01
1.250000e-01
1.250000e-01
1.250000e-01
1.250000e-01
1.250000e-01
1.250000e-01
1.250000e-01
1.250000e-01
1.250000e-01
1.250000e-01
1.250000e-01
1.250000e-01
1.250000e-01
1.250000e-01
1.250001e-01
1.250001e-01
1.250001e-01
1.250002e-01
1.250002e-01
1.250003e-01
1.250005e-01
1.250006e-01
1.250009e-01
1.250012e-01
1.250017e-01
1.250023e-01
1.250032e-01
1.250043e-01
1.250059e-01
1.250080e-01
1.250107e-01
1.250145e-01
1.250194e-01
1.250259e-01
1.250345e-01
1.250459e-01
1.250608e-01
1.250802e-01
1.251056e-01
1.251386e-01
1.251814e-01
1.252367e-01
1.253081e-01
1.254000e-01
1.255180e-01
1.256694e-01
1.258631e-01
1.261107e-01
1.264269e-01
1.268301e-01
1.273442e-01
1.279992e-01
1.288335e-01
1.298959e-01
1.312476e-01
1.329652e-01
1.351423e-01
1.378905e-01
1.413369e-01
1.456179e-01
1.508671e-01
1.571969e-01
1.646777e-01
1.733189e-01
1.830581e-01
1.937634e-01
2.052490e-01
2.173030e-01
2.297124e-01
2.422815e-01
2.548533e-01
2.673115e-01
2.795836e-01
2.916257e-01
3.034279e-01
3.150074e-01
3.263860e-01
3.376070e-01
3.487305e-01
3.598301e-01
3.709800e-01
3.822838e-01
3.938583e-01
4.057912e-01
4.182572e-01
4.313187e-01
4.451691e-01
4.598429e-01
4.755079e-01
4.921871e-01
