5.238797e-01
5.524290e-01
5.827687e-01
6.147012e-01
6.480036e-01
6.822854e-01
7.171390e-01
7.521007e-01
7.865777e-01
8.200071e-01
8.517511e-01
8.811597e-01
9.076501e-01
9.307221e-01
9.500432e-01
9.655168e-01
9.772979e-01
9.857789e-01
9.915319e-01
9.952007e-01
9.974006e-01
9.986458e-01
9.993152e-01
9.996603e-01
9.998329e-01
9.999178e-01
9.999592e-01
9.999795e-01
9.999896e-01
9.999946e-01
9.999972e-01
9.999985e-01
9.999992e-01
9.999996e-01
9.999998e-01
9.999999e-01
9.999999e-01
1.000000e+00
1.000000e+00
1.000000e+00
1.000000e+00
1.000000e+00
1.000000e+00
1.000000e+00
1.000000e+00
1.000000e+00
1.000000e+00
1.000000e+00
1.000000e+00
1.000000e+00
1.000000e+00
1.000000e+00
1.000000e+00
1.000000e+00
1.000000e+00
1.000000e+00
1.000000e+00
1.000000e+00
1.000000e+00
1.000000e+00
1.000000e+00
1.000000e+00
1.000000e+00
1.000000e+00
1.000000e+00
1.000000e+00
1.000000e+00
1.000000e+00
1.000000e+00
1.000000e+00
1.000000e+00
1.000000e+00
1.000000e+00
1.000000e+00
1.000000e+00
1.000000e+00
1.000000e+00
1.000000e+00
1.000000e+00
1.000000e+00
1.000000e+00
1.000000e+00
1.000000e+00
1.000000e+00
1.000000e+00
1.000000e+00
1.000000e+00
1.000000e+00
1.000000e+00
1.000000e+00
1.000000e+00
1.000000e+00
1.000000e+00
1.000000e+00
1.000000e+00
1.000000e+00
1.000000e+00
1.000000e+00
1.000000e+00
1.000000e+00
1.000000e+00
1.000000e+00
1.000000e+00
1.000000e+00
1.000000e+00
1.000000e+00
1.000000e+00
1.000000e+00
1.000000e+00
1.000000e+00
1.000000e+00
1.000000e+00
1.000000e+00
1.000000e+00
1.000000e+00
1.000000e+00
1.000000e+00
1.000000e+00
1.000000e+00
1.000000e+00
1.000000e+00
1.000000e+00
1.000000e+00
1.000000e+00
1.000000e+00
1.000000e+00
1.000000e+00
1.000000e+00
1.000000e+00
1.000000e+00
1.000000e+00
1.000000e+00
1.000000e+00
1.000000e+00
1.000000e+00
1.000000e+00
1.000000e+00
1.000000e+00
1.000000e+00
1.000000e+00
1.000000e+00
1.000000e+00
1.000000e+00
1.000000e+00
1.000000e+00
1.000000e+00
1.000000e+00
1.000000e+00
1.000000e+00
1.000000e+00
1.000000e+00
1.000000e+00
1.000000e+00
1.000000e+00
1.000000e+00
1.000000e+00
1.000000e+00
1.000000e+00
1.000000e+00
1.000000e+00
1.000000e+00
1.000000e+00
1.000000e+00
1.000000e+00
1.000000e+00
1.000000e+00
1.000000e+00
1.000000e+00
1.000000e+00
1.000000e+00
1.000000e+00
1.000000e+00
1.000000e+00
1.000000e+00
1.000000e+00
1.000000e+00
1.000000e+00
1.000000e+00
1.000000e+00
1.000000e+00
1.000000e+00
1.000000e+00
1.000000e+00
1.000000e+00
1.000000e+00
1.000000e+00
1.000000e+00
1.000000e+00
1.000000e+00
1.000000e+00
1.000000e+00
1.000000e+00
1.000000e+00
1.000000e+00
1.000000e+00
1.000000e+00
1.000000e+00
1.000000e+00
1.000000e+00
1.000000e+00
1.000000e+00
1.000000e+00
1.000000e+00
1.000000e+00
1.000000e+00
1.000000e+00
1.000000e+00
1.000000e+00
1.000000e+00
1.000000e+00
1.000000e+00
1.000000e+00
1.000000e+00
1.000000e+00
1.000000e+00
1.000000e+00
1.000000e+00
1.000000e+00
9.999999e-01
9.999999e-01
9.999998e-01
9.999997e-01
9.999994e-01
9.999989e-01
9.999979e-01
9.999961e-01
9.999925e-01
9.999856e-01
9.999721e-01
9.999454e-01
9.998928e-01
9.997895e-01
9.995886e-01
9.992045e-01
9.984884e-01
9.971980e-01
9.949685e-01
9.913011e-01
9.855875e-01
9.771770e-01
9.654775e-01
9.500719e-01
9.307849e-01
9.077032e-01
8.811647e-01
8.516786e-01
8.198419e-01
7.863245e-01
7.517744e-01
7.167641e-01
6.818926e-01
6.476163e-01
6.143550e-01
5.824778e-01
5.522050e-01
5.237634e-01
4.972326e-01
4.726972e-01
4.499771e-01
4.288306e-01
4.089787e-01
3.901572e-01
3.720570e-01
3.543995e-01
3.369426e-01
3.194981e-01
3.019297e-01
2.842122e-01
2.663894e-01
2.486244e-01
2.311684e-01
2.143587e-01
1.985801e-01
1.842133e-01
1.715750e-01
1.608590e-01
1.520950e-01
1.451605e-01
1.398258e-01
1.358108e-01
1.328360e-01
1.306546e-01
1.290654e-01
1.279125e-01
1.270787e-01
1.264775e-01
1.260453e-01
1.257358e-01
1.255151e-01
1.253585e-01
1.252479e-01
1.251703e-01
1.251163e-01
1.250788e-01
1.250530e-01
1.250354e-01
1.250235e-01
1.250155e-01
1.250101e-01
1.250066e-01
1.250042e-01
1.250027e-01
1.250017e-01
1.250011e-01
1.250007e-01
1.250004e-01
1.250003e-01
1.250002e-01
1.250001e-01
1.250001e-01
1.250000e-01
1.250000e-01
1.250000e-01
1.250000e-01
1.250000e-01
1.250000e-01
1.250000e-01
1.250000e-01
1.250000e-01
1.250000e-01
1.250000e-01
1.250000e-01
1.250000e-01
1.250000e-01
1.250000e-01
1.250000e-01
1.250000e-01
1.250000e-01
1.250000e-01
1.250000e-01
1.250000e-01
1.250000e-01
1.250000e-01
1.250000e-01
1.250000e-01
1.250000e-01
1.250000e-01
1.250000e-01
1.250000e-01
1.250000e-01
1.250000e-01
1.250000e-01
1.250000e-01
1.250000e-01
1.250000e-01
1.250000e-01
1.250000e-01
1.250000e-01
1.250000e-01
1.250000e-01
1.250000e-01
1.250000e-01
1.250000e-01
1.250000e-01
1.250000e-01
1.250000e-01
1.250000e-01
1.250000e-01
1.250000e-01
1.250000e-01
1.250000e-01
1.250000e-01
1.250000e-01
1.250000e-01
1.250000e-01
1.250000e-01
1.250000e-01
1.250000e-01
1.250000e-01
1.250000e-01
1.250000e-01
1.250000e-01
1.250000e-01
1.250000e-01
1.250000e-01
1.250000e-01
1.250000e-01
1.250000e-01
1.250000e-01
1.250000e-01
1.250000e-01
1.250000e-01
1.250000e-01
1.250000e-01
1.250000e-01
1.250000e-01
1.250000e-01
1.250000e-01
1.250000e-01
1.250000e-01
1.250000e-01
1.250000e-01
1.250000e-01
1.250000e-01
1.250000e-01
1.250000e-01
1.250000e-01
1.250000e-01
1.250000e-01
1.250000e-01
1.250000e-01
1.250000e-01
1.250000e-01
1.250000e-01
1.250000e-01
1.250000e-01
1.250000e-01
1.250000e-01
1.250000e-01
1.250000e-01
1.250000e-01
1.250000e-01
1.250000e-01
1.250000e-01
1.250000e-01
1.250000e-01
1.250000e-01
1.250000e-01
1.250000e-01
1.250000e-01
1.250000e-01
1.250000e-01
1.250000e-01
1.250000e-01
1.250000e-01
1.250000e-01
1.250000e-01
1.250000e-01
1.250000e-01
1.250000e-01
1.250000e-01
1.250000e-01
1.250000e-01
1.250000e-01
1.250000e-01
1.250000e-01
1.250000e-01
1.250000e-01
1.250000e-01
1.250000e-01
1.250000e-01
1.250000e-01
1.250000e-01
1.250000e-01
1.250000e-01
1.250000e-01
1.250000e-01
1.250000e-01
1.250000e-01
1.250000e-01
1.250000e-01
1.250000e-01
1.250000e-01
1.250000e-01
1.250000e-01
1.250000e-01
1.250000e-01
1.250000e-01
1.250001e-01
1.250001e-01
1.250002e-01
1.250003e-01
1.250005e-01
1.250008e-01
1.250012e-01
1.250019e-01
1.250029e-01
1.250045e-01
1.250070e-01
1.250107e-01
1.250162e-01
1.250245e-01
1.250367e-01
1.250547e-01
1.250809e-01
1.251189e-01
1.251737e-01
1.252522e-01
1.253639e-01
1.255220e-01
1.257445e-01
1.260564e-01
1.264913e-01
1.270957e-01
1.279325e-01
1.290871e-01
1.306748e-01
1.328481e-01
1.358042e-01
1.397855e-01
1.450693e-01
1.519385e-01
1.606317e-01
1.712828e-01
1.838725e-01
1.982170e-01
2.140013e-01
2.308373e-01
2.483282e-01
2.661295e-01
2.839866e-01
3.017275e-01
3.193071e-01
3.367581e-01
3.542162e-01
3.718757e-01
3.899832e-01
4.088236e-01
4.287081e-01
4.498963e-01
4.726814e-01
4.972997e-01
