5.211213e-01
5.475849e-01
5.756610e-01
6.052717e-01
6.361796e-01
6.681577e-01
7.008177e-01
7.338254e-01
7.667255e-01
7.990387e-01
8.302532e-01
8.598033e-01
8.871500e-01
9.117856e-01
9.332872e-01
9.513770e-01
9.659747e-01
9.772142e-01
9.854293e-01
9.911120e-01
9.948238e-01
9.971127e-01
9.984492e-01
9.991918e-01
9.995876e-01
9.997919e-01
9.998953e-01
9.999471e-01
9.999730e-01
9.999860e-01
9.999927e-01
9.999961e-01
9.999979e-01
9.999989e-01
9.999994e-01
9.999997e-01
9.999998e-01
9.999999e-01
9.999999e-01
1.000000e+00
1.000000e+00
1.000000e+00
1.000000e+00
1.000000e+00
1.000000e+00
1.000000e+00
1.000000e+00
1.000000e+00
1.000000e+00
1.000000e+00
1.000000e+00
1.000000e+00
1.000000e+00
1.000000e+00
1.000000e+00
1.000000e+00
1.000000e+00
1.000000e+00
1.000000e+00
1.000000e+00
1.000000e+00
1.000000e+00
1.000000e+00
1.000000e+00
1.000000e+00
1.000000e+00
1.000000e+00
1.000000e+00
1.000000e+00
1.000000e+00
1.000000e+00
1.000000e+00
1.000000e+00
1.000000e+00
1.000000e+00
1.000000e+00
1.000000e+00
1.000000e+00
1.000000e+00
1.000000e+00
1.000000e+00
1.000000e+00
1.000000e+00
1.000000e+00
1.000000e+00
1.000000e+00
1.000000e+00
1.000000e+00
1.000000e+00
1.000000e+00
1.000000e+00
1.000000e+00
1.000000e+00
1.000000e+00
1.000000e+00
1.000000e+00
1.000000e+00
1.000000e+00
1.000000e+00
1.000000e+00
1.000000e+00
1.000000e+00
1.000000e+00
1.000000e+00
1.000000e+00
1.000000e+00
1.000000e+00
1.000000e+00
1.000000e+00
1.000000e+00
1.000000e+00
1.000000e+00
1.000000e+00
1.000000e+00
1.000000e+00
1.000000e+00
1.000000e+00
1.000000e+00
1.000000e+00
1.000000e+00
1.000000e+00
1.000000e+00
1.000000e+00
1.000000e+00
1.000000e+00
1.000000e+00
1.000000e+00
1.000000e+00
1.000000e+00
1.000000e+00
1.000000e+00
1.000000e+00
1.000000e+00
1.000000e+00
1.000000e+00
1.000000e+00
1.000000e+00
1.000000e+00
1.000000e+00
1.000000e+00
1.000000e+00
1.000000e+00
1.000000e+00
1.000000e+00
1.000000e+00
1.000000e+00
1.000000e+00
1.000000e+00
1.000000e+00
1.000000e+00
1.000000e+00
1.000000e+00
1.000000e+00
1.000000e+00
1.000000e+00
1.000000e+00
1.000000e+00
1.000000e+00
1.000000e+00
1.000000e+00
1.000000e+00
1.000000e+00
1.000000e+00
1.000000e+00
1.000000e+00
1.000000e+00
1.000000e+00
1.000000e+00
1.000000e+00
1.000000e+00
1.000000e+00
1.000000e+00
1.000000e+00
1.000000e+00
1.000000e+00
1.000000e+00
1.000000e+00
1.000000e+00
1.000000e+00
1.000000e+00
1.000000e+00
1.000000e+00
1.000000e+00
1.000000e+00
1.000000e+00
1.000000e+00
1.000000e+00
1.000000e+00
1.000000e+00
1.000000e+00
1.000000e+00
1.000000e+00
1.000000e+00
1.000000e+00
1.000000e+00
1.000000e+00
1.000000e+00
1.000000e+00
1.000000e+00
1.000000e+00
1.000000e+00
1.000000e+00
1.000000e+00
1.000000e+00
1.000000e+00
1.000000e+00
1.000000e+00
1.000000e+00
1.000000e+00
1.000000e+00
1.000000e+00
1.000000e+00
1.000000e+00
1.000000e+00
1.000000e+00
1.000000e+00
1.000000e+00
9.999999e-01
9.999999e-01
9.999997e-01
9.999995e-01
9.999992e-01
9.999985e-01
9.999971e-01
9.999947e-01
9.999900e-01
9.999811e-01
9.999638e-01
9.999306e-01
9.998664e-01
9.997432e-01
9.995098e-01
9.990757e-01
9.982892e-01
9.969125e-01
9.945995e-01
9.908926e-01
9.852482e-01
9.770985e-01
9.659344e-01
9.514005e-01
9.333461e-01
9.118415e-01
8.871684e-01
8.597559e-01
8.301233e-01
7.988261e-01
7.664395e-01
7.334818e-01
7.004444e-01
6.677780e-01
6.358171e-01
6.049476e-01
5.753908e-01
5.473758e-01
5.210108e-01
4.963963e-01
4.735553e-01
4.523546e-01
4.325652e-01
4.140281e-01
3.964664e-01
3.796220e-01
3.632602e-01
3.471598e-01
3.311190e-01
3.150016e-01
2.987149e-01
2.822322e-01
2.656042e-01
2.489687e-01
2.325353e-01
2.165906e-01
2.014719e-01
1.875238e-01
1.750521e-01
1.642721e-01
1.552647e-01
1.479738e-01
1.422346e-01
1.378175e-01
1.344746e-01
1.319735e-01
1.301159e-01
1.287425e-01
1.277300e-01
1.269853e-01
1.264388e-01
1.260386e-01
1.257466e-01
1.255341e-01
1.253803e-01
1.252692e-01
1.251897e-01
1.251328e-01
1.250924e-01
1.250639e-01
1.250440e-01
1.250300e-01
1.250204e-01
1.250138e-01
1.250092e-01
1.250061e-01
1.250041e-01
1.250027e-01
1.250017e-01
1.250011e-01
1.250007e-01
1.250005e-01
1.250003e-01
1.250002e-01
1.250001e-01
1.250001e-01
1.250000e-01
1.250000e-01
1.250000e-01
1.250000e-01
1.250000e-01
1.250000e-01
1.250000e-01
1.250000e-01
1.250000e-01
1.250000e-01
1.250000e-01
1.250000e-01
1.250000e-01
1.250000e-01
1.250000e-01
1.250000e-01
1.250000e-01
1.250000e-01
1.250000e-01
1.250000e-01
1.250000e-01
1.250000e-01
1.250000e-01
1.250000e-01
1.250000e-01
1.250000e-01
1.250000e-01
1.250000e-01
1.250000e-01
1.250000e-01
1.250000e-01
1.250000e-01
1.250000e-01
1.250000e-01
1.250000e-01
1.250000e-01
1.250000e-01
1.250000e-01
1.250000e-01
1.250000e-01
1.250000e-01
1.250000e-01
1.250000e-01
1.250000e-01
1.250000e-01
1.250000e-01
1.250000e-01
1.250000e-01
1.250000e-01
1.250000e-01
1.250000e-01
1.250000e-01
1.250000e-01
1.250000e-01
1.250000e-01
1.250000e-01
1.250000e-01
1.250000e-01
1.250000e-01
1.250000e-01
1.250000e-01
1.250000e-01
1.250000e-01
1.250000e-01
1.250000e-01
1.250000e-01
1.250000e-01
1.250000e-01
1.250000e-01
1.250000e-01
1.250000e-01
1.250000e-01
1.250000e-01
1.250000e-01
1.250000e-01
1.250000e-01
1.250000e-01
1.250000e-01
1.250000e-01
1.250000e-01
1.250000e-01
1.250000e-01
1.250000e-01
1.250000e-01
1.250000e-01
1.250000e-01
1.250000e-01
1.250000e-01
1.250000e-01
1.250000e-01
1.250000e-01
1.250000e-01
1.250000e-01
1.250000e-01
1.250000e-01
1.250000e-01
1.250000e-01
1.250000e-01
1.250000e-01
1.250000e-01
1.250000e-01
1.250000e-01
1.250000e-01
1.250000e-01
1.250000e-01
1.250000e-01
1.250000e-01
1.250000e-01
1.250000e-01
1.250000e-01
1.250000e-01
1.250000e-01
1.250000e-01
1.250000e-01
1.250000e-01
1.250000e-01
1.250000e-01
1.250000e-01
1.250000e-01
1.250000e-01
1.250000e-01
1.250000e-01
1.250000e-01
1.250000e-01
1.250000e-01
1.250000e-01
1.250000e-01
1.250000e-01
1.250000e-01
1.250000e-01
1.250000e-01
1.250000e-01
1.250000e-01
1.250000e-01
1.250000e-01
1.250000e-01
1.250000e-01
1.250000e-01
1.250000e-01
1.250000e-01
1.250000e-01
1.250001e-01
1.250001e-01
1.250001e-01
1.250002e-01
1.250003e-01
1.250005e-01
1.250008e-01
1.250012e-01
1.250019e-01
1.250029e-01
1.250043e-01
1.250065e-01
1.250097e-01
1.250143e-01
1.250211e-01
1.250310e-01
1.250452e-01
1.250655e-01
1.250943e-01
1.251352e-01
1.251926e-01
1.252730e-01
1.253849e-01
1.255400e-01
1.257540e-01
1.260480e-01
1.264505e-01
1.269998e-01
1.277472e-01
1.287616e-01
1.301347e-01
1.319876e-01
1.344762e-01
1.377952e-01
1.421738e-01
1.478598e-01
1.550874e-01
1.640306e-01
1.747557e-01
1.871897e-01
2.011237e-01
2.162522e-01
2.322235e-01
2.486910e-01
2.653604e-01
2.820173e-01
2.985224e-01
3.148230e-01
3.309439e-01
3.469855e-01
3.630866e-01
3.794512e-01
3.963019e-01
4.138817e-01
4.324518e-01
4.522823e-01
4.735454e-01
4.964661e-01
