5.035386e-01
5.187761e-01
5.348161e-01
5.516776e-01
5.693261e-01
5.877487e-01
6.068582e-01
6.266349e-01
6.469936e-01
6.678743e-01
6.891709e-01
7.108000e-01
7.326487e-01
7.546023e-01
7.765074e-01
7.982303e-01
8.196038e-01
8.404489e-01
8.605822e-01
8.797981e-01
8.979065e-01
9.147160e-01
9.300538e-01
9.437816e-01
9.557978e-01
9.660645e-01
9.746025e-01
9.814971e-01
9.868924e-01
9.909761e-01
9.939627e-01
9.960725e-01
9.975122e-01
9.984624e-01
9.990702e-01
9.994480e-01
9.996770e-01
9.998130e-01
9.998924e-01
9.999383e-01
9.999646e-01
9.999796e-01
9.999882e-01
9.999931e-01
9.999959e-01
9.999976e-01
9.999986e-01
9.999991e-01
9.999995e-01
9.999997e-01
9.999998e-01
9.999999e-01
9.999999e-01
9.999999e-01
1.000000e+00
1.000000e+00
1.000000e+00
1.000000e+00
1.000000e+00
1.000000e+00
1.000000e+00
1.000000e+00
1.000000e+00
1.000000e+00
1.000000e+00
1.000000e+00
1.000000e+00
1.000000e+00
1.000000e+00
1.000000e+00
1.000000e+00
1.000000e+00
1.000000e+00
1.000000e+00
1.000000e+00
1.000000e+00
1.000000e+00
1.000000e+00
1.000000e+00
1.000000e+00
1.000000e+00
1.000000e+00
1.000000e+00
1.000000e+00
1.000000e+00
1.000000e+00
1.000000e+00
1.000000e+00
1.000000e+00
1.000000e+00
1.000000e+00
1.000000e+00
1.000000e+00
1.000000e+00
1.000000e+00
1.000000e+00
1.000000e+00
1.000000e+00
1.000000e+00
1.000000e+00
1.000000e+00
1.000000e+00
1.000000e+00
1.000000e+00
1.000000e+00
1.000000e+00
1.000000e+00
1.000000e+00
1.000000e+00
1.000000e+00
1.000000e+00
1.000000e+00
1.000000e+00
1.000000e+00
1.000000e+00
1.000000e+00
1.000000e+00
1.000000e+00
1.000000e+00
1.000000e+00
1.000000e+00
1.000000e+00
1.000000e+00
1.000000e+00
1.000000e+00
1.000000e+00
1.000000e+00
1.000000e+00
1.000000e+00
1.000000e+00
1.000000e+00
1.000000e+00
1.000000e+00
1.000000e+00
1.000000e+00
1.000000e+00
1.000000e+00
1.000000e+00
1.000000e+00
1.000000e+00
1.000000e+00
1.000000e+00
1.000000e+00
1.000000e+00
1.000000e+00
1.000000e+00
1.000000e+00
1.000000e+00
1.000000e+00
1.000000e+00
1.000000e+00
1.000000e+00
1.000000e+00
1.000000e+00
1.000000e+00
1.000000e+00
1.000000e+00
1.000000e+00
1.000000e+00
1.000000e+00
1.000000e+00
1.000000e+00
1.000000e+00
1.000000e+00
1.000000e+00
1.000000e+00
1.000000e+00
1.000000e+00
1.000000e+00
1.000000e+00
1.000000e+00
1.000000e+00
1.000000e+00
1.000000e+00
1.000000e+00
1.000000e+00
1.000000e+00
1.000000e+00
1.000000e+00
1.000000e+00
1.000000e+00
1.000000e+00
1.000000e+00
1.000000e+00
1.000000e+00
1.000000e+00
1.000000e+00
1.000000e+00
1.000000e+00
1.000000e+00
1.000000e+00
1.000000e+00
1.000000e+00
1.000000e+00
1.000000e+00
1.000000e+00
1.000000e+00
1.000000e+00
1.000000e+00
1.000000e+00
1.000000e+00
1.000000e+00
9.999999e-01
9.999999e-01
9.999998e-01
9.999997e-01
9.999996e-01
9.999993e-01
9.999989e-01
9.999981e-01
9.999969e-01
9.999947e-01
9.999911e-01
9.999848e-01
9.999741e-01
9.999557e-01
9.999241e-01
9.998704e-01
9.997797e-01
9.996285e-01
9.993800e-01
9.989791e-01
9.983464e-01
9.973726e-01
9.959147e-01
9.937962e-01
9.908137e-01
9.867477e-01
9.813829e-01
9.745265e-01
9.660292e-01
9.557991e-01
9.438101e-01
9.300971e-01
9.147598e-01
8.979374e-01
8.798042e-01
8.605546e-01
8.403816e-01
8.194943e-01
7.980793e-01
7.763180e-01
7.543791e-01
7.323990e-01
7.105302e-01
6.888894e-01
6.675895e-01
6.467113e-01
6.263619e-01
6.066031e-01
5.875142e-01
5.691173e-01
5.514955e-01
5.346663e-01
5.186582e-01
5.034608e-01
4.890804e-01
4.755178e-01
4.627029e-01
4.506267e-01
4.392111e-01
4.283723e-01
4.180752e-01
4.081859e-01
3.986650e-01
3.894147e-01
3.803538e-01
3.714208e-01
3.625468e-01
3.536933e-01
3.448028e-01
3.358522e-01
3.268067e-01
3.176407e-01
3.083327e-01
2.988590e-01
2.892007e-01
2.793405e-01
2.692697e-01
2.589949e-01
2.485394e-01
2.379500e-01
2.273034e-01
2.167062e-01
2.062937e-01
1.962192e-01
1.866453e-01
1.777250e-01
1.695836e-01
1.623064e-01
1.559317e-01
1.504510e-01
1.458155e-01
1.419483e-01
1.387569e-01
1.361444e-01
1.340178e-01
1.322932e-01
1.308972e-01
1.297683e-01
1.288561e-01
1.281182e-01
1.275213e-01
1.270385e-01
1.266472e-01
1.263305e-01
1.260743e-01
1.258661e-01
1.256979e-01
1.255620e-01
1.254514e-01
1.253625e-01
1.252907e-01
1.252324e-01
1.251859e-01
1.251483e-01
1.251179e-01
1.250938e-01
1.250744e-01
1.250588e-01
1.250465e-01
1.250366e-01
1.250288e-01
1.250226e-01
1.250177e-01
1.250138e-01
1.250108e-01
1.250084e-01
1.250065e-01
1.250050e-01
1.250039e-01
1.250030e-01
1.250023e-01
1.250018e-01
1.250013e-01
1.250010e-01
1.250008e-01
1.250006e-01
1.250005e-01
1.250003e-01
1.250003e-01
1.250002e-01
1.250001e-01
1.250001e-01
1.250001e-01
1.250001e-01
1.250000e-01
1.250000e-01
1.250000e-01
1.250000e-01
1.250000e-01
1.250000e-01
1.250000e-01
1.250000e-01
1.250000e-01
1.250000e-01
1.250000e-01
1.250000e-01
1.250000e-01
1.250000e-01
1.250000e-01
1.250000e-01
1.250000e-01
1.250000e-01
1.250000e-01
1.250000e-01
1.250000e-01
1.250000e-01
1.250000e-01
1.250000e-01
1.250000e-01
1.250000e-01
1.250000e-01
1.250000e-01
1.250000e-01
1.250000e-01
1.250000e-01
1.250000e-01
1.250000e-01
1.250000e-01
1.250000e-01
1.250000e-01
1.250000e-01
1.250000e-01
1.250000e-01
1.250000e-01
1.250000e-01
1.250000e-01
1.250000e-01
1.250000e-01
1.250000e-01
1.250000e-01
1.250000e-01
1.250000e-01
1.250000e-01
1.250000e-01
1.250000e-01
1.250000e-01
1.250000e-01
1.250000e-01
1.250000e-01
1.250000e-01
1.250000e-01
1.250000e-01
1.250000e-01
1.250000e-01
1.250000e-01
1.250000e-01
1.250000e-01
1.250000e-01
1.250000e-01
1.250000e-01
1.250000e-01
1.250000e-01
1.250000e-01
1.250000e-01
1.250000e-01
1.250000e-01
1.250000e-01
1.250000e-01
1.250000e-01
1.250000e-01
1.250001e-01
1.250001e-01
1.250001e-01
1.250001e-01
1.250002e-01
1.250003e-01
1.250004e-01
1.250005e-01
1.250006e-01
1.250008e-01
1.250011e-01
1.250014e-01
1.250018e-01
1.250023e-01
1.250030e-01
1.250039e-01
1.250051e-01
1.250066e-01
1.250085e-01
1.250109e-01
1.250140e-01
1.250178e-01
1.250228e-01
1.250290e-01
1.250369e-01
1.250467e-01
1.250591e-01
1.250747e-01
1.250942e-01
1.251185e-01
1.251488e-01
1.251865e-01
1.252334e-01
1.252916e-01
1.253638e-01
1.254532e-01
1.255638e-01
1.257005e-01
1.258694e-01
1.260779e-01
1.263353e-01
1.266529e-01
1.270450e-01
1.275290e-01
1.281267e-01
1.288651e-01
1.297776e-01
1.309052e-01
1.322983e-01
1.340176e-01
1.361349e-01
1.387333e-01
1.419048e-01
1.457457e-01
1.503491e-01
1.557938e-01
1.621317e-01
1.693755e-01
1.774907e-01
1.863945e-01
1.959620e-01
2.060399e-01
2.164649e-01
2.270811e-01
2.377491e-01
2.483599e-01
2.588352e-01
2.691265e-01
2.792099e-01
2.890797e-01
2.987441e-01
3.082209e-01
3.175289e-01
3.266938e-01
3.357347e-01
3.446829e-01
3.535680e-01
3.624186e-01
3.712889e-01
3.802211e-01
3.892831e-01
3.985410e-01
4.080666e-01
4.179701e-01
4.282821e-01
4.391466e-01
4.505880e-01
4.626920e-01
4.755408e-01
4.891332e-01
