5.114006e-01
5.311959e-01
5.520822e-01
5.741341e-01
5.972312e-01
6.212775e-01
6.461578e-01
6.717510e-01
6.978561e-01
7.243083e-01
7.508968e-01
7.773558e-01
8.034447e-01
8.288654e-01
8.533197e-01
8.764727e-01
8.980207e-01
9.176647e-01
9.351584e-01
9.503150e-01
9.630550e-01
9.734031e-01
9.814993e-01
9.875812e-01
9.919595e-01
9.949762e-01
9.969654e-01
9.982225e-01
9.989861e-01
9.994337e-01
9.996885e-01
9.998302e-01
9.999078e-01
9.999498e-01
9.999725e-01
9.999848e-01
9.999916e-01
9.999952e-01
9.999973e-01
9.999984e-01
9.999991e-01
9.999995e-01
9.999997e-01
9.999998e-01
9.999999e-01
9.999999e-01
1.000000e+00
1.000000e+00
1.000000e+00
1.000000e+00
1.000000e+00
1.000000e+00
1.000000e+00
1.000000e+00
1.000000e+00
1.000000e+00
1.000000e+00
1.000000e+00
1.000000e+00
1.000000e+00
1.000000e+00
1.000000e+00
1.000000e+00
1.000000e+00
1.000000e+00
1.000000e+00
1.000000e+00
1.000000e+00
1.000000e+00
1.000000e+00
1.000000e+00
1.000000e+00
1.000000e+00
1.000000e+00
1.000000e+00
1.000000e+00
1.000000e+00
1.000000e+00
1.000000e+00
1.000000e+00
1.000000e+00
1.000000e+00
1.000000e+00
1.000000e+00
1.000000e+00
1.000000e+00
1.000000e+00
1.000000e+00
1.000000e+00
1.000000e+00
1.000000e+00
1.000000e+00
1.000000e+00
1.000000e+00
1.000000e+00
1.000000e+00
1.000000e+00
1.000000e+00
1.000000e+00
1.000000e+00
1.000000e+00
1.000000e+00
1.000000e+00
1.000000e+00
1.000000e+00
1.000000e+00
1.000000e+00
1.000000e+00
1.000000e+00
1.000000e+00
1.000000e+00
1.000000e+00
1.000000e+00
1.000000e+00
1.000000e+00
1.000000e+00
1.000000e+00
1.000000e+00
1.000000e+00
1.000000e+00
1.000000e+00
1.000000e+00
1.000000e+00
1.000000e+00
1.000000e+00
1.000000e+00
1.000000e+00
1.000000e+00
1.000000e+00
1.000000e+00
1.000000e+00
1.000000e+00
1.000000e+00
1.000000e+00
1.000000e+00
1.000000e+00
1.000000e+00
1.000000e+00
1.000000e+00
1.000000e+00
1.000000e+00
1.000000e+00
1.000000e+00
1.000000e+00
1.000000e+00
1.000000e+00
1.000000e+00
1.000000e+00
1.000000e+00
1.000000e+00
1.000000e+00
1.000000e+00
1.000000e+00
1.000000e+00
1.000000e+00
1.000000e+00
1.000000e+00
1.000000e+00
1.000000e+00
1.000000e+00
1.000000e+00
1.000000e+00
1.000000e+00
1.000000e+00
1.000000e+00
1.000000e+00
1.000000e+00
1.000000e+00
1.000000e+00
1.000000e+00
1.000000e+00
1.000000e+00
1.000000e+00
1.000000e+00
1.000000e+00
1.000000e+00
1.000000e+00
1.000000e+00
1.000000e+00
1.000000e+00
1.000000e+00
1.000000e+00
1.000000e+00
1.000000e+00
1.000000e+00
1.000000e+00
1.000000e+00
1.000000e+00
1.000000e+00
1.000000e+00
1.000000e+00
1.000000e+00
1.000000e+00
1.000000e+00
1.000000e+00
1.000000e+00
1.000000e+00
1.000000e+00
1.000000e+00
1.000000e+00
1.000000e+00
1.000000e+00
1.000000e+00
1.000000e+00
1.000000e+00
1.000000e+00
1.000000e+00
1.000000e+00
1.000000e+00
9.999999e-01
9.999999e-01
9.999999e-01
9.999998e-01
9.999996e-01
9.999993e-01
9.999988e-01
9.999979e-01
9.999964e-01
9.999937e-01
9.999889e-01
9.999802e-01
9.999645e-01
9.999363e-01
9.998855e-01
9.997946e-01
9.996338e-01
9.993537e-01
9.988754e-01
9.980793e-01
9.967934e-01
9.947863e-01
9.917694e-01
9.874119e-01
9.813699e-01
9.733263e-01
9.630320e-01
9.503365e-01
9.352065e-01
9.177174e-01
8.980555e-01
8.764710e-01
8.532675e-01
8.287552e-01
8.032752e-01
7.771327e-01
7.506275e-01
7.240057e-01
6.975326e-01
6.714214e-01
6.458341e-01
6.209707e-01
5.969561e-01
5.738910e-01
5.518856e-01
5.310409e-01
5.113066e-01
4.927555e-01
4.753742e-01
4.590809e-01
4.438179e-01
4.294320e-01
4.158454e-01
4.028835e-01
3.904401e-01
3.783668e-01
3.665351e-01
3.548353e-01
3.431660e-01
3.314310e-01
3.195694e-01
3.075182e-01
2.952494e-01
2.827434e-01
2.700088e-01
2.570888e-01
2.440609e-01
2.310469e-01
2.182118e-01
2.057596e-01
1.939140e-01
1.828989e-01
1.729101e-01
1.640836e-01
1.564812e-01
1.500888e-01
1.448268e-01
1.405711e-01
1.371758e-01
1.344936e-01
1.323887e-01
1.307434e-01
1.294603e-01
1.284609e-01
1.276827e-01
1.270773e-01
1.266060e-01
1.262400e-01
1.259553e-01
1.257346e-01
1.255635e-01
1.254311e-01
1.253291e-01
1.252502e-01
1.251900e-01
1.251435e-01
1.251083e-01
1.250813e-01
1.250608e-01
1.250454e-01
1.250337e-01
1.250250e-01
1.250184e-01
1.250136e-01
1.250099e-01
1.250072e-01
1.250053e-01
1.250038e-01
1.250027e-01
1.250020e-01
1.250014e-01
1.250010e-01
1.250007e-01
1.250005e-01
1.250004e-01
1.250002e-01
1.250002e-01
1.250001e-01
1.250001e-01
1.250001e-01
1.250000e-01
1.250000e-01
1.250000e-01
1.250000e-01
1.250000e-01
1.250000e-01
1.250000e-01
1.250000e-01
1.250000e-01
1.250000e-01
1.250000e-01
1.250000e-01
1.250000e-01
1.250000e-01
1.250000e-01
1.250000e-01
1.250000e-01
1.250000e-01
1.250000e-01
1.250000e-01
1.250000e-01
1.250000e-01
1.250000e-01
1.250000e-01
1.250000e-01
1.250000e-01
1.250000e-01
1.250000e-01
1.250000e-01
1.250000e-01
1.250000e-01
1.250000e-01
1.250000e-01
1.250000e-01
1.250000e-01
1.250000e-01
1.250000e-01
1.250000e-01
1.250000e-01
1.250000e-01
1.250000e-01
1.250000e-01
1.250000e-01
1.250000e-01
1.250000e-01
1.250000e-01
1.250000e-01
1.250000e-01
1.250000e-01
1.250000e-01
1.250000e-01
1.250000e-01
1.250000e-01
1.250000e-01
1.250000e-01
1.250000e-01
1.250000e-01
1.250000e-01
1.250000e-01
1.250000e-01
1.250000e-01
1.250000e-01
1.250000e-01
1.250000e-01
1.250000e-01
1.250000e-01
1.250000e-01
1.250000e-01
1.250000e-01
1.250000e-01
1.250000e-01
1.250000e-01
1.250000e-01
1.250000e-01
1.250000e-01
1.250000e-01
1.250000e-01
1.250000e-01
1.250000e-01
1.250000e-01
1.250000e-01
1.250000e-01
1.250000e-01
1.250000e-01
1.250000e-01
1.250000e-01
1.250000e-01
1.250000e-01
1.250000e-01
1.250000e-01
1.250000e-01
1.250000e-01
1.250000e-01
1.250000e-01
1.250000e-01
1.250000e-01
1.250000e-01
1.250000e-01
1.250000e-01
1.250000e-01
1.250000e-01
1.250000e-01
1.250000e-01
1.250000e-01
1.250000e-01
1.250000e-01
1.250000e-01
1.250000e-01
1.250000e-01
1.250000e-01
1.250001e-01
1.250001e-01
1.250001e-01
1.250002e-01
1.250003e-01
1.250004e-01
1.250005e-01
1.250007e-01
1.250011e-01
1.250015e-01
1.250020e-01
1.250028e-01
1.250039e-01
1.250054e-01
1.250074e-01
1.250101e-01
1.250138e-01
1.250188e-01
1.250254e-01
1.250342e-01
1.250459e-01
1.250615e-01
1.250821e-01
1.251091e-01
1.251447e-01
1.251912e-01
1.252520e-01
1.253310e-01
1.254337e-01
1.255667e-01
1.257386e-01
1.259604e-01
1.262462e-01
1.266140e-01
1.270866e-01
1.276938e-01
1.284732e-01
1.294731e-01
1.307550e-01
1.323963e-01
1.344927e-01
1.371597e-01
1.405315e-01
1.447543e-01
1.499746e-01
1.563198e-01
1.638752e-01
1.726614e-01
1.826215e-01
1.936214e-01
2.054665e-01
2.179320e-01
2.307901e-01
2.438303e-01
2.568838e-01
2.698273e-01
2.825807e-01
2.950987e-01
3.073749e-01
3.194291e-01
3.312922e-01
3.430272e-01
3.546902e-01
3.663844e-01
3.782167e-01
3.902888e-01
4.027434e-01
4.157187e-01
4.293291e-01
4.437462e-01
4.590471e-01
4.753862e-01
4.928159e-01
