5.039343e-01
5.193825e-01
5.356476e-01
5.527508e-01
5.706494e-01
5.893331e-01
6.087157e-01
6.287698e-01
6.494108e-01
6.705646e-01
6.921360e-01
7.140278e-01
7.361213e-01
7.582986e-01
7.803990e-01
8.022808e-01
8.237703e-01
8.446821e-01
8.648201e-01
8.839798e-01
9.019631e-01
9.185785e-01
9.336561e-01
9.470634e-01
9.587132e-01
9.685828e-01
9.767128e-01
9.832091e-01
9.882345e-01
9.919913e-01
9.947036e-01
9.965939e-01
9.978665e-01
9.986953e-01
9.992186e-01
9.995400e-01
9.997328e-01
9.998462e-01
9.999119e-01
9.999496e-01
9.999711e-01
9.999833e-01
9.999903e-01
9.999944e-01
9.999967e-01
9.999980e-01
9.999988e-01
9.999993e-01
9.999996e-01
9.999997e-01
9.999998e-01
9.999999e-01
9.999999e-01
1.000000e+00
1.000000e+00
1.000000e+00
1.000000e+00
1.000000e+00
1.000000e+00
1.000000e+00
1.000000e+00
1.000000e+00
1.000000e+00
1.000000e+00
1.000000e+00
1.000000e+00
1.000000e+00
1.000000e+00
1.000000e+00
1.000000e+00
1.000000e+00
1.000000e+00
1.000000e+00
1.000000e+00
1.000000e+00
1.000000e+00
1.000000e+00
1.000000e+00
1.000000e+00
1.000000e+00
1.000000e+00
1.000000e+00
1.000000e+00
1.000000e+00
1.000000e+00
1.000000e+00
1.000000e+00
1.000000e+00
1.000000e+00
1.000000e+00
1.000000e+00
1.000000e+00
1.000000e+00
1.000000e+00
1.000000e+00
1.000000e+00
1.000000e+00
1.000000e+00
1.000000e+00
1.000000e+00
1.000000e+00
1.000000e+00
1.000000e+00
1.000000e+00
1.000000e+00
1.000000e+00
1.000000e+00
1.000000e+00
1.000000e+00
1.000000e+00
1.000000e+00
1.000000e+00
1.000000e+00
1.000000e+00
1.000000e+00
1.000000e+00
1.000000e+00
1.000000e+00
1.000000e+00
1.000000e+00
1.000000e+00
1.000000e+00
1.000000e+00
1.000000e+00
1.000000e+00
1.000000e+00
1.000000e+00
1.000000e+00
1.000000e+00
1.000000e+00
1.000000e+00
1.000000e+00
1.000000e+00
1.000000e+00
1.000000e+00
1.000000e+00
1.000000e+00
1.000000e+00
1.000000e+00
1.000000e+00
1.000000e+00
1.000000e+00
1.000000e+00
1.000000e+00
1.000000e+00
1.000000e+00
1.000000e+00
1.000000e+00
1.000000e+00
1.000000e+00
1.000000e+00
1.000000e+00
1.000000e+00
1.000000e+00
1.000000e+00
1.000000e+00
1.000000e+00
1.000000e+00
1.000000e+00
1.000000e+00
1.000000e+00
1.000000e+00
1.000000e+00
1.000000e+00
1.000000e+00
1.000000e+00
1.000000e+00
1.000000e+00
1.000000e+00
1.000000e+00
1.000000e+00
1.000000e+00
1.000000e+00
1.000000e+00
1.000000e+00
1.000000e+00
1.000000e+00
1.000000e+00
1.000000e+00
1.000000e+00
1.000000e+00
1.000000e+00
1.000000e+00
1.000000e+00
1.000000e+00
1.000000e+00
1.000000e+00
1.000000e+00
1.000000e+00
1.000000e+00
1.000000e+00
1.000000e+00
1.000000e+00
1.000000e+00
1.000000e+00
1.000000e+00
1.000000e+00
1.000000e+00
1.000000e+00
1.000000e+00
1.000000e+00
1.000000e+00
9.999999e-01
9.999999e-01
9.999999e-01
9.999998e-01
9.999997e-01
9.999994e-01
9.999991e-01
9.999985e-01
9.999974e-01
9.999957e-01
9.999927e-01
9.999876e-01
9.999788e-01
9.999636e-01
9.999375e-01
9.998929e-01
9.998171e-01
9.996897e-01
9.994786e-01
9.991349e-01
9.985867e-01
9.977331e-01
9.964398e-01
9.945373e-01
9.918249e-01
9.880821e-01
9.830842e-01
9.766251e-01
9.685363e-01
9.587055e-01
9.470865e-01
9.336973e-01
9.186239e-01
9.019984e-01
8.839924e-01
8.648003e-01
8.446224e-01
8.236684e-01
8.021361e-01
7.802143e-01
7.580788e-01
7.358730e-01
7.137579e-01
6.918533e-01
6.702778e-01
6.491248e-01
6.284941e-01
6.084570e-01
5.890953e-01
5.704371e-01
5.525655e-01
5.354960e-01
5.192632e-01
5.038557e-01
4.892814e-01
4.755401e-01
4.625600e-01
4.503344e-01
4.387752e-01
4.278050e-01
4.173828e-01
4.073741e-01
3.977386e-01
3.883665e-01
3.791907e-01
3.701366e-01
3.611403e-01
3.521582e-01
3.431371e-01
3.340449e-01
3.248554e-01
3.155350e-01
3.060635e-01
2.964190e-01
2.865807e-01
2.765349e-01
2.662772e-01
2.558210e-01
2.451973e-01
2.344654e-01
2.237142e-01
2.130630e-01
2.026586e-01
1.926609e-01
1.832348e-01
1.745266e-01
1.666492e-01
1.596710e-01
1.536114e-01
1.484435e-01
1.441043e-01
1.405067e-01
1.375533e-01
1.351458e-01
1.331928e-01
1.316131e-01
1.303373e-01
1.293078e-01
1.284769e-01
1.278059e-01
1.272643e-01
1.268266e-01
1.264725e-01
1.261868e-01
1.259554e-01
1.257683e-01
1.256176e-01
1.254955e-01
1.253969e-01
1.253179e-01
1.252538e-01
1.252024e-01
1.251613e-01
1.251280e-01
1.251016e-01
1.250805e-01
1.250634e-01
1.250501e-01
1.250394e-01
1.250309e-01
1.250242e-01
1.250189e-01
1.250147e-01
1.250115e-01
1.250089e-01
1.250069e-01
1.250053e-01
1.250041e-01
1.250031e-01
1.250024e-01
1.250018e-01
1.250014e-01
1.250011e-01
1.250008e-01
1.250006e-01
1.250005e-01
1.250003e-01
1.250003e-01
1.250002e-01
1.250001e-01
1.250001e-01
1.250001e-01
1.250001e-01
1.250000e-01
1.250000e-01
1.250000e-01
1.250000e-01
1.250000e-01
1.250000e-01
1.250000e-01
1.250000e-01
1.250000e-01
1.250000e-01
1.250000e-01
1.250000e-01
1.250000e-01
1.250000e-01
1.250000e-01
1.250000e-01
1.250000e-01
1.250000e-01
1.250000e-01
1.250000e-01
1.250000e-01
1.250000e-01
1.250000e-01
1.250000e-01
1.250000e-01
1.250000e-01
1.250000e-01
1.250000e-01
1.250000e-01
1.250000e-01
1.250000e-01
1.250000e-01
1.250000e-01
1.250000e-01
1.250000e-01
1.250000e-01
1.250000e-01
1.250000e-01
1.250000e-01
1.250000e-01
1.250000e-01
1.250000e-01
1.250000e-01
1.250000e-01
1.250000e-01
1.250000e-01
1.250000e-01
1.250000e-01
1.250000e-01
1.250000e-01
1.250000e-01
1.250000e-01
1.250000e-01
1.250000e-01
1.250000e-01
1.250000e-01
1.250000e-01
1.250000e-01
1.250000e-01
1.250000e-01
1.250000e-01
1.250000e-01
1.250000e-01
1.250000e-01
1.250000e-01
1.250000e-01
1.250000e-01
1.250000e-01
1.250000e-01
1.250000e-01
1.250000e-01
1.250000e-01
1.250000e-01
1.250000e-01
1.250000e-01
1.250000e-01
1.250000e-01
1.250000e-01
1.250001e-01
1.250001e-01
1.250001e-01
1.250002e-01
1.250002e-01
1.250003e-01
1.250004e-01
1.250005e-01
1.250006e-01
1.250008e-01
1.250011e-01
1.250014e-01
1.250019e-01
1.250025e-01
1.250032e-01
1.250042e-01
1.250054e-01
1.250070e-01
1.250090e-01
1.250116e-01
1.250149e-01
1.250191e-01
1.250244e-01
1.250311e-01
1.250396e-01
1.250503e-01
1.250638e-01
1.250808e-01
1.251020e-01
1.251286e-01
1.251618e-01
1.252032e-01
1.252548e-01
1.253189e-01
1.253985e-01
1.254973e-01
1.256197e-01
1.257713e-01
1.259589e-01
1.261909e-01
1.264779e-01
1.268327e-01
1.272715e-01
1.278143e-01
1.284858e-01
1.293171e-01
1.303462e-01
1.316199e-01
1.331955e-01
1.351410e-01
1.375364e-01
1.404723e-01
1.440458e-01
1.483548e-01
1.534875e-01
1.595097e-01
1.664522e-01
1.742998e-01
1.829874e-01
1.924033e-01
2.024006e-01
2.128146e-01
2.234830e-01
2.342554e-01
2.450093e-01
2.556533e-01
2.661276e-01
2.763995e-01
2.864557e-01
2.963010e-01
3.059499e-01
3.154228e-01
3.247409e-01
3.339268e-01
3.430172e-01
3.520319e-01
3.610123e-01
3.700036e-01
3.790581e-01
3.882329e-01
3.976134e-01
4.072530e-01
4.172760e-01
4.277127e-01
4.387082e-01
4.502946e-01
4.625478e-01
4.755631e-01
4.893345e-01
