5.217454e-01
5.486744e-01
5.772569e-01
6.073853e-01
6.388281e-01
6.713304e-01
7.044906e-01
7.379541e-01
7.712272e-01
8.038211e-01
8.351964e-01
8.647579e-01
8.919610e-01
9.162954e-01
9.373447e-01
9.548705e-01
9.688374e-01
9.794359e-01
9.870571e-01
9.922350e-01
9.955530e-01
9.975592e-01
9.987081e-01
9.993352e-01
9.996641e-01
9.998317e-01
9.999157e-01
9.999575e-01
9.999783e-01
9.999888e-01
9.999941e-01
9.999969e-01
9.999983e-01
9.999991e-01
9.999995e-01
9.999997e-01
9.999998e-01
9.999999e-01
1.000000e+00
1.000000e+00
1.000000e+00
1.000000e+00
1.000000e+00
1.000000e+00
1.000000e+00
1.000000e+00
1.000000e+00
1.000000e+00
1.000000e+00
1.000000e+00
1.000000e+00
1.000000e+00
1.000000e+00
1.000000e+00
1.000000e+00
1.000000e+00
1.000000e+00
1.000000e+00
1.000000e+00
1.000000e+00
1.000000e+00
1.000000e+00
1.000000e+00
1.000000e+00
1.000000e+00
1.000000e+00
1.000000e+00
1.000000e+00
1.000000e+00
1.000000e+00
1.000000e+00
1.000000e+00
1.000000e+00
1.000000e+00
1.000000e+00
1.000000e+00
1.000000e+00
1.000000e+00
1.000000e+00
1.000000e+00
1.000000e+00
1.000000e+00
1.000000e+00
1.000000e+00
1.000000e+00
1.000000e+00
1.000000e+00
1.000000e+00
1.000000e+00
1.000000e+00
1.000000e+00
1.000000e+00
1.000000e+00
1.000000e+00
1.000000e+00
1.000000e+00
1.000000e+00
1.000000e+00
1.000000e+00
1.000000e+00
1.000000e+00
1.000000e+00
1.000000e+00
1.000000e+00
1.000000e+00
1.000000e+00
1.000000e+00
1.000000e+00
1.000000e+00
1.000000e+00
1.000000e+00
1.000000e+00
1.000000e+00
1.000000e+00
1.000000e+00
1.000000e+00
1.000000e+00
1.000000e+00
1.000000e+00
1.000000e+00
1.000000e+00
1.000000e+00
1.000000e+00
1.000000e+00
1.000000e+00
1.000000e+00
1.000000e+00
1.000000e+00
1.000000e+00
1.000000e+00
1.000000e+00
1.000000e+00
1.000000e+00
1.000000e+00
1.000000e+00
1.000000e+00
1.000000e+00
1.000000e+00
1.000000e+00
1.000000e+00
1.000000e+00
1.000000e+00
1.000000e+00
1.000000e+00
1.000000e+00
1.000000e+00
1.000000e+00
1.000000e+00
1.000000e+00
1.000000e+00
1.000000e+00
1.000000e+00
1.000000e+00
1.000000e+00
1.000000e+00
1.000000e+00
1.000000e+00
1.000000e+00
1.000000e+00
1.000000e+00
1.000000e+00
1.000000e+00
1.000000e+00
1.000000e+00
1.000000e+00
1.000000e+00
1.000000e+00
1.000000e+00
1.000000e+00
1.000000e+00
1.000000e+00
1.000000e+00
1.000000e+00
1.000000e+00
1.000000e+00
1.000000e+00
1.000000e+00
1.000000e+00
1.000000e+00
1.000000e+00
1.000000e+00
1.000000e+00
1.000000e+00
1.000000e+00
1.000000e+00
1.000000e+00
1.000000e+00
1.000000e+00
1.000000e+00
1.000000e+00
1.000000e+00
1.000000e+00
1.000000e+00
1.000000e+00
1.000000e+00
1.000000e+00
1.000000e+00
1.000000e+00
1.000000e+00
1.000000e+00
1.000000e+00
1.000000e+00
1.000000e+00
1.000000e+00
1.000000e+00
1.000000e+00
1.000000e+00
1.000000e+00
1.000000e+00
1.000000e+00
1.000000e+00
1.000000e+00
1.000000e+00
1.000000e+00
1.000000e+00
1.000000e+00
1.000000e+00
9.999999e-01
9.999999e-01
9.999998e-01
9.999996e-01
9.999993e-01
9.999988e-01
9.999977e-01
9.999957e-01
9.999920e-01
9.999847e-01
9.999707e-01
9.999437e-01
9.998911e-01
9.997896e-01
9.995954e-01
9.992300e-01
9.985593e-01
9.973671e-01
9.953306e-01
9.920090e-01
9.868617e-01
9.793018e-01
9.687794e-01
9.548822e-01
9.373996e-01
9.163554e-01
8.919891e-01
8.647229e-01
8.350793e-01
8.036187e-01
7.709475e-01
7.376136e-01
7.041165e-01
6.709475e-01
6.384599e-01
6.070555e-01
5.769820e-01
5.484623e-01
5.216337e-01
4.965935e-01
4.733748e-01
4.518337e-01
4.317398e-01
4.129119e-01
3.950703e-01
3.779496e-01
3.612988e-01
3.449000e-01
3.285482e-01
3.121069e-01
2.954952e-01
2.786958e-01
2.617892e-01
2.449320e-01
2.283625e-01
2.123951e-01
1.973825e-01
1.836719e-01
1.715540e-01
1.612098e-01
1.526750e-01
1.458498e-01
1.405359e-01
1.364847e-01
1.334427e-01
1.311816e-01
1.295116e-01
1.282829e-01
1.273816e-01
1.267218e-01
1.262402e-01
1.258894e-01
1.256349e-01
1.254510e-01
1.253186e-01
1.252238e-01
1.251563e-01
1.251085e-01
1.250749e-01
1.250513e-01
1.250350e-01
1.250237e-01
1.250159e-01
1.250106e-01
1.250070e-01
1.250046e-01
1.250030e-01
1.250020e-01
1.250013e-01
1.250008e-01
1.250005e-01
1.250003e-01
1.250002e-01
1.250001e-01
1.250001e-01
1.250000e-01
1.250000e-01
1.250000e-01
1.250000e-01
1.250000e-01
1.250000e-01
1.250000e-01
1.250000e-01
1.250000e-01
1.250000e-01
1.250000e-01
1.250000e-01
1.250000e-01
1.250000e-01
1.250000e-01
1.250000e-01
1.250000e-01
1.250000e-01
1.250000e-01
1.250000e-01
1.250000e-01
1.250000e-01
1.250000e-01
1.250000e-01
1.250000e-01
1.250000e-01
1.250000e-01
1.250000e-01
1.250000e-01
1.250000e-01
1.250000e-01
1.250000e-01
1.250000e-01
1.250000e-01
1.250000e-01
1.250000e-01
1.250000e-01
1.250000e-01
1.250000e-01
1.250000e-01
1.250000e-01
1.250000e-01
1.250000e-01
1.250000e-01
1.250000e-01
1.250000e-01
1.250000e-01
1.250000e-01
1.250000e-01
1.250000e-01
1.250000e-01
1.250000e-01
1.250000e-01
1.250000e-01
1.250000e-01
1.250000e-01
1.250000e-01
1.250000e-01
1.250000e-01
1.250000e-01
1.250000e-01
1.250000e-01
1.250000e-01
1.250000e-01
1.250000e-01
1.250000e-01
1.250000e-01
1.250000e-01
1.250000e-01
1.250000e-01
1.250000e-01
1.250000e-01
1.250000e-01
1.250000e-01
1.250000e-01
1.250000e-01
1.250000e-01
1.250000e-01
1.250000e-01
1.250000e-01
1.250000e-01
1.250000e-01
1.250000e-01
1.250000e-01
1.250000e-01
1.250000e-01
1.250000e-01
1.250000e-01
1.250000e-01
1.250000e-01
1.250000e-01
1.250000e-01
1.250000e-01
1.250000e-01
1.250000e-01
1.250000e-01
1.250000e-01
1.250000e-01
1.250000e-01
1.250000e-01
1.250000e-01
1.250000e-01
1.250000e-01
1.250000e-01
1.250000e-01
1.250000e-01
1.250000e-01
1.250000e-01
1.250000e-01
1.250000e-01
1.250000e-01
1.250000e-01
1.250000e-01
1.250000e-01
1.250000e-01
1.250000e-01
1.250000e-01
1.250000e-01
1.250000e-01
1.250000e-01
1.250000e-01
1.250000e-01
1.250000e-01
1.250000e-01
1.250000e-01
1.250000e-01
1.250000e-01
1.250000e-01
1.250000e-01
1.250000e-01
1.250000e-01
1.250000e-01
1.250000e-01
1.250000e-01
1.250000e-01
1.250000e-01
1.250000e-01
1.250000e-01
1.250000e-01
1.250000e-01
1.250000e-01
1.250000e-01
1.250000e-01
1.250001e-01
1.250001e-01
1.250001e-01
1.250002e-01
1.250004e-01
1.250006e-01
1.250009e-01
1.250014e-01
1.250021e-01
1.250033e-01
1.250049e-01
1.250074e-01
1.250111e-01
1.250166e-01
1.250245e-01
1.250361e-01
1.250527e-01
1.250766e-01
1.251108e-01
1.251591e-01
1.252273e-01
1.253230e-01
1.254564e-01
1.256418e-01
1.258981e-01
1.262511e-01
1.267355e-01
1.273981e-01
1.283019e-01
1.295314e-01
1.311987e-01
1.334505e-01
1.364727e-01
1.404901e-01
1.457546e-01
1.525178e-01
1.609864e-01
1.712705e-01
1.833434e-01
1.970322e-01
2.120486e-01
2.280392e-01
2.446413e-01
2.615344e-01
2.784727e-01
2.952940e-01
3.119239e-01
3.283712e-01
3.447247e-01
3.611233e-01
3.777752e-01
3.949032e-01
4.127636e-01
4.316250e-01
4.517588e-01
4.733635e-01
4.966632e-01
