5.127120e-01
5.333504e-01
5.551364e-01
5.781453e-01
6.022224e-01
6.273015e-01
6.532198e-01
6.798136e-01
7.069053e-01
7.342622e-01
7.616550e-01
7.887874e-01
8.153767e-01
8.410992e-01
8.656006e-01
8.885453e-01
9.096022e-01
9.284837e-01
9.449593e-01
9.589059e-01
9.703124e-01
9.792937e-01
9.860785e-01
9.909844e-01
9.943743e-01
9.966121e-01
9.980251e-01
9.988806e-01
9.993797e-01
9.996619e-01
9.998175e-01
9.999018e-01
9.999471e-01
9.999713e-01
9.999843e-01
9.999913e-01
9.999952e-01
9.999973e-01
9.999984e-01
9.999991e-01
9.999995e-01
9.999997e-01
9.999998e-01
9.999999e-01
9.999999e-01
1.000000e+00
1.000000e+00
1.000000e+00
1.000000e+00
1.000000e+00
1.000000e+00
1.000000e+00
1.000000e+00
1.000000e+00
1.000000e+00
1.000000e+00
1.000000e+00
1.000000e+00
1.000000e+00
1.000000e+00
1.000000e+00
1.000000e+00
1.000000e+00
1.000000e+00
1.000000e+00
1.000000e+00
1.000000e+00
1.000000e+00
1.000000e+00
1.000000e+00
1.000000e+00
1.000000e+00
1.000000e+00
1.000000e+00
1.000000e+00
1.000000e+00
1.000000e+00
1.000000e+00
1.000000e+00
1.000000e+00
1.000000e+00
1.000000e+00
1.000000e+00
1.000000e+00
1.000000e+00
1.000000e+00
1.000000e+00
1.000000e+00
1.000000e+00
1.000000e+00
1.000000e+00
1.000000e+00
1.000000e+00
1.000000e+00
1.000000e+00
1.000000e+00
1.000000e+00
1.000000e+00
1.000000e+00
1.000000e+00
1.000000e+00
1.000000e+00
1.000000e+00
1.000000e+00
1.000000e+00
1.000000e+00
1.000000e+00
1.000000e+00
1.000000e+00
1.000000e+00
1.000000e+00
1.000000e+00
1.000000e+00
1.000000e+00
1.000000e+00
1.000000e+00
1.000000e+00
1.000000e+00
1.000000e+00
1.000000e+00
1.000000e+00
1.000000e+00
1.000000e+00
1.000000e+00
1.000000e+00
1.000000e+00
1.000000e+00
1.000000e+00
1.000000e+00
1.000000e+00
1.000000e+00
1.000000e+00
1.000000e+00
1.000000e+00
1.000000e+00
1.000000e+00
1.000000e+00
1.000000e+00
1.000000e+00
1.000000e+00
1.000000e+00
1.000000e+00
1.000000e+00
1.000000e+00
1.000000e+00
1.000000e+00
1.000000e+00
1.000000e+00
1.000000e+00
1.000000e+00
1.000000e+00
1.000000e+00
1.000000e+00
1.000000e+00
1.000000e+00
1.000000e+00
1.000000e+00
1.000000e+00
1.000000e+00
1.000000e+00
1.000000e+00
1.000000e+00
1.000000e+00
1.000000e+00
1.000000e+00
1.000000e+00
1.000000e+00
1.000000e+00
1.000000e+00
1.000000e+00
1.000000e+00
1.000000e+00
1.000000e+00
1.000000e+00
1.000000e+00
1.000000e+00
1.000000e+00
1.000000e+00
1.000000e+00
1.000000e+00
1.000000e+00
1.000000e+00
1.000000e+00
1.000000e+00
1.000000e+00
1.000000e+00
1.000000e+00
1.000000e+00
1.000000e+00
1.000000e+00
1.000000e+00
1.000000e+00
1.000000e+00
1.000000e+00
1.000000e+00
1.000000e+00
1.000000e+00
1.000000e+00
1.000000e+00
1.000000e+00
1.000000e+00
1.000000e+00
1.000000e+00
1.000000e+00
1.000000e+00
1.000000e+00
1.000000e+00
1.000000e+00
1.000000e+00
1.000000e+00
9.999999e-01
9.999999e-01
9.999999e-01
9.999998e-01
9.999996e-01
9.999993e-01
9.999988e-01
9.999979e-01
9.999964e-01
9.999936e-01
9.999885e-01
9.999794e-01
9.999628e-01
9.999326e-01
9.998778e-01
9.997790e-01
9.996027e-01
9.992932e-01
9.987616e-01
9.978722e-01
9.964309e-01
9.941781e-01
9.907933e-01
9.859153e-01
9.791768e-01
9.702525e-01
9.589003e-01
9.449943e-01
9.285375e-01
9.096511e-01
8.885657e-01
8.655751e-01
8.410154e-01
8.152310e-01
7.885815e-01
7.613971e-01
7.339631e-01
7.065793e-01
6.794778e-01
6.528859e-01
6.269835e-01
6.019358e-01
5.778910e-01
5.549309e-01
5.331885e-01
5.126158e-01
4.933032e-01
4.752327e-01
4.583197e-01
4.424786e-01
4.275669e-01
4.134740e-01
4.000381e-01
3.871097e-01
3.745584e-01
3.622326e-01
3.500185e-01
3.377998e-01
3.254888e-01
3.130150e-01
3.003327e-01
2.874164e-01
2.742637e-01
2.609157e-01
2.474483e-01
2.339831e-01
2.206901e-01
2.077816e-01
1.954942e-01
1.840652e-01
1.737059e-01
1.645653e-01
1.567118e-01
1.501315e-01
1.447393e-01
1.404016e-01
1.369615e-01
1.342612e-01
1.321561e-01
1.305216e-01
1.292558e-01
1.282765e-01
1.275196e-01
1.269348e-01
1.264832e-01
1.261349e-01
1.258663e-01
1.256599e-01
1.255010e-01
1.253796e-01
1.252865e-01
1.252157e-01
1.251617e-01
1.251208e-01
1.250900e-01
1.250667e-01
1.250494e-01
1.250363e-01
1.250267e-01
1.250194e-01
1.250142e-01
1.250102e-01
1.250074e-01
1.250053e-01
1.250038e-01
1.250027e-01
1.250019e-01
1.250014e-01
1.250010e-01
1.250007e-01
1.250005e-01
1.250003e-01
1.250002e-01
1.250002e-01
1.250001e-01
1.250001e-01
1.250000e-01
1.250000e-01
1.250000e-01
1.250000e-01
1.250000e-01
1.250000e-01
1.250000e-01
1.250000e-01
1.250000e-01
1.250000e-01
1.250000e-01
1.250000e-01
1.250000e-01
1.250000e-01
1.250000e-01
1.250000e-01
1.250000e-01
1.250000e-01
1.250000e-01
1.250000e-01
1.250000e-01
1.250000e-01
1.250000e-01
1.250000e-01
1.250000e-01
1.250000e-01
1.250000e-01
1.250000e-01
1.250000e-01
1.250000e-01
1.250000e-01
1.250000e-01
1.250000e-01
1.250000e-01
1.250000e-01
1.250000e-01
1.250000e-01
1.250000e-01
1.250000e-01
1.250000e-01
1.250000e-01
1.250000e-01
1.250000e-01
1.250000e-01
1.250000e-01
1.250000e-01
1.250000e-01
1.250000e-01
1.250000e-01
1.250000e-01
1.250000e-01
1.250000e-01
1.250000e-01
1.250000e-01
1.250000e-01
1.250000e-01
1.250000e-01
1.250000e-01
1.250000e-01
1.250000e-01
1.250000e-01
1.250000e-01
1.250000e-01
1.250000e-01
1.250000e-01
1.250000e-01
1.250000e-01
1.250000e-01
1.250000e-01
1.250000e-01
1.250000e-01
1.250000e-01
1.250000e-01
1.250000e-01
1.250000e-01
1.250000e-01
1.250000e-01
1.250000e-01
1.250000e-01
1.250000e-01
1.250000e-01
1.250000e-01
1.250000e-01
1.250000e-01
1.250000e-01
1.250000e-01
1.250000e-01
1.250000e-01
1.250000e-01
1.250000e-01
1.250000e-01
1.250000e-01
1.250000e-01
1.250000e-01
1.250000e-01
1.250000e-01
1.250000e-01
1.250000e-01
1.250000e-01
1.250000e-01
1.250000e-01
1.250000e-01
1.250000e-01
1.250000e-01
1.250000e-01
1.250000e-01
1.250000e-01
1.250000e-01
1.250000e-01
1.250000e-01
1.250000e-01
1.250000e-01
1.250000e-01
1.250000e-01
1.250000e-01
1.250001e-01
1.250001e-01
1.250001e-01
1.250002e-01
1.250002e-01
1.250003e-01
1.250005e-01
1.250007e-01
1.250010e-01
1.250014e-01
1.250020e-01
1.250028e-01
1.250039e-01
1.250055e-01
1.250076e-01
1.250105e-01
1.250145e-01
1.250198e-01
1.250271e-01
1.250369e-01
1.250500e-01
1.250675e-01
1.250909e-01
1.251220e-01
1.251631e-01
1.252173e-01
1.252886e-01
1.253820e-01
1.255043e-01
1.256638e-01
1.258714e-01
1.261411e-01
1.264910e-01
1.269443e-01
1.275309e-01
1.282893e-01
1.292693e-01
1.305343e-01
1.321649e-01
1.342616e-01
1.369466e-01
1.403624e-01
1.446658e-01
1.500143e-01
1.565453e-01
1.643499e-01
1.734493e-01
1.837795e-01
1.951938e-01
2.074829e-01
2.204070e-01
2.337243e-01
2.472170e-01
2.607113e-01
2.740823e-01
2.872516e-01
3.001805e-01
3.128696e-01
3.253441e-01
3.376542e-01
3.498722e-01
3.620859e-01
3.744046e-01
3.869534e-01
3.998923e-01
4.133390e-01
4.274591e-01
4.424000e-01
4.582831e-01
4.752422e-01
4.933651e-01
