5.235403e-01
5.518288e-01
5.818860e-01
6.135294e-01
6.465330e-01
6.805321e-01
7.151190e-01
7.498493e-01
7.841436e-01
8.174525e-01
8.491576e-01
8.786113e-01
9.052371e-01
9.285332e-01
9.481463e-01
9.639561e-01
9.760850e-01
9.848920e-01
9.909234e-01
9.948093e-01
9.971641e-01
9.985108e-01
9.992419e-01
9.996220e-01
9.998134e-01
9.999080e-01
9.999543e-01
9.999770e-01
9.999883e-01
9.999940e-01
9.999968e-01
9.999983e-01
9.999991e-01
9.999995e-01
9.999997e-01
9.999999e-01
9.999999e-01
1.000000e+00
1.000000e+00
1.000000e+00
1.000000e+00
1.000000e+00
1.000000e+00
1.000000e+00
1.000000e+00
1.000000e+00
1.000000e+00
1.000000e+00
1.000000e+00
1.000000e+00
1.000000e+00
1.000000e+00
1.000000e+00
1.000000e+00
1.000000e+00
1.000000e+00
1.000000e+00
1.000000e+00
1.000000e+00
1.000000e+00
1.000000e+00
1.000000e+00
1.000000e+00
1.000000e+00
1.000000e+00
1.000000e+00
1.000000e+00
1.000000e+00
1.000000e+00
1.000000e+00
1.000000e+00
1.000000e+00
1.000000e+00
1.000000e+00
1.000000e+00
1.000000e+00
1.000000e+00
1.000000e+00
1.000000e+00
1.000000e+00
1.000000e+00
1.000000e+00
1.000000e+00
1.000000e+00
1.000000e+00
1.000000e+00
1.000000e+00
1.000000e+00
1.000000e+00
1.000000e+00
1.000000e+00
1.000000e+00
1.000000e+00
1.000000e+00
1.000000e+00
1.000000e+00
1.000000e+00
1.000000e+00
1.000000e+00
1.000000e+00
1.000000e+00
1.000000e+00
1.000000e+00
1.000000e+00
1.000000e+00
1.000000e+00
1.000000e+00
1.000000e+00
1.000000e+00
1.000000e+00
1.000000e+00
1.000000e+00
1.000000e+00
1.000000e+00
1.000000e+00
1.000000e+00
1.000000e+00
1.000000e+00
1.000000e+00
1.000000e+00
1.000000e+00
1.000000e+00
1.000000e+00
1.000000e+00
1.000000e+00
1.000000e+00
1.000000e+00
1.000000e+00
1.000000e+00
1.000000e+00
1.000000e+00
1.000000e+00
1.000000e+00
1.000000e+00
1.000000e+00
1.000000e+00
1.000000e+00
1.000000e+00
1.000000e+00
1.000000e+00
1.000000e+00
1.000000e+00
1.000000e+00
1.000000e+00
1.000000e+00
1.000000e+00
1.000000e+00
1.000000e+00
1.000000e+00
1.000000e+00
1.000000e+00
1.000000e+00
1.000000e+00
1.000000e+00
1.000000e+00
1.000000e+00
1.000000e+00
1.000000e+00
1.000000e+00
1.000000e+00
1.000000e+00
1.000000e+00
1.000000e+00
1.000000e+00
1.000000e+00
1.000000e+00
1.000000e+00
1.000000e+00
1.000000e+00
1.000000e+00
1.000000e+00
1.000000e+00
1.000000e+00
1.000000e+00
1.000000e+00
1.000000e+00
1.000000e+00
1.000000e+00
1.000000e+00
1.000000e+00
1.000000e+00
1.000000e+00
1.000000e+00
1.000000e+00
1.000000e+00
1.000000e+00
1.000000e+00
1.000000e+00
1.000000e+00
1.000000e+00
1.000000e+00
1.000000e+00
1.000000e+00
1.000000e+00
1.000000e+00
1.000000e+00
1.000000e+00
1.000000e+00
1.000000e+00
1.000000e+00
1.000000e+00
1.000000e+00
1.000000e+00
1.000000e+00
1.000000e+00
1.000000e+00
1.000000e+00
1.000000e+00
1.000000e+00
1.000000e+00
1.000000e+00
1.000000e+00
1.000000e+00
1.000000e+00
1.000000e+00
1.000000e+00
1.000000e+00
1.000000e+00
9.999999e-01
9.999999e-01
9.999998e-01
9.999996e-01
9.999993e-01
9.999988e-01
9.999977e-01
9.999956e-01
9.999917e-01
9.999839e-01
9.999688e-01
9.999391e-01
9.998808e-01
9.997666e-01
9.995455e-01
9.991253e-01
9.983475e-01
9.969572e-01
9.945763e-01
9.906967e-01
9.847087e-01
9.759741e-01
9.639258e-01
9.481805e-01
9.285968e-01
9.052872e-01
8.786101e-01
8.490780e-01
8.172813e-01
7.838856e-01
7.495204e-01
7.147440e-01
6.801410e-01
6.461480e-01
6.131858e-01
5.815978e-01
5.516066e-01
5.234247e-01
4.971347e-01
4.728108e-01
4.502803e-01
4.293029e-01
4.096158e-01
3.909532e-01
3.730115e-01
3.555171e-01
3.382316e-01
3.209654e-01
3.035756e-01
2.860321e-01
2.683658e-01
2.507253e-01
2.333461e-01
2.165502e-01
2.007135e-01
1.862156e-01
1.733823e-01
1.624278e-01
1.534077e-01
1.462243e-01
1.406656e-01
1.364611e-01
1.333328e-01
1.310309e-01
1.293488e-01
1.281251e-01
1.272377e-01
1.265959e-01
1.261332e-01
1.258007e-01
1.255628e-01
1.253933e-01
1.252732e-01
1.251886e-01
1.251293e-01
1.250881e-01
1.250596e-01
1.250400e-01
1.250267e-01
1.250177e-01
1.250116e-01
1.250076e-01
1.250049e-01
1.250032e-01
1.250020e-01
1.250013e-01
1.250008e-01
1.250005e-01
1.250003e-01
1.250002e-01
1.250001e-01
1.250001e-01
1.250000e-01
1.250000e-01
1.250000e-01
1.250000e-01
1.250000e-01
1.250000e-01
1.250000e-01
1.250000e-01
1.250000e-01
1.250000e-01
1.250000e-01
1.250000e-01
1.250000e-01
1.250000e-01
1.250000e-01
1.250000e-01
1.250000e-01
1.250000e-01
1.250000e-01
1.250000e-01
1.250000e-01
1.250000e-01
1.250000e-01
1.250000e-01
1.250000e-01
1.250000e-01
1.250000e-01
1.250000e-01
1.250000e-01
1.250000e-01
1.250000e-01
1.250000e-01
1.250000e-01
1.250000e-01
1.250000e-01
1.250000e-01
1.250000e-01
1.250000e-01
1.250000e-01
1.250000e-01
1.250000e-01
1.250000e-01
1.250000e-01
1.250000e-01
1.250000e-01
1.250000e-01
1.250000e-01
1.250000e-01
1.250000e-01
1.250000e-01
1.250000e-01
1.250000e-01
1.250000e-01
1.250000e-01
1.250000e-01
1.250000e-01
1.250000e-01
1.250000e-01
1.250000e-01
1.250000e-01
1.250000e-01
1.250000e-01
1.250000e-01
1.250000e-01
1.250000e-01
1.250000e-01
1.250000e-01
1.250000e-01
1.250000e-01
1.250000e-01
1.250000e-01
1.250000e-01
1.250000e-01
1.250000e-01
1.250000e-01
1.250000e-01
1.250000e-01
1.250000e-01
1.250000e-01
1.250000e-01
1.250000e-01
1.250000e-01
1.250000e-01
1.250000e-01
1.250000e-01
1.250000e-01
1.250000e-01
1.250000e-01
1.250000e-01
1.250000e-01
1.250000e-01
1.250000e-01
1.250000e-01
1.250000e-01
1.250000e-01
1.250000e-01
1.250000e-01
1.250000e-01
1.250000e-01
1.250000e-01
1.250000e-01
1.250000e-01
1.250000e-01
1.250000e-01
1.250000e-01
1.250000e-01
1.250000e-01
1.250000e-01
1.250000e-01
1.250000e-01
1.250000e-01
1.250000e-01
1.250000e-01
1.250000e-01
1.250000e-01
1.250000e-01
1.250000e-01
1.250000e-01
1.250000e-01
1.250000e-01
1.250000e-01
1.250000e-01
1.250000e-01
1.250000e-01
1.250000e-01
1.250000e-01
1.250000e-01
1.250000e-01
1.250000e-01
1.250000e-01
1.250000e-01
1.250000e-01
1.250000e-01
1.250000e-01
1.250000e-01
1.250000e-01
1.250000e-01
1.250000e-01
1.250000e-01
1.250000e-01
1.250000e-01
1.250000e-01
1.250000e-01
1.250000e-01
1.250000e-01
1.250000e-01
1.250000e-01
1.250001e-01
1.250001e-01
1.250001e-01
1.250002e-01
1.250004e-01
1.250006e-01
1.250009e-01
1.250014e-01
1.250022e-01
1.250034e-01
1.250053e-01
1.250080e-01
1.250122e-01
1.250185e-01
1.250278e-01
1.250414e-01
1.250613e-01
1.250903e-01
1.251321e-01
1.251921e-01
1.252777e-01
1.253990e-01
1.255699e-01
1.258098e-01
1.261446e-01
1.266102e-01
1.272551e-01
1.281453e-01
1.293703e-01
1.310499e-01
1.333422e-01
1.364495e-01
1.406177e-01
1.461232e-01
1.532403e-01
1.621905e-01
1.730829e-01
1.858716e-01
2.003516e-01
2.161973e-01
2.330210e-01
2.504356e-01
2.681124e-01
2.858114e-01
3.033759e-01
3.207766e-01
3.380492e-01
3.553353e-01
3.728313e-01
3.907802e-01
4.094617e-01
4.291819e-01
4.502001e-01
4.727959e-01
4.972024e-01
