5.133929e-01
5.344770e-01
5.567406e-01
5.802571e-01
6.048533e-01
6.304734e-01
6.569370e-01
6.840547e-01
7.116517e-01
7.394770e-01
7.672655e-01
7.947266e-01
8.215414e-01
8.473751e-01
8.718505e-01
8.946263e-01
9.153645e-01
9.337861e-01
9.496806e-01
9.629605e-01
9.736582e-01
9.819386e-01
9.880754e-01
9.924224e-01
9.953613e-01
9.972584e-01
9.984297e-01
9.991239e-01
9.995210e-01
9.997416e-01
9.998616e-01
9.999259e-01
9.999602e-01
9.999784e-01
9.999882e-01
9.999935e-01
9.999963e-01
9.999979e-01
9.999988e-01
9.999993e-01
9.999996e-01
9.999998e-01
9.999999e-01
9.999999e-01
1.000000e+00
1.000000e+00
1.000000e+00
1.000000e+00
1.000000e+00
1.000000e+00
1.000000e+00
1.000000e+00
1.000000e+00
1.000000e+00
1.000000e+00
1.000000e+00
1.000000e+00
1.000000e+00
1.000000e+00
1.000000e+00
1.000000e+00
1.000000e+00
1.000000e+00
1.000000e+00
1.000000e+00
1.000000e+00
1.000000e+00
1.000000e+00
1.000000e+00
1.000000e+00
1.000000e+00
1.000000e+00
1.000000e+00
1.000000e+00
1.000000e+00
1.000000e+00
1.000000e+00
1.000000e+00
1.000000e+00
1.000000e+00
1.000000e+00
1.000000e+00
1.000000e+00
1.000000e+00
1.000000e+00
1.000000e+00
1.000000e+00
1.000000e+00
1.000000e+00
1.000000e+00
1.000000e+00
1.000000e+00
1.000000e+00
1.000000e+00
1.000000e+00
1.000000e+00
1.000000e+00
1.000000e+00
1.000000e+00
1.000000e+00
1.000000e+00
1.000000e+00
1.000000e+00
1.000000e+00
1.000000e+00
1.000000e+00
1.000000e+00
1.000000e+00
1.000000e+00
1.000000e+00
1.000000e+00
1.000000e+00
1.000000e+00
1.000000e+00
1.000000e+00
1.000000e+00
1.000000e+00
1.000000e+00
1.000000e+00
1.000000e+00
1.000000e+00
1.000000e+00
1.000000e+00
1.000000e+00
1.000000e+00
1.000000e+00
1.000000e+00
1.000000e+00
1.000000e+00
1.000000e+00
1.000000e+00
1.000000e+00
1.000000e+00
1.000000e+00
1.000000e+00
1.000000e+00
1.000000e+00
1.000000e+00
1.000000e+00
1.000000e+00
1.000000e+00
1.000000e+00
1.000000e+00
1.000000e+00
1.000000e+00
1.000000e+00
1.000000e+00
1.000000e+00
1.000000e+00
1.000000e+00
1.000000e+00
1.000000e+00
1.000000e+00
1.000000e+00
1.000000e+00
1.000000e+00
1.000000e+00
1.000000e+00
1.000000e+00
1.000000e+00
1.000000e+00
1.000000e+00
1.000000e+00
1.000000e+00
1.000000e+00
1.000000e+00
1.000000e+00
1.000000e+00
1.000000e+00
1.000000e+00
1.000000e+00
1.000000e+00
1.000000e+00
1.000000e+00
1.000000e+00
1.000000e+00
1.000000e+00
1.000000e+00
1.000000e+00
1.000000e+00
1.000000e+00
1.000000e+00
1.000000e+00
1.000000e+00
1.000000e+00
1.000000e+00
1.000000e+00
1.000000e+00
1.000000e+00
1.000000e+00
1.000000e+00
1.000000e+00
1.000000e+00
1.000000e+00
1.000000e+00
1.000000e+00
1.000000e+00
1.000000e+00
1.000000e+00
1.000000e+00
1.000000e+00
1.000000e+00
1.000000e+00
1.000000e+00
1.000000e+00
1.000000e+00
1.000000e+00
1.000000e+00
1.000000e+00
1.000000e+00
1.000000e+00
9.999999e-01
9.999999e-01
9.999998e-01
9.999997e-01
9.999995e-01
9.999991e-01
9.999984e-01
9.999973e-01
9.999951e-01
9.999913e-01
9.999844e-01
9.999718e-01
9.999487e-01
9.999066e-01
9.998299e-01
9.996917e-01
9.994461e-01
9.990177e-01
9.982887e-01
9.970852e-01
9.951665e-01
9.922244e-01
9.878974e-01
9.818022e-01
9.735778e-01
9.629379e-01
9.497052e-01
9.338375e-01
9.154179e-01
8.946569e-01
8.718383e-01
8.473056e-01
8.214086e-01
7.945306e-01
7.670145e-01
7.391807e-01
7.113260e-01
6.837159e-01
6.565982e-01
6.301495e-01
6.045606e-01
5.799968e-01
5.565306e-01
5.343115e-01
5.132955e-01
4.935815e-01
4.751471e-01
4.579065e-01
4.417603e-01
4.265717e-01
4.122093e-01
3.985220e-01
3.853372e-01
3.725302e-01
3.599428e-01
3.474479e-01
3.349301e-01
3.223098e-01
3.095091e-01
2.964910e-01
2.832337e-01
2.697517e-01
2.561017e-01
2.423804e-01
2.287356e-01
2.153629e-01
2.024954e-01
1.903797e-01
1.792528e-01
1.693067e-01
1.606563e-01
1.533303e-01
1.472756e-01
1.423751e-01
1.384748e-01
1.354089e-01
1.330198e-01
1.311682e-01
1.297378e-01
1.286348e-01
1.277850e-01
1.271310e-01
1.266275e-01
1.262409e-01
1.259436e-01
1.257161e-01
1.255417e-01
1.254087e-01
1.253073e-01
1.252303e-01
1.251720e-01
1.251279e-01
1.250949e-01
1.250700e-01
1.250515e-01
1.250377e-01
1.250275e-01
1.250200e-01
1.250145e-01
1.250104e-01
1.250075e-01
1.250053e-01
1.250038e-01
1.250027e-01
1.250019e-01
1.250013e-01
1.250009e-01
1.250006e-01
1.250004e-01
1.250003e-01
1.250002e-01
1.250001e-01
1.250001e-01
1.250001e-01
1.250000e-01
1.250000e-01
1.250000e-01
1.250000e-01
1.250000e-01
1.250000e-01
1.250000e-01
1.250000e-01
1.250000e-01
1.250000e-01
1.250000e-01
1.250000e-01
1.250000e-01
1.250000e-01
1.250000e-01
1.250000e-01
1.250000e-01
1.250000e-01
1.250000e-01
1.250000e-01
1.250000e-01
1.250000e-01
1.250000e-01
1.250000e-01
1.250000e-01
1.250000e-01
1.250000e-01
1.250000e-01
1.250000e-01
1.250000e-01
1.250000e-01
1.250000e-01
1.250000e-01
1.250000e-01
1.250000e-01
1.250000e-01
1.250000e-01
1.250000e-01
1.250000e-01
1.250000e-01
1.250000e-01
1.250000e-01
1.250000e-01
1.250000e-01
1.250000e-01
1.250000e-01
1.250000e-01
1.250000e-01
1.250000e-01
1.250000e-01
1.250000e-01
1.250000e-01
1.250000e-01
1.250000e-01
1.250000e-01
1.250000e-01
1.250000e-01
1.250000e-01
1.250000e-01
1.250000e-01
1.250000e-01
1.250000e-01
1.250000e-01
1.250000e-01
1.250000e-01
1.250000e-01
1.250000e-01
1.250000e-01
1.250000e-01
1.250000e-01
1.250000e-01
1.250000e-01
1.250000e-01
1.250000e-01
1.250000e-01
1.250000e-01
1.250000e-01
1.250000e-01
1.250000e-01
1.250000e-01
1.250000e-01
1.250000e-01
1.250000e-01
1.250000e-01
1.250000e-01
1.250000e-01
1.250000e-01
1.250000e-01
1.250000e-01
1.250000e-01
1.250000e-01
1.250000e-01
1.250000e-01
1.250000e-01
1.250000e-01
1.250000e-01
1.250000e-01
1.250000e-01
1.250000e-01
1.250000e-01
1.250000e-01
1.250000e-01
1.250000e-01
1.250000e-01
1.250000e-01
1.250000e-01
1.250000e-01
1.250000e-01
1.250000e-01
1.250000e-01
1.250000e-01
1.250000e-01
1.250000e-01
1.250000e-01
1.250000e-01
1.250000e-01
1.250000e-01
1.250000e-01
1.250001e-01
1.250001e-01
1.250002e-01
1.250002e-01
1.250003e-01
1.250005e-01
1.250007e-01
1.250010e-01
1.250014e-01
1.250020e-01
1.250028e-01
1.250039e-01
1.250055e-01
1.250077e-01
1.250107e-01
1.250148e-01
1.250204e-01
1.250280e-01
1.250383e-01
1.250522e-01
1.250709e-01
1.250959e-01
1.251292e-01
1.251735e-01
1.252321e-01
1.253095e-01
1.254115e-01
1.255453e-01
1.257205e-01
1.259493e-01
1.262478e-01
1.266363e-01
1.271414e-01
1.277973e-01
1.286484e-01
1.297516e-01
1.311800e-01
1.330259e-01
1.354034e-01
1.384494e-01
1.423199e-01
1.471803e-01
1.531868e-01
1.604616e-01
1.690653e-01
1.789757e-01
1.900806e-01
2.021902e-01
2.150681e-01
2.284631e-01
2.421347e-01
2.558837e-01
2.695595e-01
2.830616e-01
2.963322e-01
3.093590e-01
3.221627e-01
3.347826e-01
3.472994e-01
3.597949e-01
3.723761e-01
3.851809e-01
3.983728e-01
4.120700e-01
4.264607e-01
4.416779e-01
4.578686e-01
4.751551e-01
4.936443e-01
