5.024625e-01
5.171355e-01
5.325738e-01
5.487952e-01
5.657762e-01
5.834946e-01
6.018746e-01
6.209062e-01
6.405165e-01
6.606494e-01
6.812040e-01
7.021192e-01
7.232937e-01
7.446187e-01
7.659752e-01
7.872312e-01
8.082455e-01
8.288610e-01
8.489091e-01
8.682071e-01
8.865724e-01
9.038229e-01
9.197848e-01
9.343029e-01
9.472564e-01
9.585626e-01
9.681977e-01
9.761932e-01
9.826399e-01
9.876808e-01
9.914967e-01
9.942909e-01
9.962692e-01
9.976239e-01
9.985223e-01
9.991002e-01
9.994618e-01
9.996827e-01
9.998149e-01
9.998927e-01
9.999380e-01
9.999642e-01
9.999792e-01
9.999879e-01
9.999929e-01
9.999958e-01
9.999975e-01
9.999985e-01
9.999991e-01
9.999994e-01
9.999997e-01
9.999998e-01
9.999999e-01
9.999999e-01
9.999999e-01
1.000000e+00
1.000000e+00
1.000000e+00
1.000000e+00
1.000000e+00
1.000000e+00
1.000000e+00
1.000000e+00
1.000000e+00
1.000000e+00
1.000000e+00
1.000000e+00
1.000000e+00
1.000000e+00
1.000000e+00
1.000000e+00
1.000000e+00
1.000000e+00
1.000000e+00
1.000000e+00
1.000000e+00
1.000000e+00
1.000000e+00
1.000000e+00
1.000000e+00
1.000000e+00
1.000000e+00
1.000000e+00
1.000000e+00
1.000000e+00
1.000000e+00
1.000000e+00
1.000000e+00
1.000000e+00
1.000000e+00
1.000000e+00
1.000000e+00
1.000000e+00
1.000000e+00
1.000000e+00
1.000000e+00
1.000000e+00
1.000000e+00
1.000000e+00
1.000000e+00
1.000000e+00
1.000000e+00
1.000000e+00
1.000000e+00
1.000000e+00
1.000000e+00
1.000000e+00
1.000000e+00
1.000000e+00
1.000000e+00
1.000000e+00
1.000000e+00
1.000000e+00
1.000000e+00
1.000000e+00
1.000000e+00
1.000000e+00
1.000000e+00
1.000000e+00
1.000000e+00
1.000000e+00
1.000000e+00
1.000000e+00
1.000000e+00
1.000000e+00
1.000000e+00
1.000000e+00
1.000000e+00
1.000000e+00
1.000000e+00
1.000000e+00
1.000000e+00
1.000000e+00
1.000000e+00
1.000000e+00
1.000000e+00
1.000000e+00
1.000000e+00
1.000000e+00
1.000000e+00
1.000000e+00
1.000000e+00
1.000000e+00
1.000000e+00
1.000000e+00
1.000000e+00
1.000000e+00
1.000000e+00
1.000000e+00
1.000000e+00
1.000000e+00
1.000000e+00
1.000000e+00
1.000000e+00
1.000000e+00
1.000000e+00
1.000000e+00
1.000000e+00
1.000000e+00
1.000000e+00
1.000000e+00
1.000000e+00
1.000000e+00
1.000000e+00
1.000000e+00
1.000000e+00
1.000000e+00
1.000000e+00
1.000000e+00
1.000000e+00
1.000000e+00
1.000000e+00
1.000000e+00
1.000000e+00
1.000000e+00
1.000000e+00
1.000000e+00
1.000000e+00
1.000000e+00
1.000000e+00
1.000000e+00
1.000000e+00
1.000000e+00
1.000000e+00
1.000000e+00
1.000000e+00
1.000000e+00
1.000000e+00
1.000000e+00
1.000000e+00
1.000000e+00
1.000000e+00
1.000000e+00
1.000000e+00
1.000000e+00
1.000000e+00
1.000000e+00
1.000000e+00
1.000000e+00
1.000000e+00
1.000000e+00
9.999999e-01
9.999999e-01
9.999998e-01
9.999997e-01
9.999996e-01
9.999993e-01
9.999988e-01
9.999981e-01
9.999968e-01
9.999946e-01
9.999909e-01
9.999845e-01
9.999737e-01
9.999553e-01
9.999240e-01
9.998711e-01
9.997825e-01
9.996357e-01
9.993962e-01
9.990125e-01
9.984107e-01
9.974894e-01
9.961163e-01
9.941282e-01
9.913361e-01
9.875349e-01
9.825213e-01
9.761100e-01
9.681534e-01
9.585549e-01
9.472777e-01
9.343419e-01
9.198287e-01
9.038589e-01
8.865885e-01
8.681943e-01
8.488601e-01
8.287731e-01
8.081173e-01
7.870646e-01
7.657745e-01
7.443879e-01
7.230407e-01
7.018504e-01
6.809268e-01
6.603702e-01
6.402432e-01
6.206431e-01
6.016288e-01
5.832689e-01
5.655762e-01
5.486216e-01
5.324299e-01
5.170213e-01
5.023865e-01
4.885258e-01
4.754415e-01
4.630697e-01
4.513962e-01
4.403631e-01
4.298782e-01
4.199152e-01
4.103532e-01
4.011396e-01
3.922088e-01
3.834549e-01
3.748458e-01
3.662960e-01
3.577759e-01
3.492374e-01
3.406513e-01
3.319828e-01
3.232215e-01
3.143359e-01
3.053095e-01
2.961227e-01
2.867554e-01
2.771910e-01
2.674202e-01
2.574484e-01
2.472960e-01
2.370075e-01
2.266550e-01
2.163392e-01
2.061882e-01
1.963481e-01
1.869743e-01
1.782138e-01
1.701890e-01
1.629855e-01
1.566454e-01
1.511663e-01
1.465071e-01
1.425986e-01
1.393556e-01
1.366866e-01
1.345028e-01
1.327229e-01
1.312754e-01
1.300993e-01
1.291445e-01
1.283689e-01
1.277383e-01
1.272260e-01
1.268091e-01
1.264695e-01
1.261935e-01
1.259686e-01
1.257852e-01
1.256364e-01
1.255151e-01
1.254161e-01
1.253362e-01
1.252711e-01
1.252180e-01
1.251755e-01
1.251408e-01
1.251127e-01
1.250903e-01
1.250721e-01
1.250573e-01
1.250457e-01
1.250363e-01
1.250287e-01
1.250227e-01
1.250179e-01
1.250141e-01
1.250111e-01
1.250087e-01
1.250068e-01
1.250053e-01
1.250041e-01
1.250032e-01
1.250025e-01
1.250019e-01
1.250015e-01
1.250011e-01
1.250009e-01
1.250007e-01
1.250005e-01
1.250004e-01
1.250003e-01
1.250002e-01
1.250002e-01
1.250001e-01
1.250001e-01
1.250001e-01
1.250001e-01
1.250000e-01
1.250000e-01
1.250000e-01
1.250000e-01
1.250000e-01
1.250000e-01
1.250000e-01
1.250000e-01
1.250000e-01
1.250000e-01
1.250000e-01
1.250000e-01
1.250000e-01
1.250000e-01
1.250000e-01
1.250000e-01
1.250000e-01
1.250000e-01
1.250000e-01
1.250000e-01
1.250000e-01
1.250000e-01
1.250000e-01
1.250000e-01
1.250000e-01
1.250000e-01
1.250000e-01
1.250000e-01
1.250000e-01
1.250000e-01
1.250000e-01
1.250000e-01
1.250000e-01
1.250000e-01
1.250000e-01
1.250000e-01
1.250000e-01
1.250000e-01
1.250000e-01
1.250000e-01
1.250000e-01
1.250000e-01
1.250000e-01
1.250000e-01
1.250000e-01
1.250000e-01
1.250000e-01
1.250000e-01
1.250000e-01
1.250000e-01
1.250000e-01
1.250000e-01
1.250000e-01
1.250000e-01
1.250000e-01
1.250000e-01
1.250000e-01
1.250000e-01
1.250000e-01
1.250000e-01
1.250000e-01
1.250000e-01
1.250000e-01
1.250000e-01
1.250000e-01
1.250000e-01
1.250000e-01
1.250000e-01
1.250000e-01
1.250000e-01
1.250001e-01
1.250001e-01
1.250001e-01
1.250001e-01
1.250002e-01
1.250002e-01
1.250003e-01
1.250004e-01
1.250005e-01
1.250007e-01
1.250009e-01
1.250012e-01
1.250015e-01
1.250020e-01
1.250025e-01
1.250033e-01
1.250042e-01
1.250054e-01
1.250069e-01
1.250088e-01
1.250112e-01
1.250142e-01
1.250180e-01
1.250229e-01
1.250289e-01
1.250364e-01
1.250459e-01
1.250577e-01
1.250723e-01
1.250906e-01
1.251132e-01
1.251413e-01
1.251760e-01
1.252190e-01
1.252719e-01
1.253373e-01
1.254177e-01
1.255167e-01
1.256385e-01
1.257881e-01
1.259718e-01
1.261975e-01
1.264746e-01
1.268148e-01
1.272327e-01
1.277461e-01
1.283772e-01
1.291533e-01
1.301079e-01
1.312823e-01
1.327266e-01
1.345005e-01
1.366745e-01
1.393289e-01
1.425517e-01
1.464338e-01
1.510615e-01
1.565057e-01
1.628105e-01
1.699821e-01
1.779822e-01
1.867273e-01
1.960956e-01
2.059392e-01
2.161024e-01
2.264367e-01
2.368102e-01
2.471196e-01
2.572911e-01
2.672797e-01
2.770631e-01
2.866371e-01
2.960106e-01
3.052007e-01
3.142286e-01
3.231116e-01
3.318700e-01
3.405363e-01
3.491163e-01
3.576538e-01
3.661666e-01
3.747174e-01
3.833242e-01
3.920824e-01
4.010173e-01
4.102386e-01
4.198161e-01
4.297945e-01
4.403044e-01
4.513603e-01
4.630623e-01
4.754648e-01
4.885778e-01
