5.197677e-01
5.452334e-01
5.722283e-01
6.007363e-01
6.304909e-01
6.613316e-01
6.928995e-01
7.249037e-01
7.569633e-01
7.886123e-01
8.194061e-01
8.488474e-01
8.764002e-01
9.015855e-01
9.239680e-01
9.432066e-01
9.591363e-01
9.717732e-01
9.813324e-01
9.881992e-01
9.928712e-01
9.958781e-01
9.977101e-01
9.987705e-01
9.993571e-01
9.996697e-01
9.998317e-01
9.999143e-01
9.999561e-01
9.999773e-01
9.999881e-01
9.999937e-01
9.999966e-01
9.999982e-01
9.999990e-01
9.999994e-01
9.999997e-01
9.999998e-01
9.999999e-01
9.999999e-01
1.000000e+00
1.000000e+00
1.000000e+00
1.000000e+00
1.000000e+00
1.000000e+00
1.000000e+00
1.000000e+00
1.000000e+00
1.000000e+00
1.000000e+00
1.000000e+00
1.000000e+00
1.000000e+00
1.000000e+00
1.000000e+00
1.000000e+00
1.000000e+00
1.000000e+00
1.000000e+00
1.000000e+00
1.000000e+00
1.000000e+00
1.000000e+00
1.000000e+00
1.000000e+00
1.000000e+00
1.000000e+00
1.000000e+00
1.000000e+00
1.000000e+00
1.000000e+00
1.000000e+00
1.000000e+00
1.000000e+00
1.000000e+00
1.000000e+00
1.000000e+00
1.000000e+00
1.000000e+00
1.000000e+00
1.000000e+00
1.000000e+00
1.000000e+00
1.000000e+00
1.000000e+00
1.000000e+00
1.000000e+00
1.000000e+00
1.000000e+00
1.000000e+00
1.000000e+00
1.000000e+00
1.000000e+00
1.000000e+00
1.000000e+00
1.000000e+00
1.000000e+00
1.000000e+00
1.000000e+00
1.000000e+00
1.000000e+00
1.000000e+00
1.000000e+00
1.000000e+00
1.000000e+00
1.000000e+00
1.000000e+00
1.000000e+00
1.000000e+00
1.000000e+00
1.000000e+00
1.000000e+00
1.000000e+00
1.000000e+00
1.000000e+00
1.000000e+00
1.000000e+00
1.000000e+00
1.000000e+00
1.000000e+00
1.000000e+00
1.000000e+00
1.000000e+00
1.000000e+00
1.000000e+00
1.000000e+00
1.000000e+00
1.000000e+00
1.000000e+00
1.000000e+00
1.000000e+00
1.000000e+00
1.000000e+00
1.000000e+00
1.000000e+00
1.000000e+00
1.000000e+00
1.000000e+00
1.000000e+00
1.000000e+00
1.000000e+00
1.000000e+00
1.000000e+00
1.000000e+00
1.000000e+00
1.000000e+00
1.000000e+00
1.000000e+00
1.000000e+00
1.000000e+00
1.000000e+00
1.000000e+00
1.000000e+00
1.000000e+00
1.000000e+00
1.000000e+00
1.000000e+00
1.000000e+00
1.000000e+00
1.000000e+00
1.000000e+00
1.000000e+00
1.000000e+00
1.000000e+00
1.000000e+00
1.000000e+00
1.000000e+00
1.000000e+00
1.000000e+00
1.000000e+00
1.000000e+00
1.000000e+00
1.000000e+00
1.000000e+00
1.000000e+00
1.000000e+00
1.000000e+00
1.000000e+00
1.000000e+00
1.000000e+00
1.000000e+00
1.000000e+00
1.000000e+00
1.000000e+00
1.000000e+00
1.000000e+00
1.000000e+00
1.000000e+00
1.000000e+00
1.000000e+00
1.000000e+00
1.000000e+00
1.000000e+00
1.000000e+00
1.000000e+00
1.000000e+00
1.000000e+00
1.000000e+00
1.000000e+00
1.000000e+00
1.000000e+00
1.000000e+00
1.000000e+00
1.000000e+00
1.000000e+00
1.000000e+00
1.000000e+00
1.000000e+00
1.000000e+00
1.000000e+00
1.000000e+00
1.000000e+00
1.000000e+00
1.000000e+00
1.000000e+00
9.999999e-01
9.999999e-01
9.999998e-01
9.999996e-01
9.999992e-01
9.999986e-01
9.999975e-01
9.999954e-01
9.999914e-01
9.999839e-01
9.999697e-01
9.999424e-01
9.998902e-01
9.997909e-01
9.996039e-01
9.992573e-01
9.986297e-01
9.975280e-01
9.956652e-01
9.926505e-01
9.880014e-01
9.811873e-01
9.716980e-01
9.591306e-01
9.432505e-01
9.240292e-01
9.016291e-01
8.763951e-01
8.487721e-01
8.192504e-01
7.883786e-01
7.566642e-01
7.245572e-01
6.925287e-01
6.609590e-01
6.301409e-01
6.004239e-01
5.719700e-01
5.450304e-01
5.196592e-01
4.959529e-01
4.739192e-01
4.534505e-01
4.343149e-01
4.163945e-01
3.994289e-01
3.831743e-01
3.674236e-01
3.519507e-01
3.365731e-01
3.211488e-01
3.055602e-01
2.897719e-01
2.737861e-01
2.576896e-01
2.416375e-01
2.258570e-01
2.106394e-01
1.963096e-01
1.831860e-01
1.715371e-01
1.615322e-01
1.532111e-01
1.464932e-01
1.412059e-01
1.371281e-01
1.340290e-01
1.316973e-01
1.299537e-01
1.286550e-01
1.276899e-01
1.269741e-01
1.264443e-01
1.260530e-01
1.257647e-01
1.255530e-01
1.253981e-01
1.252851e-01
1.252033e-01
1.251440e-01
1.251016e-01
1.250712e-01
1.250497e-01
1.250344e-01
1.250237e-01
1.250162e-01
1.250111e-01
1.250075e-01
1.250050e-01
1.250034e-01
1.250022e-01
1.250015e-01
1.250010e-01
1.250006e-01
1.250004e-01
1.250003e-01
1.250002e-01
1.250001e-01
1.250001e-01
1.250000e-01
1.250000e-01
1.250000e-01
1.250000e-01
1.250000e-01
1.250000e-01
1.250000e-01
1.250000e-01
1.250000e-01
1.250000e-01
1.250000e-01
1.250000e-01
1.250000e-01
1.250000e-01
1.250000e-01
1.250000e-01
1.250000e-01
1.250000e-01
1.250000e-01
1.250000e-01
1.250000e-01
1.250000e-01
1.250000e-01
1.250000e-01
1.250000e-01
1.250000e-01
1.250000e-01
1.250000e-01
1.250000e-01
1.250000e-01
1.250000e-01
1.250000e-01
1.250000e-01
1.250000e-01
1.250000e-01
1.250000e-01
1.250000e-01
1.250000e-01
1.250000e-01
1.250000e-01
1.250000e-01
1.250000e-01
1.250000e-01
1.250000e-01
1.250000e-01
1.250000e-01
1.250000e-01
1.250000e-01
1.250000e-01
1.250000e-01
1.250000e-01
1.250000e-01
1.250000e-01
1.250000e-01
1.250000e-01
1.250000e-01
1.250000e-01
1.250000e-01
1.250000e-01
1.250000e-01
1.250000e-01
1.250000e-01
1.250000e-01
1.250000e-01
1.250000e-01
1.250000e-01
1.250000e-01
1.250000e-01
1.250000e-01
1.250000e-01
1.250000e-01
1.250000e-01
1.250000e-01
1.250000e-01
1.250000e-01
1.250000e-01
1.250000e-01
1.250000e-01
1.250000e-01
1.250000e-01
1.250000e-01
1.250000e-01
1.250000e-01
1.250000e-01
1.250000e-01
1.250000e-01
1.250000e-01
1.250000e-01
1.250000e-01
1.250000e-01
1.250000e-01
1.250000e-01
1.250000e-01
1.250000e-01
1.250000e-01
1.250000e-01
1.250000e-01
1.250000e-01
1.250000e-01
1.250000e-01
1.250000e-01
1.250000e-01
1.250000e-01
1.250000e-01
1.250000e-01
1.250000e-01
1.250000e-01
1.250000e-01
1.250000e-01
1.250000e-01
1.250000e-01
1.250000e-01
1.250000e-01
1.250000e-01
1.250000e-01
1.250000e-01
1.250000e-01
1.250000e-01
1.250000e-01
1.250000e-01
1.250000e-01
1.250000e-01
1.250000e-01
1.250000e-01
1.250000e-01
1.250000e-01
1.250000e-01
1.250000e-01
1.250000e-01
1.250000e-01
1.250000e-01
1.250000e-01
1.250000e-01
1.250000e-01
1.250000e-01
1.250000e-01
1.250000e-01
1.250000e-01
1.250001e-01
1.250001e-01
1.250002e-01
1.250003e-01
1.250005e-01
1.250007e-01
1.250011e-01
1.250016e-01
1.250024e-01
1.250036e-01
1.250053e-01
1.250078e-01
1.250115e-01
1.250168e-01
1.250245e-01
1.250354e-01
1.250508e-01
1.250727e-01
1.251034e-01
1.251464e-01
1.252061e-01
1.252887e-01
1.254024e-01
1.255585e-01
1.257717e-01
1.260618e-01
1.264553e-01
1.269876e-01
1.277059e-01
1.286728e-01
1.299716e-01
1.317114e-01
1.340328e-01
1.371112e-01
1.411554e-01
1.463947e-01
1.530538e-01
1.613125e-01
1.712615e-01
1.828687e-01
1.959710e-01
2.103030e-01
2.255415e-01
2.413522e-01
2.574377e-01
2.735655e-01
2.895767e-01
3.053799e-01
3.209764e-01
3.364037e-01
3.517801e-01
3.672533e-01
3.830087e-01
3.992720e-01
4.162531e-01
4.342044e-01
4.533842e-01
4.739125e-01
4.960221e-01
