5.219037e-01
5.489514e-01
5.776629e-01
6.079236e-01
6.395024e-01
6.721376e-01
7.054243e-01
7.390024e-01
7.723687e-01
8.050312e-01
8.364436e-01
8.660041e-01
8.931660e-01
9.174190e-01
9.383495e-01
9.557291e-01
9.695349e-01
9.799718e-01
9.874455e-01
9.924998e-01
9.957227e-01
9.976618e-01
9.987670e-01
9.993674e-01
9.996811e-01
9.998405e-01
9.999202e-01
9.999598e-01
9.999795e-01
9.999894e-01
9.999944e-01
9.999971e-01
9.999984e-01
9.999991e-01
9.999995e-01
9.999997e-01
9.999999e-01
9.999999e-01
1.000000e+00
1.000000e+00
1.000000e+00
1.000000e+00
1.000000e+00
1.000000e+00
1.000000e+00
1.000000e+00
1.000000e+00
1.000000e+00
1.000000e+00
1.000000e+00
1.000000e+00
1.000000e+00
1.000000e+00
1.000000e+00
1.000000e+00
1.000000e+00
1.000000e+00
1.000000e+00
1.000000e+00
1.000000e+00
1.000000e+00
1.000000e+00
1.000000e+00
1.000000e+00
1.000000e+00
1.000000e+00
1.000000e+00
1.000000e+00
1.000000e+00
1.000000e+00
1.000000e+00
1.000000e+00
1.000000e+00
1.000000e+00
1.000000e+00
1.000000e+00
1.000000e+00
1.000000e+00
1.000000e+00
1.000000e+00
1.000000e+00
1.000000e+00
1.000000e+00
1.000000e+00
1.000000e+00
1.000000e+00
1.000000e+00
1.000000e+00
1.000000e+00
1.000000e+00
1.000000e+00
1.000000e+00
1.000000e+00
1.000000e+00
1.000000e+00
1.000000e+00
1.000000e+00
1.000000e+00
1.000000e+00
1.000000e+00
1.000000e+00
1.000000e+00
1.000000e+00
1.000000e+00
1.000000e+00
1.000000e+00
1.000000e+00
1.000000e+00
1.000000e+00
1.000000e+00
1.000000e+00
1.000000e+00
1.000000e+00
1.000000e+00
1.000000e+00
1.000000e+00
1.000000e+00
1.000000e+00
1.000000e+00
1.000000e+00
1.000000e+00
1.000000e+00
1.000000e+00
1.000000e+00
1.000000e+00
1.000000e+00
1.000000e+00
1.000000e+00
1.000000e+00
1.000000e+00
1.000000e+00
1.000000e+00
1.000000e+00
1.000000e+00
1.000000e+00
1.000000e+00
1.000000e+00
1.000000e+00
1.000000e+00
1.000000e+00
1.000000e+00
1.000000e+00
1.000000e+00
1.000000e+00
1.000000e+00
1.000000e+00
1.000000e+00
1.000000e+00
1.000000e+00
1.000000e+00
1.000000e+00
1.000000e+00
1.000000e+00
1.000000e+00
1.000000e+00
1.000000e+00
1.000000e+00
1.000000e+00
1.000000e+00
1.000000e+00
1.000000e+00
1.000000e+00
1.000000e+00
1.000000e+00
1.000000e+00
1.000000e+00
1.000000e+00
1.000000e+00
1.000000e+00
1.000000e+00
1.000000e+00
1.000000e+00
1.000000e+00
1.000000e+00
1.000000e+00
1.000000e+00
1.000000e+00
1.000000e+00
1.000000e+00
1.000000e+00
1.000000e+00
1.000000e+00
1.000000e+00
1.000000e+00
1.000000e+00
1.000000e+00
1.000000e+00
1.000000e+00
1.000000e+00
1.000000e+00
1.000000e+00
1.000000e+00
1.000000e+00
1.000000e+00
1.000000e+00
1.000000e+00
1.000000e+00
1.000000e+00
1.000000e+00
1.000000e+00
1.000000e+00
1.000000e+00
1.000000e+00
1.000000e+00
1.000000e+00
1.000000e+00
1.000000e+00
1.000000e+00
1.000000e+00
1.000000e+00
1.000000e+00
1.000000e+00
1.000000e+00
1.000000e+00
1.000000e+00
1.000000e+00
1.000000e+00
9.999999e-01
9.999999e-01
9.999998e-01
9.999996e-01
9.999994e-01
9.999988e-01
9.999978e-01
9.999960e-01
9.999924e-01
9.999855e-01
9.999723e-01
9.999466e-01
9.998966e-01
9.997999e-01
9.996146e-01
9.992649e-01
9.986210e-01
9.974720e-01
9.955011e-01
9.922724e-01
9.872467e-01
9.798331e-01
9.694723e-01
9.557376e-01
9.384031e-01
9.174798e-01
8.931964e-01
8.659722e-01
8.363298e-01
8.048315e-01
7.720908e-01
7.386627e-01
7.050501e-01
6.717539e-01
6.391328e-01
6.075924e-01
5.773869e-01
5.487384e-01
5.217917e-01
4.966428e-01
4.733277e-01
4.517000e-01
4.315287e-01
4.126261e-01
3.947134e-01
3.775216e-01
3.607973e-01
3.443217e-01
3.278907e-01
3.113669e-01
2.946720e-01
2.777937e-01
2.608181e-01
2.439077e-01
2.273082e-01
2.113405e-01
1.963609e-01
1.827164e-01
1.706929e-01
1.604620e-01
1.520474e-01
1.453387e-01
1.401296e-01
1.361675e-01
1.331982e-01
1.309946e-01
1.293693e-01
1.281750e-01
1.273001e-01
1.266603e-01
1.261940e-01
1.258548e-01
1.256091e-01
1.254319e-01
1.253045e-01
1.252135e-01
1.251488e-01
1.251031e-01
1.250709e-01
1.250485e-01
1.250330e-01
1.250223e-01
1.250149e-01
1.250099e-01
1.250066e-01
1.250043e-01
1.250028e-01
1.250018e-01
1.250012e-01
1.250008e-01
1.250005e-01
1.250003e-01
1.250002e-01
1.250001e-01
1.250001e-01
1.250000e-01
1.250000e-01
1.250000e-01
1.250000e-01
1.250000e-01
1.250000e-01
1.250000e-01
1.250000e-01
1.250000e-01
1.250000e-01
1.250000e-01
1.250000e-01
1.250000e-01
1.250000e-01
1.250000e-01
1.250000e-01
1.250000e-01
1.250000e-01
1.250000e-01
1.250000e-01
1.250000e-01
1.250000e-01
1.250000e-01
1.250000e-01
1.250000e-01
1.250000e-01
1.250000e-01
1.250000e-01
1.250000e-01
1.250000e-01
1.250000e-01
1.250000e-01
1.250000e-01
1.250000e-01
1.250000e-01
1.250000e-01
1.250000e-01
1.250000e-01
1.250000e-01
1.250000e-01
1.250000e-01
1.250000e-01
1.250000e-01
1.250000e-01
1.250000e-01
1.250000e-01
1.250000e-01
1.250000e-01
1.250000e-01
1.250000e-01
1.250000e-01
1.250000e-01
1.250000e-01
1.250000e-01
1.250000e-01
1.250000e-01
1.250000e-01
1.250000e-01
1.250000e-01
1.250000e-01
1.250000e-01
1.250000e-01
1.250000e-01
1.250000e-01
1.250000e-01
1.250000e-01
1.250000e-01
1.250000e-01
1.250000e-01
1.250000e-01
1.250000e-01
1.250000e-01
1.250000e-01
1.250000e-01
1.250000e-01
1.250000e-01
1.250000e-01
1.250000e-01
1.250000e-01
1.250000e-01
1.250000e-01
1.250000e-01
1.250000e-01
1.250000e-01
1.250000e-01
1.250000e-01
1.250000e-01
1.250000e-01
1.250000e-01
1.250000e-01
1.250000e-01
1.250000e-01
1.250000e-01
1.250000e-01
1.250000e-01
1.250000e-01
1.250000e-01
1.250000e-01
1.250000e-01
1.250000e-01
1.250000e-01
1.250000e-01
1.250000e-01
1.250000e-01
1.250000e-01
1.250000e-01
1.250000e-01
1.250000e-01
1.250000e-01
1.250000e-01
1.250000e-01
1.250000e-01
1.250000e-01
1.250000e-01
1.250000e-01
1.250000e-01
1.250000e-01
1.250000e-01
1.250000e-01
1.250000e-01
1.250000e-01
1.250000e-01
1.250000e-01
1.250000e-01
1.250000e-01
1.250000e-01
1.250000e-01
1.250000e-01
1.250000e-01
1.250000e-01
1.250000e-01
1.250000e-01
1.250000e-01
1.250000e-01
1.250000e-01
1.250000e-01
1.250000e-01
1.250000e-01
1.250000e-01
1.250000e-01
1.250000e-01
1.250000e-01
1.250000e-01
1.250001e-01
1.250001e-01
1.250001e-01
1.250002e-01
1.250003e-01
1.250005e-01
1.250008e-01
1.250013e-01
1.250020e-01
1.250030e-01
1.250046e-01
1.250070e-01
1.250104e-01
1.250156e-01
1.250231e-01
1.250341e-01
1.250499e-01
1.250727e-01
1.251052e-01
1.251515e-01
1.252169e-01
1.253088e-01
1.254372e-01
1.256159e-01
1.258634e-01
1.262047e-01
1.266738e-01
1.273164e-01
1.281940e-01
1.293893e-01
1.310123e-01
1.332073e-01
1.361579e-01
1.400873e-01
1.452481e-01
1.518953e-01
1.602432e-01
1.704130e-01
1.823897e-01
1.960104e-01
2.109921e-01
2.269820e-01
2.436137e-01
2.605604e-01
2.775684e-01
2.944690e-01
3.111820e-01
3.277132e-01
3.441460e-01
3.606213e-01
3.773464e-01
3.945456e-01
4.124775e-01
4.314134e-01
4.516245e-01
4.733160e-01
4.967124e-01
