5.020887e-01
5.165689e-01
5.318030e-01
5.478073e-01
5.645599e-01
5.820368e-01
6.001685e-01
6.189465e-01
6.383002e-01
6.581736e-01
6.784736e-01
6.991412e-01
7.200785e-01
7.411802e-01
7.623411e-01
7.834239e-01
8.043007e-01
8.248193e-01
8.448151e-01
8.641188e-01
8.825451e-01
8.999194e-01
9.160675e-01
9.308323e-01
9.440867e-01
9.557364e-01
9.657435e-01
9.741224e-01
9.809455e-01
9.863383e-01
9.904687e-01
9.935302e-01
9.957255e-01
9.972482e-01
9.982710e-01
9.989371e-01
9.993589e-01
9.996192e-01
9.997765e-01
9.998699e-01
9.999246e-01
9.999563e-01
9.999747e-01
9.999852e-01
9.999913e-01
9.999949e-01
9.999970e-01
9.999982e-01
9.999989e-01
9.999993e-01
9.999996e-01
9.999997e-01
9.999998e-01
9.999999e-01
9.999999e-01
1.000000e+00
1.000000e+00
1.000000e+00
1.000000e+00
1.000000e+00
1.000000e+00
1.000000e+00
1.000000e+00
1.000000e+00
1.000000e+00
1.000000e+00
1.000000e+00
1.000000e+00
1.000000e+00
1.000000e+00
1.000000e+00
1.000000e+00
1.000000e+00
1.000000e+00
1.000000e+00
1.000000e+00
1.000000e+00
1.000000e+00
1.000000e+00
1.000000e+00
1.000000e+00
1.000000e+00
1.000000e+00
1.000000e+00
1.000000e+00
1.000000e+00
1.000000e+00
1.000000e+00
1.000000e+00
1.000000e+00
1.000000e+00
1.000000e+00
1.000000e+00
1.000000e+00
1.000000e+00
1.000000e+00
1.000000e+00
1.000000e+00
1.000000e+00
1.000000e+00
1.000000e+00
1.000000e+00
1.000000e+00
1.000000e+00
1.000000e+00
1.000000e+00
1.000000e+00
1.000000e+00
1.000000e+00
1.000000e+00
1.000000e+00
1.000000e+00
1.000000e+00
1.000000e+00
1.000000e+00
1.000000e+00
1.000000e+00
1.000000e+00
1.000000e+00
1.000000e+00
1.000000e+00
1.000000e+00
1.000000e+00
1.000000e+00
1.000000e+00
1.000000e+00
1.000000e+00
1.000000e+00
1.000000e+00
1.000000e+00
1.000000e+00
1.000000e+00
1.000000e+00
1.000000e+00
1.000000e+00
1.000000e+00
1.000000e+00
1.000000e+00
1.000000e+00
1.000000e+00
1.000000e+00
1.000000e+00
1.000000e+00
1.000000e+00
1.000000e+00
1.000000e+00
1.000000e+00
1.000000e+00
1.000000e+00
1.000000e+00
1.000000e+00
1.000000e+00
1.000000e+00
1.000000e+00
1.000000e+00
1.000000e+00
1.000000e+00
1.000000e+00
1.000000e+00
1.000000e+00
1.000000e+00
1.000000e+00
1.000000e+00
1.000000e+00
1.000000e+00
1.000000e+00
1.000000e+00
1.000000e+00
1.000000e+00
1.000000e+00
1.000000e+00
1.000000e+00
1.000000e+00
1.000000e+00
1.000000e+00
1.000000e+00
1.000000e+00
1.000000e+00
1.000000e+00
1.000000e+00
1.000000e+00
1.000000e+00
1.000000e+00
1.000000e+00
1.000000e+00
1.000000e+00
1.000000e+00
1.000000e+00
1.000000e+00
1.000000e+00
1.000000e+00
1.000000e+00
1.000000e+00
1.000000e+00
1.000000e+00
1.000000e+00
1.000000e+00
1.000000e+00
1.000000e+00
1.000000e+00
9.999999e-01
9.999999e-01
9.999999e-01
9.999998e-01
9.999997e-01
9.999995e-01
9.999991e-01
9.999986e-01
9.999976e-01
9.999961e-01
9.999934e-01
9.999889e-01
9.999812e-01
9.999682e-01
9.999459e-01
9.999083e-01
9.998450e-01
9.997397e-01
9.995666e-01
9.992866e-01
9.988423e-01
9.981525e-01
9.971082e-01
9.955696e-01
9.933680e-01
9.903122e-01
9.862002e-01
9.808369e-01
9.740503e-01
9.657097e-01
9.557371e-01
9.441132e-01
9.308734e-01
9.161103e-01
8.999514e-01
8.825555e-01
8.640990e-01
8.447589e-01
8.247241e-01
8.041664e-01
7.832525e-01
7.621368e-01
7.409476e-01
7.198244e-01
6.988729e-01
6.781981e-01
6.578967e-01
6.380298e-01
6.186868e-01
5.999262e-01
5.818141e-01
5.643626e-01
5.476365e-01
5.316613e-01
5.164562e-01
5.020133e-01
4.883304e-01
4.754099e-01
4.631895e-01
4.516543e-01
4.407518e-01
4.303886e-01
4.205385e-01
4.110913e-01
4.019839e-01
3.931594e-01
3.845106e-01
3.760100e-01
3.675730e-01
3.591633e-01
3.507443e-01
3.422775e-01
3.337381e-01
3.251088e-01
3.163629e-01
3.074866e-01
2.984567e-01
2.892551e-01
2.798631e-01
2.702687e-01
2.604700e-01
2.504823e-01
2.403388e-01
2.301003e-01
2.198558e-01
2.097217e-01
1.998369e-01
1.903516e-01
1.814165e-01
1.731625e-01
1.656894e-01
1.590560e-01
1.532772e-01
1.483270e-01
1.441477e-01
1.406609e-01
1.377784e-01
1.354114e-01
1.334764e-01
1.318994e-01
1.306156e-01
1.295714e-01
1.287223e-01
1.280310e-01
1.274682e-01
1.270100e-01
1.266362e-01
1.263314e-01
1.260833e-01
1.258804e-01
1.257149e-01
1.255805e-01
1.254703e-01
1.253807e-01
1.253082e-01
1.252487e-01
1.252005e-01
1.251617e-01
1.251298e-01
1.251041e-01
1.250836e-01
1.250668e-01
1.250533e-01
1.250426e-01
1.250338e-01
1.250268e-01
1.250213e-01
1.250168e-01
1.250132e-01
1.250105e-01
1.250082e-01
1.250064e-01
1.250050e-01
1.250039e-01
1.250031e-01
1.250024e-01
1.250018e-01
1.250014e-01
1.250011e-01
1.250008e-01
1.250007e-01
1.250005e-01
1.250004e-01
1.250003e-01
1.250002e-01
1.250002e-01
1.250001e-01
1.250001e-01
1.250001e-01
1.250001e-01
1.250000e-01
1.250000e-01
1.250000e-01
1.250000e-01
1.250000e-01
1.250000e-01
1.250000e-01
1.250000e-01
1.250000e-01
1.250000e-01
1.250000e-01
1.250000e-01
1.250000e-01
1.250000e-01
1.250000e-01
1.250000e-01
1.250000e-01
1.250000e-01
1.250000e-01
1.250000e-01
1.250000e-01
1.250000e-01
1.250000e-01
1.250000e-01
1.250000e-01
1.250000e-01
1.250000e-01
1.250000e-01
1.250000e-01
1.250000e-01
1.250000e-01
1.250000e-01
1.250000e-01
1.250000e-01
1.250000e-01
1.250000e-01
1.250000e-01
1.250000e-01
1.250000e-01
1.250000e-01
1.250000e-01
1.250000e-01
1.250000e-01
1.250000e-01
1.250000e-01
1.250000e-01
1.250000e-01
1.250000e-01
1.250000e-01
1.250000e-01
1.250000e-01
1.250000e-01
1.250000e-01
1.250000e-01
1.250000e-01
1.250000e-01
1.250000e-01
1.250000e-01
1.250000e-01
1.250000e-01
1.250000e-01
1.250000e-01
1.250000e-01
1.250000e-01
1.250000e-01
1.250000e-01
1.250000e-01
1.250000e-01
1.250001e-01
1.250001e-01
1.250001e-01
1.250001e-01
1.250002e-01
1.250002e-01
1.250003e-01
1.250004e-01
1.250005e-01
1.250007e-01
1.250009e-01
1.250011e-01
1.250015e-01
1.250019e-01
1.250024e-01
1.250031e-01
1.250040e-01
1.250051e-01
1.250065e-01
1.250083e-01
1.250105e-01
1.250134e-01
1.250169e-01
1.250214e-01
1.250270e-01
1.250340e-01
1.250427e-01
1.250536e-01
1.250671e-01
1.250838e-01
1.251046e-01
1.251303e-01
1.251621e-01
1.252013e-01
1.252496e-01
1.253090e-01
1.253822e-01
1.254720e-01
1.255822e-01
1.257175e-01
1.258834e-01
1.260868e-01
1.263360e-01
1.266415e-01
1.270160e-01
1.274754e-01
1.280389e-01
1.287307e-01
1.295801e-01
1.306235e-01
1.319050e-01
1.334778e-01
1.354052e-01
1.377607e-01
1.406265e-01
1.440908e-01
1.482419e-01
1.531593e-01
1.589031e-01
1.655025e-01
1.729464e-01
1.811793e-01
1.901030e-01
1.995861e-01
2.094779e-01
2.196267e-01
2.298907e-01
2.401501e-01
2.503140e-01
2.603201e-01
2.701338e-01
2.797399e-01
2.891403e-01
2.983470e-01
3.073797e-01
3.162564e-01
3.250002e-01
3.336251e-01
3.421630e-01
3.506237e-01
3.590409e-01
3.674439e-01
3.758831e-01
3.843812e-01
3.930341e-01
4.018621e-01
4.109788e-01
4.204418e-01
4.303071e-01
4.406947e-01
4.516195e-01
4.631832e-01
4.754333e-01
4.883823e-01
