5.079052e-01
5.255700e-01
5.441969e-01
5.638400e-01
5.844079e-01
6.058289e-01
6.280665e-01
6.509957e-01
6.745121e-01
6.984871e-01
7.227795e-01
7.472287e-01
7.716359e-01
7.958122e-01
8.195345e-01
8.425646e-01
8.646437e-01
8.855152e-01
9.049263e-01
9.226407e-01
9.384641e-01
9.522501e-01
9.639371e-01
9.735445e-01
9.811811e-01
9.870358e-01
9.913554e-01
9.944197e-01
9.965088e-01
9.978786e-01
9.987441e-01
9.992726e-01
9.995860e-01
9.997672e-01
9.998700e-01
9.999276e-01
9.999596e-01
9.999773e-01
9.999872e-01
9.999927e-01
9.999958e-01
9.999976e-01
9.999986e-01
9.999992e-01
9.999995e-01
9.999997e-01
9.999998e-01
9.999999e-01
9.999999e-01
1.000000e+00
1.000000e+00
1.000000e+00
1.000000e+00
1.000000e+00
1.000000e+00
1.000000e+00
1.000000e+00
1.000000e+00
1.000000e+00
1.000000e+00
1.000000e+00
1.000000e+00
1.000000e+00
1.000000e+00
1.000000e+00
1.000000e+00
1.000000e+00
1.000000e+00
1.000000e+00
1.000000e+00
1.000000e+00
1.000000e+00
1.000000e+00
1.000000e+00
1.000000e+00
1.000000e+00
1.000000e+00
1.000000e+00
1.000000e+00
1.000000e+00
1.000000e+00
1.000000e+00
1.000000e+00
1.000000e+00
1.000000e+00
1.000000e+00
1.000000e+00
1.000000e+00
1.000000e+00
1.000000e+00
1.000000e+00
1.000000e+00
1.000000e+00
1.000000e+00
1.000000e+00
1.000000e+00
1.000000e+00
1.000000e+00
1.000000e+00
1.000000e+00
1.000000e+00
1.000000e+00
1.000000e+00
1.000000e+00
1.000000e+00
1.000000e+00
1.000000e+00
1.000000e+00
1.000000e+00
1.000000e+00
1.000000e+00
1.000000e+00
1.000000e+00
1.000000e+00
1.000000e+00
1.000000e+00
1.000000e+00
1.000000e+00
1.000000e+00
1.000000e+00
1.000000e+00
1.000000e+00
1.000000e+00
1.000000e+00
1.000000e+00
1.000000e+00
1.000000e+00
1.000000e+00
1.000000e+00
1.000000e+00
1.000000e+00
1.000000e+00
1.000000e+00
1.000000e+00
1.000000e+00
1.000000e+00
1.000000e+00
1.000000e+00
1.000000e+00
1.000000e+00
1.000000e+00
1.000000e+00
1.000000e+00
1.000000e+00
1.000000e+00
1.000000e+00
1.000000e+00
1.000000e+00
1.000000e+00
1.000000e+00
1.000000e+00
1.000000e+00
1.000000e+00
1.000000e+00
1.000000e+00
1.000000e+00
1.000000e+00
1.000000e+00
1.000000e+00
1.000000e+00
1.000000e+00
1.000000e+00
1.000000e+00
1.000000e+00
1.000000e+00
1.000000e+00
1.000000e+00
1.000000e+00
1.000000e+00
1.000000e+00
1.000000e+00
1.000000e+00
1.000000e+00
1.000000e+00
1.000000e+00
1.000000e+00
1.000000e+00
1.000000e+00
1.000000e+00
1.000000e+00
1.000000e+00
1.000000e+00
1.000000e+00
1.000000e+00
1.000000e+00
1.000000e+00
1.000000e+00
1.000000e+00
1.000000e+00
1.000000e+00
1.000000e+00
1.000000e+00
1.000000e+00
1.000000e+00
1.000000e+00
1.000000e+00
1.000000e+00
1.000000e+00
1.000000e+00
1.000000e+00
1.000000e+00
1.000000e+00
1.000000e+00
1.000000e+00
1.000000e+00
1.000000e+00
9.999999e-01
9.999999e-01
9.999999e-01
9.999998e-01
9.999996e-01
9.999993e-01
9.999989e-01
9.999981e-01
9.999968e-01
9.999945e-01
9.999905e-01
9.999834e-01
9.999709e-01
9.999490e-01
9.999103e-01
9.998425e-01
9.997251e-01
9.995241e-01
9.991858e-01
9.986289e-01
9.977349e-01
9.963416e-01
9.942398e-01
9.911783e-01
9.868792e-01
9.810606e-01
9.734702e-01
9.639104e-01
9.522641e-01
9.385049e-01
9.226908e-01
9.049671e-01
8.855304e-01
8.646203e-01
8.424932e-01
8.194125e-01
7.956398e-01
7.714180e-01
7.469721e-01
7.224950e-01
6.981839e-01
6.742023e-01
6.506878e-01
6.277712e-01
6.055563e-01
5.841620e-01
5.636252e-01
5.440229e-01
5.254331e-01
5.078181e-01
4.912073e-01
4.755914e-01
4.608937e-01
4.471036e-01
4.340641e-01
4.217562e-01
4.100177e-01
3.987700e-01
3.878883e-01
3.772831e-01
3.668413e-01
3.564894e-01
3.461446e-01
3.357498e-01
3.252512e-01
3.145998e-01
3.037620e-01
2.927156e-01
2.814432e-01
2.699447e-01
2.582454e-01
2.463948e-01
2.344762e-01
2.226099e-01
2.109523e-01
1.996870e-01
1.890076e-01
1.791027e-01
1.701261e-01
1.621799e-01
1.553053e-01
1.494824e-01
1.446409e-01
1.406763e-01
1.374680e-01
1.348939e-01
1.328406e-01
1.312084e-01
1.299135e-01
1.288873e-01
1.280738e-01
1.274295e-01
1.269188e-01
1.265138e-01
1.261933e-01
1.259390e-01
1.257381e-01
1.255792e-01
1.254533e-01
1.253545e-01
1.252763e-01
1.252149e-01
1.251669e-01
1.251291e-01
1.250998e-01
1.250768e-01
1.250590e-01
1.250452e-01
1.250344e-01
1.250263e-01
1.250199e-01
1.250151e-01
1.250114e-01
1.250085e-01
1.250064e-01
1.250048e-01
1.250036e-01
1.250027e-01
1.250020e-01
1.250015e-01
1.250011e-01
1.250008e-01
1.250006e-01
1.250004e-01
1.250003e-01
1.250002e-01
1.250002e-01
1.250001e-01
1.250001e-01
1.250001e-01
1.250000e-01
1.250000e-01
1.250000e-01
1.250000e-01
1.250000e-01
1.250000e-01
1.250000e-01
1.250000e-01
1.250000e-01
1.250000e-01
1.250000e-01
1.250000e-01
1.250000e-01
1.250000e-01
1.250000e-01
1.250000e-01
1.250000e-01
1.250000e-01
1.250000e-01
1.250000e-01
1.250000e-01
1.250000e-01
1.250000e-01
1.250000e-01
1.250000e-01
1.250000e-01
1.250000e-01
1.250000e-01
1.250000e-01
1.250000e-01
1.250000e-01
1.250000e-01
1.250000e-01
1.250000e-01
1.250000e-01
1.250000e-01
1.250000e-01
1.250000e-01
1.250000e-01
1.250000e-01
1.250000e-01
1.250000e-01
1.250000e-01
1.250000e-01
1.250000e-01
1.250000e-01
1.250000e-01
1.250000e-01
1.250000e-01
1.250000e-01
1.250000e-01
1.250000e-01
1.250000e-01
1.250000e-01
1.250000e-01
1.250000e-01
1.250000e-01
1.250000e-01
1.250000e-01
1.250000e-01
1.250000e-01
1.250000e-01
1.250000e-01
1.250000e-01
1.250000e-01
1.250000e-01
1.250000e-01
1.250000e-01
1.250000e-01
1.250000e-01
1.250000e-01
1.250000e-01
1.250000e-01
1.250000e-01
1.250000e-01
1.250000e-01
1.250000e-01
1.250000e-01
1.250000e-01
1.250000e-01
1.250000e-01
1.250000e-01
1.250000e-01
1.250000e-01
1.250000e-01
1.250000e-01
1.250000e-01
1.250000e-01
1.250000e-01
1.250000e-01
1.250000e-01
1.250000e-01
1.250000e-01
1.250000e-01
1.250000e-01
1.250000e-01
1.250001e-01
1.250001e-01
1.250001e-01
1.250002e-01
1.250002e-01
1.250003e-01
1.250004e-01
1.250006e-01
1.250008e-01
1.250011e-01
1.250015e-01
1.250020e-01
1.250027e-01
1.250037e-01
1.250049e-01
1.250065e-01
1.250087e-01
1.250116e-01
1.250153e-01
1.250202e-01
1.250265e-01
1.250348e-01
1.250456e-01
1.250594e-01
1.250773e-01
1.251004e-01
1.251299e-01
1.251677e-01
1.252161e-01
1.252777e-01
1.253560e-01
1.254555e-01
1.255817e-01
1.257414e-01
1.259433e-01
1.261983e-01
1.265202e-01
1.269263e-01
1.274384e-01
1.280841e-01
1.288981e-01
1.299244e-01
1.312176e-01
1.328455e-01
1.348905e-01
1.374508e-01
1.406383e-01
1.445741e-01
1.493795e-01
1.551610e-01
1.619931e-01
1.699009e-01
1.788484e-01
1.887359e-01
1.994096e-01
2.106818e-01
2.223564e-01
2.342452e-01
2.461884e-01
2.580618e-01
2.697805e-01
2.812948e-01
2.925786e-01
3.036321e-01
3.144734e-01
3.251240e-01
3.356209e-01
3.460126e-01
3.563523e-01
3.666983e-01
3.771422e-01
3.877449e-01
3.986360e-01
4.098893e-01
4.216499e-01
4.339755e-01
4.470474e-01
4.608688e-01
4.756100e-01
4.912646e-01
