5.073498e-01
5.246932e-01
5.429782e-01
5.622534e-01
5.824345e-01
6.034591e-01
6.252867e-01
6.477997e-01
6.709141e-01
6.944901e-01
7.184086e-01
7.425096e-01
7.666175e-01
7.905444e-01
8.140848e-01
8.370082e-01
8.590787e-01
8.800363e-01
8.996404e-01
9.176542e-01
9.338752e-01
9.481435e-01
9.603720e-01
9.705513e-01
9.787570e-01
9.851464e-01
9.899405e-01
9.934023e-01
9.958064e-01
9.974124e-01
9.984460e-01
9.990884e-01
9.994754e-01
9.997024e-01
9.998327e-01
9.999064e-01
9.999476e-01
9.999706e-01
9.999834e-01
9.999905e-01
9.999946e-01
9.999968e-01
9.999982e-01
9.999989e-01
9.999993e-01
9.999996e-01
9.999998e-01
9.999999e-01
9.999999e-01
9.999999e-01
1.000000e+00
1.000000e+00
1.000000e+00
1.000000e+00
1.000000e+00
1.000000e+00
1.000000e+00
1.000000e+00
1.000000e+00
1.000000e+00
1.000000e+00
1.000000e+00
1.000000e+00
1.000000e+00
1.000000e+00
1.000000e+00
1.000000e+00
1.000000e+00
1.000000e+00
1.000000e+00
1.000000e+00
1.000000e+00
1.000000e+00
1.000000e+00
1.000000e+00
1.000000e+00
1.000000e+00
1.000000e+00
1.000000e+00
1.000000e+00
1.000000e+00
1.000000e+00
1.000000e+00
1.000000e+00
1.000000e+00
1.000000e+00
1.000000e+00
1.000000e+00
1.000000e+00
1.000000e+00
1.000000e+00
1.000000e+00
1.000000e+00
1.000000e+00
1.000000e+00
1.000000e+00
1.000000e+00
1.000000e+00
1.000000e+00
1.000000e+00
1.000000e+00
1.000000e+00
1.000000e+00
1.000000e+00
1.000000e+00
1.000000e+00
1.000000e+00
1.000000e+00
1.000000e+00
1.000000e+00
1.000000e+00
1.000000e+00
1.000000e+00
1.000000e+00
1.000000e+00
1.000000e+00
1.000000e+00
1.000000e+00
1.000000e+00
1.000000e+00
1.000000e+00
1.000000e+00
1.000000e+00
1.000000e+00
1.000000e+00
1.000000e+00
1.000000e+00
1.000000e+00
1.000000e+00
1.000000e+00
1.000000e+00
1.000000e+00
1.000000e+00
1.000000e+00
1.000000e+00
1.000000e+00
1.000000e+00
1.000000e+00
1.000000e+00
1.000000e+00
1.000000e+00
1.000000e+00
1.000000e+00
1.000000e+00
1.000000e+00
1.000000e+00
1.000000e+00
1.000000e+00
1.000000e+00
1.000000e+00
1.000000e+00
1.000000e+00
1.000000e+00
1.000000e+00
1.000000e+00
1.000000e+00
1.000000e+00
1.000000e+00
1.000000e+00
1.000000e+00
1.000000e+00
1.000000e+00
1.000000e+00
1.000000e+00
1.000000e+00
1.000000e+00
1.000000e+00
1.000000e+00
1.000000e+00
1.000000e+00
1.000000e+00
1.000000e+00
1.000000e+00
1.000000e+00
1.000000e+00
1.000000e+00
1.000000e+00
1.000000e+00
1.000000e+00
1.000000e+00
1.000000e+00
1.000000e+00
1.000000e+00
1.000000e+00
1.000000e+00
1.000000e+00
1.000000e+00
1.000000e+00
1.000000e+00
1.000000e+00
1.000000e+00
1.000000e+00
1.000000e+00
1.000000e+00
1.000000e+00
1.000000e+00
1.000000e+00
1.000000e+00
1.000000e+00
1.000000e+00
1.000000e+00
1.000000e+00
1.000000e+00
1.000000e+00
1.000000e+00
1.000000e+00
9.999999e-01
9.999999e-01
9.999998e-01
9.999997e-01
9.999995e-01
9.999992e-01
9.999986e-01
9.999976e-01
9.999959e-01
9.999929e-01
9.999877e-01
9.999786e-01
9.999626e-01
9.999345e-01
9.998853e-01
9.997999e-01
9.996530e-01
9.994044e-01
9.989913e-01
9.983205e-01
9.972602e-01
9.956346e-01
9.932233e-01
9.897705e-01
9.850023e-01
9.786527e-01
9.704935e-01
9.603596e-01
9.481672e-01
9.339201e-01
9.177030e-01
8.996753e-01
8.800423e-01
8.590442e-01
8.369259e-01
8.139523e-01
7.903638e-01
7.663940e-01
7.422494e-01
7.181230e-01
6.941886e-01
6.706074e-01
6.474959e-01
6.249957e-01
6.031914e-01
5.821935e-01
5.620431e-01
5.428075e-01
5.245589e-01
5.072641e-01
4.909485e-01
4.756037e-01
4.611519e-01
4.475880e-01
4.347575e-01
4.226403e-01
4.110941e-01
4.000227e-01
3.893256e-01
3.788989e-01
3.686449e-01
3.584849e-01
3.483425e-01
3.381613e-01
3.278843e-01
3.174712e-01
3.068827e-01
2.960955e-01
2.850880e-01
2.738550e-01
2.624092e-01
2.507880e-01
2.390571e-01
2.273183e-01
2.157087e-01
2.043978e-01
1.935713e-01
1.834193e-01
1.741101e-01
1.657686e-01
1.584641e-01
1.522053e-01
1.469466e-01
1.426008e-01
1.390570e-01
1.361957e-01
1.339016e-01
1.320707e-01
1.306130e-01
1.294543e-01
1.285337e-01
1.278020e-01
1.272209e-01
1.267587e-01
1.263915e-01
1.261000e-01
1.258679e-01
1.256843e-01
1.255383e-01
1.254227e-01
1.253315e-01
1.252591e-01
1.252023e-01
1.251575e-01
1.251222e-01
1.250948e-01
1.250732e-01
1.250564e-01
1.250434e-01
1.250332e-01
1.250254e-01
1.250193e-01
1.250147e-01
1.250112e-01
1.250084e-01
1.250063e-01
1.250048e-01
1.250036e-01
1.250027e-01
1.250020e-01
1.250015e-01
1.250011e-01
1.250008e-01
1.250006e-01
1.250004e-01
1.250003e-01
1.250002e-01
1.250002e-01
1.250001e-01
1.250001e-01
1.250001e-01
1.250000e-01
1.250000e-01
1.250000e-01
1.250000e-01
1.250000e-01
1.250000e-01
1.250000e-01
1.250000e-01
1.250000e-01
1.250000e-01
1.250000e-01
1.250000e-01
1.250000e-01
1.250000e-01
1.250000e-01
1.250000e-01
1.250000e-01
1.250000e-01
1.250000e-01
1.250000e-01
1.250000e-01
1.250000e-01
1.250000e-01
1.250000e-01
1.250000e-01
1.250000e-01
1.250000e-01
1.250000e-01
1.250000e-01
1.250000e-01
1.250000e-01
1.250000e-01
1.250000e-01
1.250000e-01
1.250000e-01
1.250000e-01
1.250000e-01
1.250000e-01
1.250000e-01
1.250000e-01
1.250000e-01
1.250000e-01
1.250000e-01
1.250000e-01
1.250000e-01
1.250000e-01
1.250000e-01
1.250000e-01
1.250000e-01
1.250000e-01
1.250000e-01
1.250000e-01
1.250000e-01
1.250000e-01
1.250000e-01
1.250000e-01
1.250000e-01
1.250000e-01
1.250000e-01
1.250000e-01
1.250000e-01
1.250000e-01
1.250000e-01
1.250000e-01
1.250000e-01
1.250000e-01
1.250000e-01
1.250000e-01
1.250000e-01
1.250000e-01
1.250000e-01
1.250000e-01
1.250000e-01
1.250000e-01
1.250000e-01
1.250000e-01
1.250000e-01
1.250000e-01
1.250000e-01
1.250000e-01
1.250000e-01
1.250000e-01
1.250000e-01
1.250000e-01
1.250000e-01
1.250000e-01
1.250000e-01
1.250000e-01
1.250000e-01
1.250000e-01
1.250000e-01
1.250000e-01
1.250000e-01
1.250000e-01
1.250001e-01
1.250001e-01
1.250001e-01
1.250002e-01
1.250002e-01
1.250003e-01
1.250004e-01
1.250006e-01
1.250008e-01
1.250011e-01
1.250015e-01
1.250020e-01
1.250027e-01
1.250036e-01
1.250049e-01
1.250065e-01
1.250086e-01
1.250113e-01
1.250149e-01
1.250196e-01
1.250257e-01
1.250335e-01
1.250437e-01
1.250568e-01
1.250737e-01
1.250953e-01
1.251230e-01
1.251583e-01
1.252033e-01
1.252604e-01
1.253329e-01
1.254247e-01
1.255407e-01
1.256872e-01
1.258719e-01
1.261045e-01
1.263974e-01
1.267657e-01
1.272290e-01
1.278116e-01
1.285441e-01
1.294651e-01
1.306230e-01
1.320776e-01
1.339025e-01
1.361857e-01
1.390301e-01
1.425496e-01
1.468634e-01
1.520838e-01
1.583007e-01
1.655648e-01
1.738723e-01
1.831580e-01
1.932982e-01
2.041246e-01
2.154468e-01
2.270764e-01
2.388386e-01
2.505930e-01
2.622356e-01
2.737000e-01
2.849460e-01
2.959630e-01
3.067560e-01
3.173467e-01
3.277604e-01
3.380328e-01
3.482091e-01
3.583492e-01
3.685028e-01
3.787593e-01
3.891844e-01
3.998902e-01
4.109686e-01
4.225367e-01
4.346717e-01
4.475341e-01
4.611286e-01
4.756232e-01
4.910052e-01
