5.025379e-01
5.172500e-01
5.327298e-01
5.489953e-01
5.660226e-01
5.837900e-01
6.022204e-01
6.213035e-01
6.409656e-01
6.611510e-01
6.817572e-01
7.027224e-01
7.239445e-01
7.453143e-01
7.667100e-01
7.880003e-01
8.090415e-01
8.296755e-01
8.497328e-01
8.690283e-01
8.873795e-01
9.046033e-01
9.205256e-01
9.349922e-01
9.478834e-01
9.591191e-01
9.686784e-01
9.765965e-01
9.829678e-01
9.879387e-01
9.916928e-01
9.944348e-01
9.963713e-01
9.976939e-01
9.985687e-01
9.991301e-01
9.994806e-01
9.996942e-01
9.998218e-01
9.998968e-01
9.999404e-01
9.999656e-01
9.999800e-01
9.999884e-01
9.999932e-01
9.999960e-01
9.999976e-01
9.999986e-01
9.999991e-01
9.999995e-01
9.999997e-01
9.999998e-01
9.999999e-01
9.999999e-01
9.999999e-01
1.000000e+00
1.000000e+00
1.000000e+00
1.000000e+00
1.000000e+00
1.000000e+00
1.000000e+00
1.000000e+00
1.000000e+00
1.000000e+00
1.000000e+00
1.000000e+00
1.000000e+00
1.000000e+00
1.000000e+00
1.000000e+00
1.000000e+00
1.000000e+00
1.000000e+00
1.000000e+00
1.000000e+00
1.000000e+00
1.000000e+00
1.000000e+00
1.000000e+00
1.000000e+00
1.000000e+00
1.000000e+00
1.000000e+00
1.000000e+00
1.000000e+00
1.000000e+00
1.000000e+00
1.000000e+00
1.000000e+00
1.000000e+00
1.000000e+00
1.000000e+00
1.000000e+00
1.000000e+00
1.000000e+00
1.000000e+00
1.000000e+00
1.000000e+00
1.000000e+00
1.000000e+00
1.000000e+00
1.000000e+00
1.000000e+00
1.000000e+00
1.000000e+00
1.000000e+00
1.000000e+00
1.000000e+00
1.000000e+00
1.000000e+00
1.000000e+00
1.000000e+00
1.000000e+00
1.000000e+00
1.000000e+00
1.000000e+00
1.000000e+00
1.000000e+00
1.000000e+00
1.000000e+00
1.000000e+00
1.000000e+00
1.000000e+00
1.000000e+00
1.000000e+00
1.000000e+00
1.000000e+00
1.000000e+00
1.000000e+00
1.000000e+00
1.000000e+00
1.000000e+00
1.000000e+00
1.000000e+00
1.000000e+00
1.000000e+00
1.000000e+00
1.000000e+00
1.000000e+00
1.000000e+00
1.000000e+00
1.000000e+00
1.000000e+00
1.000000e+00
1.000000e+00
1.000000e+00
1.000000e+00
1.000000e+00
1.000000e+00
1.000000e+00
1.000000e+00
1.000000e+00
1.000000e+00
1.000000e+00
1.000000e+00
1.000000e+00
1.000000e+00
1.000000e+00
1.000000e+00
1.000000e+00
1.000000e+00
1.000000e+00
1.000000e+00
1.000000e+00
1.000000e+00
1.000000e+00
1.000000e+00
1.000000e+00
1.000000e+00
1.000000e+00
1.000000e+00
1.000000e+00
1.000000e+00
1.000000e+00
1.000000e+00
1.000000e+00
1.000000e+00
1.000000e+00
1.000000e+00
1.000000e+00
1.000000e+00
1.000000e+00
1.000000e+00
1.000000e+00
1.000000e+00
1.000000e+00
1.000000e+00
1.000000e+00
1.000000e+00
1.000000e+00
1.000000e+00
1.000000e+00
1.000000e+00
1.000000e+00
1.000000e+00
1.000000e+00
1.000000e+00
1.000000e+00
1.000000e+00
1.000000e+00
9.999999e-01
9.999999e-01
9.999998e-01
9.999997e-01
9.999996e-01
9.999993e-01
9.999989e-01
9.999981e-01
9.999969e-01
9.999948e-01
9.999912e-01
9.999851e-01
9.999747e-01
9.999570e-01
9.999268e-01
9.998758e-01
9.997902e-01
9.996482e-01
9.994162e-01
9.990438e-01
9.984585e-01
9.975606e-01
9.962191e-01
9.942723e-01
9.915314e-01
9.877914e-01
9.828471e-01
9.765110e-01
9.686319e-01
9.591096e-01
9.479035e-01
9.350307e-01
9.205697e-01
9.046399e-01
8.873968e-01
8.690168e-01
8.496854e-01
8.295890e-01
8.089146e-01
7.878346e-01
7.665099e-01
7.450840e-01
7.236917e-01
7.024535e-01
6.814796e-01
6.608713e-01
6.406917e-01
6.210396e-01
6.019739e-01
5.835636e-01
5.658220e-01
5.488212e-01
5.325855e-01
5.171355e-01
5.024618e-01
4.885650e-01
4.754476e-01
4.630450e-01
4.513435e-01
4.402840e-01
4.297745e-01
4.197885e-01
4.102034e-01
4.009683e-01
3.920157e-01
3.832406e-01
3.746093e-01
3.660368e-01
3.574942e-01
3.489312e-01
3.403208e-01
3.316260e-01
3.228375e-01
3.139235e-01
3.048663e-01
2.956475e-01
2.862464e-01
2.766469e-01
2.668406e-01
2.568340e-01
2.466491e-01
2.363325e-01
2.259586e-01
2.156306e-01
2.054789e-01
1.956508e-01
1.863025e-01
1.775799e-01
1.696034e-01
1.624558e-01
1.561755e-01
1.507567e-01
1.461553e-01
1.423003e-01
1.391049e-01
1.364774e-01
1.343290e-01
1.325789e-01
1.311563e-01
1.300009e-01
1.290632e-01
1.283016e-01
1.276826e-01
1.271799e-01
1.267709e-01
1.264379e-01
1.261674e-01
1.259469e-01
1.257672e-01
1.256215e-01
1.255027e-01
1.254059e-01
1.253278e-01
1.252641e-01
1.252123e-01
1.251708e-01
1.251369e-01
1.251095e-01
1.250877e-01
1.250699e-01
1.250556e-01
1.250443e-01
1.250351e-01
1.250277e-01
1.250220e-01
1.250173e-01
1.250136e-01
1.250107e-01
1.250084e-01
1.250065e-01
1.250051e-01
1.250040e-01
1.250031e-01
1.250024e-01
1.250018e-01
1.250014e-01
1.250011e-01
1.250008e-01
1.250006e-01
1.250005e-01
1.250004e-01
1.250003e-01
1.250002e-01
1.250002e-01
1.250001e-01
1.250001e-01
1.250001e-01
1.250001e-01
1.250000e-01
1.250000e-01
1.250000e-01
1.250000e-01
1.250000e-01
1.250000e-01
1.250000e-01
1.250000e-01
1.250000e-01
1.250000e-01
1.250000e-01
1.250000e-01
1.250000e-01
1.250000e-01
1.250000e-01
1.250000e-01
1.250000e-01
1.250000e-01
1.250000e-01
1.250000e-01
1.250000e-01
1.250000e-01
1.250000e-01
1.250000e-01
1.250000e-01
1.250000e-01
1.250000e-01
1.250000e-01
1.250000e-01
1.250000e-01
1.250000e-01
1.250000e-01
1.250000e-01
1.250000e-01
1.250000e-01
1.250000e-01
1.250000e-01
1.250000e-01
1.250000e-01
1.250000e-01
1.250000e-01
1.250000e-01
1.250000e-01
1.250000e-01
1.250000e-01
1.250000e-01
1.250000e-01
1.250000e-01
1.250000e-01
1.250000e-01
1.250000e-01
1.250000e-01
1.250000e-01
1.250000e-01
1.250000e-01
1.250000e-01
1.250000e-01
1.250000e-01
1.250000e-01
1.250000e-01
1.250000e-01
1.250000e-01
1.250000e-01
1.250000e-01
1.250000e-01
1.250000e-01
1.250000e-01
1.250000e-01
1.250000e-01
1.250000e-01
1.250001e-01
1.250001e-01
1.250001e-01
1.250001e-01
1.250002e-01
1.250002e-01
1.250003e-01
1.250004e-01
1.250005e-01
1.250007e-01
1.250009e-01
1.250011e-01
1.250015e-01
1.250019e-01
1.250024e-01
1.250031e-01
1.250040e-01
1.250052e-01
1.250066e-01
1.250085e-01
1.250108e-01
1.250137e-01
1.250174e-01
1.250221e-01
1.250279e-01
1.250353e-01
1.250445e-01
1.250559e-01
1.250702e-01
1.250880e-01
1.251100e-01
1.251374e-01
1.251713e-01
1.252132e-01
1.252650e-01
1.253288e-01
1.254075e-01
1.255044e-01
1.256236e-01
1.257701e-01
1.259501e-01
1.261713e-01
1.264429e-01
1.267765e-01
1.271865e-01
1.276904e-01
1.283098e-01
1.290719e-01
1.300096e-01
1.311635e-01
1.325831e-01
1.343274e-01
1.364663e-01
1.390796e-01
1.422552e-01
1.460844e-01
1.506545e-01
1.560385e-01
1.622833e-01
1.693986e-01
1.773496e-01
1.860560e-01
1.953980e-01
2.052290e-01
2.153924e-01
2.257386e-01
2.361334e-01
2.464710e-01
2.566752e-01
2.666988e-01
2.765181e-01
2.861274e-01
2.955349e-01
3.047571e-01
3.138159e-01
3.227275e-01
3.315134e-01
3.402056e-01
3.488101e-01
3.573721e-01
3.659075e-01
3.744806e-01
3.831098e-01
3.918891e-01
4.008459e-01
4.100884e-01
4.196889e-01
4.296903e-01
4.402249e-01
4.513074e-01
4.630374e-01
4.754709e-01
4.886171e-01
