5.138569e-01
5.352474e-01
5.578405e-01
5.817069e-01
6.066608e-01
6.326510e-01
6.594882e-01
6.869646e-01
7.149031e-01
7.430431e-01
7.710956e-01
7.987697e-01
8.257247e-01
8.516144e-01
8.760517e-01
8.986881e-01
9.191853e-01
9.372692e-01
9.527497e-01
9.655639e-01
9.757767e-01
9.835868e-01
9.892988e-01
9.932873e-01
9.959438e-01
9.976325e-01
9.986596e-01
9.992598e-01
9.995987e-01
9.997849e-01
9.998853e-01
9.999387e-01
9.999671e-01
9.999822e-01
9.999902e-01
9.999946e-01
9.999970e-01
9.999983e-01
9.999990e-01
9.999994e-01
9.999997e-01
9.999998e-01
9.999999e-01
9.999999e-01
1.000000e+00
1.000000e+00
1.000000e+00
1.000000e+00
1.000000e+00
1.000000e+00
1.000000e+00
1.000000e+00
1.000000e+00
1.000000e+00
1.000000e+00
1.000000e+00
1.000000e+00
1.000000e+00
1.000000e+00
1.000000e+00
1.000000e+00
1.000000e+00
1.000000e+00
1.000000e+00
1.000000e+00
1.000000e+00
1.000000e+00
1.000000e+00
1.000000e+00
1.000000e+00
1.000000e+00
1.000000e+00
1.000000e+00
1.000000e+00
1.000000e+00
1.000000e+00
1.000000e+00
1.000000e+00
1.000000e+00
1.000000e+00
1.000000e+00
1.000000e+00
1.000000e+00
1.000000e+00
1.000000e+00
1.000000e+00
1.000000e+00
1.000000e+00
1.000000e+00
1.000000e+00
1.000000e+00
1.000000e+00
1.000000e+00
1.000000e+00
1.000000e+00
1.000000e+00
1.000000e+00
1.000000e+00
1.000000e+00
1.000000e+00
1.000000e+00
1.000000e+00
1.000000e+00
1.000000e+00
1.000000e+00
1.000000e+00
1.000000e+00
1.000000e+00
1.000000e+00
1.000000e+00
1.000000e+00
1.000000e+00
1.000000e+00
1.000000e+00
1.000000e+00
1.000000e+00
1.000000e+00
1.000000e+00
1.000000e+00
1.000000e+00
1.000000e+00
1.000000e+00
1.000000e+00
1.000000e+00
1.000000e+00
1.000000e+00
1.000000e+00
1.000000e+00
1.000000e+00
1.000000e+00
1.000000e+00
1.000000e+00
1.000000e+00
1.000000e+00
1.000000e+00
1.000000e+00
1.000000e+00
1.000000e+00
1.000000e+00
1.000000e+00
1.000000e+00
1.000000e+00
1.000000e+00
1.000000e+00
1.000000e+00
1.000000e+00
1.000000e+00
1.000000e+00
1.000000e+00
1.000000e+00
1.000000e+00
1.000000e+00
1.000000e+00
1.000000e+00
1.000000e+00
1.000000e+00
1.000000e+00
1.000000e+00
1.000000e+00
1.000000e+00
1.000000e+00
1.000000e+00
1.000000e+00
1.000000e+00
1.000000e+00
1.000000e+00
1.000000e+00
1.000000e+00
1.000000e+00
1.000000e+00
1.000000e+00
1.000000e+00
1.000000e+00
1.000000e+00
1.000000e+00
1.000000e+00
1.000000e+00
1.000000e+00
1.000000e+00
1.000000e+00
1.000000e+00
1.000000e+00
1.000000e+00
1.000000e+00
1.000000e+00
1.000000e+00
1.000000e+00
1.000000e+00
1.000000e+00
1.000000e+00
1.000000e+00
1.000000e+00
1.000000e+00
1.000000e+00
1.000000e+00
1.000000e+00
1.000000e+00
1.000000e+00
1.000000e+00
1.000000e+00
1.000000e+00
1.000000e+00
1.000000e+00
1.000000e+00
1.000000e+00
1.000000e+00
1.000000e+00
1.000000e+00
1.000000e+00
1.000000e+00
1.000000e+00
9.999999e-01
9.999999e-01
9.999999e-01
9.999997e-01
9.999996e-01
9.999993e-01
9.999987e-01
9.999977e-01
9.999960e-01
9.999928e-01
9.999871e-01
9.999766e-01
9.999574e-01
9.999221e-01
9.998577e-01
9.997407e-01
9.995311e-01
9.991621e-01
9.985271e-01
9.974660e-01
9.957516e-01
9.930865e-01
9.891122e-01
9.834378e-01
9.756820e-01
9.655287e-01
9.527659e-01
9.373175e-01
9.192405e-01
8.987249e-01
8.760482e-01
8.515547e-01
8.256008e-01
7.985809e-01
7.708496e-01
7.427494e-01
7.145777e-01
6.866239e-01
6.591462e-01
6.323234e-01
6.063639e-01
5.814425e-01
5.576273e-01
5.350794e-01
5.137586e-01
4.937691e-01
4.750842e-01
4.576178e-01
4.412616e-01
4.258832e-01
4.113347e-01
3.974733e-01
3.841135e-01
3.711298e-01
3.583588e-01
3.456680e-01
3.329435e-01
3.201075e-01
3.070804e-01
2.938304e-01
2.803424e-01
2.666397e-01
2.527921e-01
2.389133e-01
2.251679e-01
2.117688e-01
1.989611e-01
1.869961e-01
1.761058e-01
1.664643e-01
1.581610e-01
1.511967e-01
1.454924e-01
1.409123e-01
1.372915e-01
1.344612e-01
1.322658e-01
1.305705e-01
1.292653e-01
1.282616e-01
1.274907e-01
1.268988e-01
1.264449e-01
1.260971e-01
1.258309e-01
1.256277e-01
1.254726e-01
1.253549e-01
1.252654e-01
1.251980e-01
1.251469e-01
1.251088e-01
1.250801e-01
1.250588e-01
1.250430e-01
1.250313e-01
1.250227e-01
1.250164e-01
1.250118e-01
1.250084e-01
1.250060e-01
1.250042e-01
1.250030e-01
1.250021e-01
1.250015e-01
1.250010e-01
1.250007e-01
1.250005e-01
1.250003e-01
1.250002e-01
1.250002e-01
1.250001e-01
1.250001e-01
1.250000e-01
1.250000e-01
1.250000e-01
1.250000e-01
1.250000e-01
1.250000e-01
1.250000e-01
1.250000e-01
1.250000e-01
1.250000e-01
1.250000e-01
1.250000e-01
1.250000e-01
1.250000e-01
1.250000e-01
1.250000e-01
1.250000e-01
1.250000e-01
1.250000e-01
1.250000e-01
1.250000e-01
1.250000e-01
1.250000e-01
1.250000e-01
1.250000e-01
1.250000e-01
1.250000e-01
1.250000e-01
1.250000e-01
1.250000e-01
1.250000e-01
1.250000e-01
1.250000e-01
1.250000e-01
1.250000e-01
1.250000e-01
1.250000e-01
1.250000e-01
1.250000e-01
1.250000e-01
1.250000e-01
1.250000e-01
1.250000e-01
1.250000e-01
1.250000e-01
1.250000e-01
1.250000e-01
1.250000e-01
1.250000e-01
1.250000e-01
1.250000e-01
1.250000e-01
1.250000e-01
1.250000e-01
1.250000e-01
1.250000e-01
1.250000e-01
1.250000e-01
1.250000e-01
1.250000e-01
1.250000e-01
1.250000e-01
1.250000e-01
1.250000e-01
1.250000e-01
1.250000e-01
1.250000e-01
1.250000e-01
1.250000e-01
1.250000e-01
1.250000e-01
1.250000e-01
1.250000e-01
1.250000e-01
1.250000e-01
1.250000e-01
1.250000e-01
1.250000e-01
1.250000e-01
1.250000e-01
1.250000e-01
1.250000e-01
1.250000e-01
1.250000e-01
1.250000e-01
1.250000e-01
1.250000e-01
1.250000e-01
1.250000e-01
1.250000e-01
1.250000e-01
1.250000e-01
1.250000e-01
1.250000e-01
1.250000e-01
1.250000e-01
1.250000e-01
1.250000e-01
1.250000e-01
1.250000e-01
1.250000e-01
1.250000e-01
1.250000e-01
1.250000e-01
1.250000e-01
1.250000e-01
1.250000e-01
1.250000e-01
1.250000e-01
1.250000e-01
1.250000e-01
1.250000e-01
1.250000e-01
1.250000e-01
1.250000e-01
1.250000e-01
1.250000e-01
1.250000e-01
1.250000e-01
1.250001e-01
1.250001e-01
1.250001e-01
1.250002e-01
1.250002e-01
1.250004e-01
1.250005e-01
1.250008e-01
1.250011e-01
1.250015e-01
1.250022e-01
1.250031e-01
1.250044e-01
1.250062e-01
1.250087e-01
1.250121e-01
1.250167e-01
1.250231e-01
1.250319e-01
1.250437e-01
1.250596e-01
1.250811e-01
1.251099e-01
1.251484e-01
1.251996e-01
1.252676e-01
1.253574e-01
1.254759e-01
1.256317e-01
1.258361e-01
1.261036e-01
1.264530e-01
1.269087e-01
1.275024e-01
1.282750e-01
1.292794e-01
1.305838e-01
1.322748e-01
1.344610e-01
1.372742e-01
1.408684e-01
1.454112e-01
1.510687e-01
1.579813e-01
1.662350e-01
1.758363e-01
1.866996e-01
1.986534e-01
2.114672e-01
2.248860e-01
2.386578e-01
2.525652e-01
2.664389e-01
2.801644e-01
2.936677e-01
3.069270e-01
3.199583e-01
3.327951e-01
3.455182e-01
3.582082e-01
3.709755e-01
3.839581e-01
3.973220e-01
4.111927e-01
4.257697e-01
4.411765e-01
4.575791e-01
4.750912e-01
4.938324e-01
