5.104578e-01
5.296609e-01
5.499159e-01
5.712987e-01
5.937043e-01
6.170165e-01
6.411711e-01
6.660422e-01
6.914399e-01
7.172337e-01
7.432168e-01
7.691634e-01
7.948416e-01
8.199882e-01
8.443243e-01
8.675387e-01
8.893382e-01
9.094314e-01
9.275591e-01
9.435130e-01
9.571663e-01
9.684900e-01
9.775595e-01
9.845544e-01
9.897340e-01
9.934120e-01
9.959140e-01
9.975455e-01
9.985671e-01
9.991834e-01
9.995433e-01
9.997479e-01
9.998618e-01
9.999244e-01
9.999585e-01
9.999771e-01
9.999873e-01
9.999928e-01
9.999959e-01
9.999977e-01
9.999986e-01
9.999992e-01
9.999995e-01
9.999997e-01
9.999998e-01
9.999999e-01
9.999999e-01
1.000000e+00
1.000000e+00
1.000000e+00
1.000000e+00
1.000000e+00
1.000000e+00
1.000000e+00
1.000000e+00
1.000000e+00
1.000000e+00
1.000000e+00
1.000000e+00
1.000000e+00
1.000000e+00
1.000000e+00
1.000000e+00
1.000000e+00
1.000000e+00
1.000000e+00
1.000000e+00
1.000000e+00
1.000000e+00
1.000000e+00
1.000000e+00
1.000000e+00
1.000000e+00
1.000000e+00
1.000000e+00
1.000000e+00
1.000000e+00
1.000000e+00
1.000000e+00
1.000000e+00
1.000000e+00
1.000000e+00
1.000000e+00
1.000000e+00
1.000000e+00
1.000000e+00
1.000000e+00
1.000000e+00
1.000000e+00
1.000000e+00
1.000000e+00
1.000000e+00
1.000000e+00
1.000000e+00
1.000000e+00
1.000000e+00
1.000000e+00
1.000000e+00
1.000000e+00
1.000000e+00
1.000000e+00
1.000000e+00
1.000000e+00
1.000000e+00
1.000000e+00
1.000000e+00
1.000000e+00
1.000000e+00
1.000000e+00
1.000000e+00
1.000000e+00
1.000000e+00
1.000000e+00
1.000000e+00
1.000000e+00
1.000000e+00
1.000000e+00
1.000000e+00
1.000000e+00
1.000000e+00
1.000000e+00
1.000000e+00
1.000000e+00
1.000000e+00
1.000000e+00
1.000000e+00
1.000000e+00
1.000000e+00
1.000000e+00
1.000000e+00
1.000000e+00
1.000000e+00
1.000000e+00
1.000000e+00
1.000000e+00
1.000000e+00
1.000000e+00
1.000000e+00
1.000000e+00
1.000000e+00
1.000000e+00
1.000000e+00
1.000000e+00
1.000000e+00
1.000000e+00
1.000000e+00
1.000000e+00
1.000000e+00
1.000000e+00
1.000000e+00
1.000000e+00
1.000000e+00
1.000000e+00
1.000000e+00
1.000000e+00
1.000000e+00
1.000000e+00
1.000000e+00
1.000000e+00
1.000000e+00
1.000000e+00
1.000000e+00
1.000000e+00
1.000000e+00
1.000000e+00
1.000000e+00
1.000000e+00
1.000000e+00
1.000000e+00
1.000000e+00
1.000000e+00
1.000000e+00
1.000000e+00
1.000000e+00
1.000000e+00
1.000000e+00
1.000000e+00
1.000000e+00
1.000000e+00
1.000000e+00
1.000000e+00
1.000000e+00
1.000000e+00
1.000000e+00
1.000000e+00
1.000000e+00
1.000000e+00
1.000000e+00
1.000000e+00
1.000000e+00
1.000000e+00
1.000000e+00
1.000000e+00
1.000000e+00
1.000000e+00
1.000000e+00
1.000000e+00
1.000000e+00
1.000000e+00
1.000000e+00
1.000000e+00
1.000000e+00
1.000000e+00
1.000000e+00
1.000000e+00
1.000000e+00
1.000000e+00
1.000000e+00
1.000000e+00
9.999999e-01
9.999999e-01
9.999998e-01
9.999996e-01
9.999994e-01
9.999990e-01
9.999982e-01
9.999969e-01
9.999947e-01
9.999906e-01
9.999834e-01
9.999704e-01
9.999472e-01
9.999057e-01
9.998318e-01
9.997013e-01
9.994743e-01
9.990864e-01
9.984387e-01
9.973869e-01
9.957328e-01
9.932226e-01
9.895556e-01
9.844067e-01
9.774580e-01
9.684412e-01
9.571664e-01
9.435488e-01
9.276109e-01
9.094783e-01
8.893598e-01
8.675192e-01
8.442524e-01
8.198600e-01
7.946572e-01
7.689293e-01
7.429410e-01
7.169294e-01
6.911196e-01
6.657173e-01
6.408554e-01
6.167191e-01
5.934362e-01
5.710644e-01
5.497253e-01
5.295104e-01
5.103657e-01
4.923510e-01
4.754557e-01
4.596014e-01
4.447453e-01
4.307293e-01
4.174995e-01
4.048705e-01
3.927672e-01
3.810235e-01
3.695369e-01
3.581943e-01
3.468951e-01
3.355588e-01
3.241173e-01
3.125074e-01
3.006921e-01
2.886498e-01
2.763717e-01
2.638790e-01
2.512254e-01
2.384986e-01
2.258298e-01
2.133912e-01
2.013872e-01
1.900337e-01
1.795417e-01
1.700835e-01
1.617698e-01
1.546397e-01
1.486621e-01
1.437485e-01
1.397742e-01
1.365989e-01
1.340838e-01
1.321033e-01
1.305488e-01
1.293314e-01
1.283784e-01
1.276329e-01
1.270500e-01
1.265939e-01
1.262378e-01
1.259592e-01
1.257422e-01
1.255729e-01
1.254411e-01
1.253391e-01
1.252596e-01
1.251985e-01
1.251511e-01
1.251148e-01
1.250869e-01
1.250655e-01
1.250493e-01
1.250369e-01
1.250276e-01
1.250205e-01
1.250152e-01
1.250113e-01
1.250083e-01
1.250061e-01
1.250044e-01
1.250032e-01
1.250024e-01
1.250017e-01
1.250012e-01
1.250009e-01
1.250006e-01
1.250004e-01
1.250003e-01
1.250002e-01
1.250002e-01
1.250001e-01
1.250001e-01
1.250001e-01
1.250000e-01
1.250000e-01
1.250000e-01
1.250000e-01
1.250000e-01
1.250000e-01
1.250000e-01
1.250000e-01
1.250000e-01
1.250000e-01
1.250000e-01
1.250000e-01
1.250000e-01
1.250000e-01
1.250000e-01
1.250000e-01
1.250000e-01
1.250000e-01
1.250000e-01
1.250000e-01
1.250000e-01
1.250000e-01
1.250000e-01
1.250000e-01
1.250000e-01
1.250000e-01
1.250000e-01
1.250000e-01
1.250000e-01
1.250000e-01
1.250000e-01
1.250000e-01
1.250000e-01
1.250000e-01
1.250000e-01
1.250000e-01
1.250000e-01
1.250000e-01
1.250000e-01
1.250000e-01
1.250000e-01
1.250000e-01
1.250000e-01
1.250000e-01
1.250000e-01
1.250000e-01
1.250000e-01
1.250000e-01
1.250000e-01
1.250000e-01
1.250000e-01
1.250000e-01
1.250000e-01
1.250000e-01
1.250000e-01
1.250000e-01
1.250000e-01
1.250000e-01
1.250000e-01
1.250000e-01
1.250000e-01
1.250000e-01
1.250000e-01
1.250000e-01
1.250000e-01
1.250000e-01
1.250000e-01
1.250000e-01
1.250000e-01
1.250000e-01
1.250000e-01
1.250000e-01
1.250000e-01
1.250000e-01
1.250000e-01
1.250000e-01
1.250000e-01
1.250000e-01
1.250000e-01
1.250000e-01
1.250000e-01
1.250000e-01
1.250000e-01
1.250000e-01
1.250000e-01
1.250000e-01
1.250000e-01
1.250000e-01
1.250000e-01
1.250000e-01
1.250000e-01
1.250000e-01
1.250000e-01
1.250000e-01
1.250000e-01
1.250000e-01
1.250000e-01
1.250000e-01
1.250000e-01
1.250000e-01
1.250000e-01
1.250000e-01
1.250000e-01
1.250000e-01
1.250000e-01
1.250000e-01
1.250001e-01
1.250001e-01
1.250001e-01
1.250002e-01
1.250002e-01
1.250003e-01
1.250005e-01
1.250007e-01
1.250009e-01
1.250013e-01
1.250018e-01
1.250024e-01
1.250033e-01
1.250046e-01
1.250062e-01
1.250085e-01
1.250115e-01
1.250155e-01
1.250209e-01
1.250280e-01
1.250374e-01
1.250498e-01
1.250662e-01
1.250876e-01
1.251156e-01
1.251522e-01
1.251997e-01
1.252613e-01
1.253409e-01
1.254436e-01
1.255759e-01
1.257460e-01
1.259641e-01
1.262437e-01
1.266014e-01
1.270588e-01
1.276434e-01
1.283902e-01
1.293436e-01
1.305603e-01
1.321113e-01
1.340846e-01
1.365864e-01
1.397410e-01
1.436856e-01
1.485607e-01
1.544936e-01
1.615774e-01
1.698495e-01
1.792761e-01
1.897493e-01
2.010972e-01
2.131101e-01
2.255684e-01
2.382616e-01
2.510146e-01
2.636922e-01
2.762046e-01
2.884973e-01
3.005494e-01
3.123699e-01
3.239817e-01
3.354232e-01
3.467561e-01
3.580507e-01
3.693868e-01
3.808754e-01
3.926210e-01
4.047340e-01
4.173782e-01
4.306300e-01
4.446779e-01
4.595697e-01
4.754698e-01
4.924103e-01
