5.012126e-01
5.152493e-01
5.300145e-01
5.455184e-01
5.617425e-01
5.786619e-01
5.962235e-01
6.144159e-01
6.331738e-01
6.524436e-01
6.721540e-01
6.922401e-01
7.126171e-01
7.331961e-01
7.538800e-01
7.745423e-01
7.950723e-01
8.153303e-01
8.351696e-01
8.544350e-01
8.729527e-01
8.905579e-01
9.070814e-01
9.223644e-01
9.362665e-01
9.486788e-01
9.595280e-01
9.687946e-01
9.765095e-01
9.827574e-01
9.876700e-01
9.914150e-01
9.941798e-01
9.961561e-01
9.975241e-01
9.984419e-01
9.990398e-01
9.994189e-01
9.996534e-01
9.997956e-01
9.998804e-01
9.999303e-01
9.999594e-01
9.999763e-01
9.999861e-01
9.999918e-01
9.999952e-01
9.999971e-01
9.999983e-01
9.999989e-01
9.999993e-01
9.999996e-01
9.999997e-01
9.999998e-01
9.999999e-01
9.999999e-01
1.000000e+00
1.000000e+00
1.000000e+00
1.000000e+00
1.000000e+00
1.000000e+00
1.000000e+00
1.000000e+00
1.000000e+00
1.000000e+00
1.000000e+00
1.000000e+00
1.000000e+00
1.000000e+00
1.000000e+00
1.000000e+00
1.000000e+00
1.000000e+00
1.000000e+00
1.000000e+00
1.000000e+00
1.000000e+00
1.000000e+00
1.000000e+00
1.000000e+00
1.000000e+00
1.000000e+00
1.000000e+00
1.000000e+00
1.000000e+00
1.000000e+00
1.000000e+00
1.000000e+00
1.000000e+00
1.000000e+00
1.000000e+00
1.000000e+00
1.000000e+00
1.000000e+00
1.000000e+00
1.000000e+00
1.000000e+00
1.000000e+00
1.000000e+00
1.000000e+00
1.000000e+00
1.000000e+00
1.000000e+00
1.000000e+00
1.000000e+00
1.000000e+00
1.000000e+00
1.000000e+00
1.000000e+00
1.000000e+00
1.000000e+00
1.000000e+00
1.000000e+00
1.000000e+00
1.000000e+00
1.000000e+00
1.000000e+00
1.000000e+00
1.000000e+00
1.000000e+00
1.000000e+00
1.000000e+00
1.000000e+00
1.000000e+00
1.000000e+00
1.000000e+00
1.000000e+00
1.000000e+00
1.000000e+00
1.000000e+00
1.000000e+00
1.000000e+00
1.000000e+00
1.000000e+00
1.000000e+00
1.000000e+00
1.000000e+00
1.000000e+00
1.000000e+00
1.000000e+00
1.000000e+00
1.000000e+00
1.000000e+00
1.000000e+00
1.000000e+00
1.000000e+00
1.000000e+00
1.000000e+00
1.000000e+00
1.000000e+00
1.000000e+00
1.000000e+00
1.000000e+00
1.000000e+00
1.000000e+00
1.000000e+00
1.000000e+00
1.000000e+00
1.000000e+00
1.000000e+00
1.000000e+00
1.000000e+00
1.000000e+00
1.000000e+00
1.000000e+00
1.000000e+00
1.000000e+00
1.000000e+00
1.000000e+00
1.000000e+00
1.000000e+00
1.000000e+00
1.000000e+00
1.000000e+00
1.000000e+00
1.000000e+00
1.000000e+00
1.000000e+00
1.000000e+00
1.000000e+00
1.000000e+00
1.000000e+00
1.000000e+00
1.000000e+00
1.000000e+00
1.000000e+00
1.000000e+00
1.000000e+00
1.000000e+00
1.000000e+00
1.000000e+00
1.000000e+00
1.000000e+00
1.000000e+00
1.000000e+00
1.000000e+00
1.000000e+00
1.000000e+00
9.999999e-01
9.999999e-01
9.999999e-01
9.999998e-01
9.999997e-01
9.999995e-01
9.999992e-01
9.999986e-01
9.999978e-01
9.999963e-01
9.999938e-01
9.999895e-01
9.999824e-01
9.999703e-01
9.999498e-01
9.999152e-01
9.998574e-01
9.997616e-01
9.996048e-01
9.993518e-01
9.989513e-01
9.983305e-01
9.973910e-01
9.960060e-01
9.940209e-01
9.912583e-01
9.875275e-01
9.826404e-01
9.764261e-01
9.687482e-01
9.595167e-01
9.486961e-01
9.363023e-01
9.224071e-01
9.071188e-01
8.905790e-01
8.729484e-01
8.543983e-01
8.350968e-01
8.152195e-01
7.949244e-01
7.743605e-01
7.536679e-01
7.329601e-01
7.123625e-01
6.919736e-01
6.718830e-01
6.521724e-01
6.329102e-01
6.141641e-01
5.959894e-01
5.784466e-01
5.615515e-01
5.453536e-01
5.298779e-01
5.151402e-01
5.011386e-01
4.878665e-01
4.753250e-01
4.634550e-01
4.522407e-01
4.416395e-01
4.315582e-01
4.219698e-01
4.127885e-01
4.039287e-01
3.953469e-01
3.869442e-01
3.786889e-01
3.705113e-01
3.623581e-01
3.542080e-01
3.460117e-01
3.377653e-01
3.294308e-01
3.210051e-01
3.124627e-01
3.037854e-01
2.949588e-01
2.859610e-01
2.767741e-01
2.673867e-01
2.577989e-01
2.480252e-01
2.381014e-01
2.280888e-01
2.180762e-01
2.081787e-01
1.985316e-01
1.892807e-01
1.805699e-01
1.725236e-01
1.652357e-01
1.587606e-01
1.531113e-01
1.482624e-01
1.441584e-01
1.407244e-01
1.378767e-01
1.355302e-01
1.336054e-01
1.320310e-01
1.307449e-01
1.296950e-01
1.288381e-01
1.281381e-01
1.275660e-01
1.270985e-01
1.267159e-01
1.264024e-01
1.261462e-01
1.259361e-01
1.257637e-01
1.256231e-01
1.255078e-01
1.254130e-01
1.253361e-01
1.252730e-01
1.252212e-01
1.251793e-01
1.251451e-01
1.251170e-01
1.250944e-01
1.250761e-01
1.250610e-01
1.250490e-01
1.250393e-01
1.250313e-01
1.250250e-01
1.250200e-01
1.250158e-01
1.250126e-01
1.250100e-01
1.250079e-01
1.250062e-01
1.250049e-01
1.250038e-01
1.250030e-01
1.250024e-01
1.250018e-01
1.250014e-01
1.250011e-01
1.250009e-01
1.250007e-01
1.250005e-01
1.250004e-01
1.250003e-01
1.250002e-01
1.250002e-01
1.250001e-01
1.250001e-01
1.250001e-01
1.250001e-01
1.250000e-01
1.250000e-01
1.250000e-01
1.250000e-01
1.250000e-01
1.250000e-01
1.250000e-01
1.250000e-01
1.250000e-01
1.250000e-01
1.250000e-01
1.250000e-01
1.250000e-01
1.250000e-01
1.250000e-01
1.250000e-01
1.250000e-01
1.250000e-01
1.250000e-01
1.250000e-01
1.250000e-01
1.250000e-01
1.250000e-01
1.250000e-01
1.250000e-01
1.250000e-01
1.250000e-01
1.250000e-01
1.250000e-01
1.250000e-01
1.250000e-01
1.250000e-01
1.250000e-01
1.250000e-01
1.250000e-01
1.250000e-01
1.250000e-01
1.250000e-01
1.250000e-01
1.250000e-01
1.250000e-01
1.250000e-01
1.250000e-01
1.250000e-01
1.250000e-01
1.250000e-01
1.250000e-01
1.250000e-01
1.250000e-01
1.250000e-01
1.250000e-01
1.250000e-01
1.250000e-01
1.250000e-01
1.250000e-01
1.250000e-01
1.250000e-01
1.250000e-01
1.250000e-01
1.250000e-01
1.250000e-01
1.250000e-01
1.250000e-01
1.250000e-01
1.250001e-01
1.250001e-01
1.250001e-01
1.250001e-01
1.250002e-01
1.250002e-01
1.250003e-01
1.250004e-01
1.250005e-01
1.250007e-01
1.250009e-01
1.250011e-01
1.250015e-01
1.250019e-01
1.250024e-01
1.250031e-01
1.250039e-01
1.250049e-01
1.250063e-01
1.250079e-01
1.250100e-01
1.250127e-01
1.250160e-01
1.250201e-01
1.250252e-01
1.250315e-01
1.250394e-01
1.250492e-01
1.250613e-01
1.250763e-01
1.250948e-01
1.251175e-01
1.251455e-01
1.251799e-01
1.252220e-01
1.252737e-01
1.253371e-01
1.254146e-01
1.255093e-01
1.256251e-01
1.257665e-01
1.259391e-01
1.261498e-01
1.264071e-01
1.267210e-01
1.271046e-01
1.275731e-01
1.281458e-01
1.288463e-01
1.297034e-01
1.307523e-01
1.320361e-01
1.336062e-01
1.355235e-01
1.378586e-01
1.406901e-01
1.441022e-01
1.481790e-01
1.529963e-01
1.586115e-01
1.650534e-01
1.723125e-01
1.803375e-01
1.890363e-01
1.982842e-01
2.079372e-01
2.178482e-01
2.278794e-01
2.379126e-01
2.478565e-01
2.576484e-01
2.672523e-01
2.766516e-01
2.858473e-01
2.948513e-01
3.036810e-01
3.123586e-01
3.208994e-01
3.293235e-01
3.376546e-01
3.458966e-01
3.540882e-01
3.622344e-01
3.703854e-01
3.785635e-01
3.868171e-01
3.952238e-01
4.038093e-01
4.126819e-01
4.218779e-01
4.314820e-01
4.415859e-01
4.522086e-01
4.634510e-01
4.753489e-01
4.879181e-01
