5.139742e-01
5.354426e-01
5.581194e-01
5.820748e-01
6.071197e-01
6.332036e-01
6.601354e-01
6.877027e-01
7.157271e-01
7.439461e-01
7.720645e-01
7.997909e-01
8.267797e-01
8.526809e-01
8.771059e-01
8.997038e-01
9.201371e-01
9.381326e-01
9.535064e-01
9.662016e-01
9.762919e-01
9.839843e-01
9.895912e-01
9.934922e-01
9.960804e-01
9.977194e-01
9.987125e-01
9.992908e-01
9.996163e-01
9.997946e-01
9.998906e-01
9.999416e-01
9.999686e-01
9.999830e-01
9.999907e-01
9.999948e-01
9.999971e-01
9.999984e-01
9.999991e-01
9.999995e-01
9.999997e-01
9.999998e-01
9.999999e-01
9.999999e-01
1.000000e+00
1.000000e+00
1.000000e+00
1.000000e+00
1.000000e+00
1.000000e+00
1.000000e+00
1.000000e+00
1.000000e+00
1.000000e+00
1.000000e+00
1.000000e+00
1.000000e+00
1.000000e+00
1.000000e+00
1.000000e+00
1.000000e+00
1.000000e+00
1.000000e+00
1.000000e+00
1.000000e+00
1.000000e+00
1.000000e+00
1.000000e+00
1.000000e+00
1.000000e+00
1.000000e+00
1.000000e+00
1.000000e+00
1.000000e+00
1.000000e+00
1.000000e+00
1.000000e+00
1.000000e+00
1.000000e+00
1.000000e+00
1.000000e+00
1.000000e+00
1.000000e+00
1.000000e+00
1.000000e+00
1.000000e+00
1.000000e+00
1.000000e+00
1.000000e+00
1.000000e+00
1.000000e+00
1.000000e+00
1.000000e+00
1.000000e+00
1.000000e+00
1.000000e+00
1.000000e+00
1.000000e+00
1.000000e+00
1.000000e+00
1.000000e+00
1.000000e+00
1.000000e+00
1.000000e+00
1.000000e+00
1.000000e+00
1.000000e+00
1.000000e+00
1.000000e+00
1.000000e+00
1.000000e+00
1.000000e+00
1.000000e+00
1.000000e+00
1.000000e+00
1.000000e+00
1.000000e+00
1.000000e+00
1.000000e+00
1.000000e+00
1.000000e+00
1.000000e+00
1.000000e+00
1.000000e+00
1.000000e+00
1.000000e+00
1.000000e+00
1.000000e+00
1.000000e+00
1.000000e+00
1.000000e+00
1.000000e+00
1.000000e+00
1.000000e+00
1.000000e+00
1.000000e+00
1.000000e+00
1.000000e+00
1.000000e+00
1.000000e+00
1.000000e+00
1.000000e+00
1.000000e+00
1.000000e+00
1.000000e+00
1.000000e+00
1.000000e+00
1.000000e+00
1.000000e+00
1.000000e+00
1.000000e+00
1.000000e+00
1.000000e+00
1.000000e+00
1.000000e+00
1.000000e+00
1.000000e+00
1.000000e+00
1.000000e+00
1.000000e+00
1.000000e+00
1.000000e+00
1.000000e+00
1.000000e+00
1.000000e+00
1.000000e+00
1.000000e+00
1.000000e+00
1.000000e+00
1.000000e+00
1.000000e+00
1.000000e+00
1.000000e+00
1.000000e+00
1.000000e+00
1.000000e+00
1.000000e+00
1.000000e+00
1.000000e+00
1.000000e+00
1.000000e+00
1.000000e+00
1.000000e+00
1.000000e+00
1.000000e+00
1.000000e+00
1.000000e+00
1.000000e+00
1.000000e+00
1.000000e+00
1.000000e+00
1.000000e+00
1.000000e+00
1.000000e+00
1.000000e+00
1.000000e+00
1.000000e+00
1.000000e+00
1.000000e+00
1.000000e+00
1.000000e+00
1.000000e+00
1.000000e+00
1.000000e+00
1.000000e+00
1.000000e+00
1.000000e+00
1.000000e+00
1.000000e+00
1.000000e+00
1.000000e+00
9.999999e-01
9.999999e-01
9.999999e-01
9.999998e-01
9.999996e-01
9.999993e-01
9.999988e-01
9.999978e-01
9.999962e-01
9.999932e-01
9.999877e-01
9.999777e-01
9.999593e-01
9.999256e-01
9.998639e-01
9.997518e-01
9.995505e-01
9.991952e-01
9.985822e-01
9.975546e-01
9.958890e-01
9.932908e-01
9.894027e-01
9.838323e-01
9.761936e-01
9.661632e-01
9.535203e-01
9.381801e-01
9.201926e-01
8.997422e-01
8.771046e-01
8.526237e-01
8.266580e-01
7.996040e-01
7.718199e-01
7.436530e-01
7.154019e-01
6.873615e-01
6.597926e-01
6.328750e-01
6.068216e-01
5.818093e-01
5.579054e-01
5.352739e-01
5.138757e-01
4.938162e-01
4.750677e-01
4.575439e-01
4.411344e-01
4.257078e-01
4.111120e-01
3.972062e-01
3.838021e-01
3.707734e-01
3.579552e-01
3.452145e-01
3.324373e-01
3.195461e-01
3.064614e-01
2.931526e-01
2.796064e-01
2.658485e-01
2.519523e-01
2.380357e-01
2.242679e-01
2.108658e-01
1.980774e-01
1.861547e-01
1.753280e-01
1.657660e-01
1.575517e-01
1.506787e-01
1.450618e-01
1.405605e-01
1.370080e-01
1.342349e-01
1.320861e-01
1.304283e-01
1.291531e-01
1.281731e-01
1.274210e-01
1.268439e-01
1.264018e-01
1.260632e-01
1.258044e-01
1.256070e-01
1.254564e-01
1.253423e-01
1.252557e-01
1.251904e-01
1.251411e-01
1.251044e-01
1.250767e-01
1.250563e-01
1.250410e-01
1.250299e-01
1.250216e-01
1.250156e-01
1.250112e-01
1.250080e-01
1.250057e-01
1.250040e-01
1.250028e-01
1.250020e-01
1.250014e-01
1.250010e-01
1.250007e-01
1.250005e-01
1.250003e-01
1.250002e-01
1.250001e-01
1.250001e-01
1.250001e-01
1.250000e-01
1.250000e-01
1.250000e-01
1.250000e-01
1.250000e-01
1.250000e-01
1.250000e-01
1.250000e-01
1.250000e-01
1.250000e-01
1.250000e-01
1.250000e-01
1.250000e-01
1.250000e-01
1.250000e-01
1.250000e-01
1.250000e-01
1.250000e-01
1.250000e-01
1.250000e-01
1.250000e-01
1.250000e-01
1.250000e-01
1.250000e-01
1.250000e-01
1.250000e-01
1.250000e-01
1.250000e-01
1.250000e-01
1.250000e-01
1.250000e-01
1.250000e-01
1.250000e-01
1.250000e-01
1.250000e-01
1.250000e-01
1.250000e-01
1.250000e-01
1.250000e-01
1.250000e-01
1.250000e-01
1.250000e-01
1.250000e-01
1.250000e-01
1.250000e-01
1.250000e-01
1.250000e-01
1.250000e-01
1.250000e-01
1.250000e-01
1.250000e-01
1.250000e-01
1.250000e-01
1.250000e-01
1.250000e-01
1.250000e-01
1.250000e-01
1.250000e-01
1.250000e-01
1.250000e-01
1.250000e-01
1.250000e-01
1.250000e-01
1.250000e-01
1.250000e-01
1.250000e-01
1.250000e-01
1.250000e-01
1.250000e-01
1.250000e-01
1.250000e-01
1.250000e-01
1.250000e-01
1.250000e-01
1.250000e-01
1.250000e-01
1.250000e-01
1.250000e-01
1.250000e-01
1.250000e-01
1.250000e-01
1.250000e-01
1.250000e-01
1.250000e-01
1.250000e-01
1.250000e-01
1.250000e-01
1.250000e-01
1.250000e-01
1.250000e-01
1.250000e-01
1.250000e-01
1.250000e-01
1.250000e-01
1.250000e-01
1.250000e-01
1.250000e-01
1.250000e-01
1.250000e-01
1.250000e-01
1.250000e-01
1.250000e-01
1.250000e-01
1.250000e-01
1.250000e-01
1.250000e-01
1.250000e-01
1.250000e-01
1.250000e-01
1.250000e-01
1.250000e-01
1.250000e-01
1.250000e-01
1.250000e-01
1.250000e-01
1.250000e-01
1.250000e-01
1.250000e-01
1.250000e-01
1.250000e-01
1.250001e-01
1.250001e-01
1.250002e-01
1.250002e-01
1.250003e-01
1.250005e-01
1.250007e-01
1.250010e-01
1.250015e-01
1.250021e-01
1.250029e-01
1.250042e-01
1.250059e-01
1.250082e-01
1.250115e-01
1.250159e-01
1.250220e-01
1.250304e-01
1.250417e-01
1.250571e-01
1.250777e-01
1.251055e-01
1.251426e-01
1.251921e-01
1.252578e-01
1.253448e-01
1.254597e-01
1.256109e-01
1.258095e-01
1.260696e-01
1.264097e-01
1.268537e-01
1.274326e-01
1.281864e-01
1.291672e-01
1.304419e-01
1.320957e-01
1.342357e-01
1.369926e-01
1.405193e-01
1.449839e-01
1.505546e-01
1.573759e-01
1.655399e-01
1.750605e-01
1.858592e-01
1.977693e-01
2.105627e-01
2.239837e-01
2.377778e-01
2.517231e-01
2.656455e-01
2.794266e-01
2.929889e-01
3.063072e-01
3.193964e-01
3.322887e-01
3.450643e-01
3.578038e-01
3.706190e-01
3.836470e-01
3.970544e-01
4.109694e-01
4.255936e-01
4.410485e-01
4.575049e-01
4.750744e-01
4.938796e-01
