5.287113e-01
5.611102e-01
5.956020e-01
6.317525e-01
6.693292e-01
7.076263e-01
7.461443e-01
7.840821e-01
8.207164e-01
8.552045e-01
8.867436e-01
9.146259e-01
9.382805e-01
9.574314e-01
9.721209e-01
9.827217e-01
9.898863e-01
9.944045e-01
9.970617e-01
9.985247e-01
9.992840e-01
9.996599e-01
9.998398e-01
9.999243e-01
9.999639e-01
9.999825e-01
9.999914e-01
9.999957e-01
9.999978e-01
9.999989e-01
9.999994e-01
9.999997e-01
9.999998e-01
9.999999e-01
1.000000e+00
1.000000e+00
1.000000e+00
1.000000e+00
1.000000e+00
1.000000e+00
1.000000e+00
1.000000e+00
1.000000e+00
1.000000e+00
1.000000e+00
1.000000e+00
1.000000e+00
1.000000e+00
1.000000e+00
1.000000e+00
1.000000e+00
1.000000e+00
1.000000e+00
1.000000e+00
1.000000e+00
1.000000e+00
1.000000e+00
1.000000e+00
1.000000e+00
1.000000e+00
1.000000e+00
1.000000e+00
1.000000e+00
1.000000e+00
1.000000e+00
1.000000e+00
1.000000e+00
1.000000e+00
1.000000e+00
1.000000e+00
1.000000e+00
1.000000e+00
1.000000e+00
1.000000e+00
1.000000e+00
1.000000e+00
1.000000e+00
1.000000e+00
1.000000e+00
1.000000e+00
1.000000e+00
1.000000e+00
1.000000e+00
1.000000e+00
1.000000e+00
1.000000e+00
1.000000e+00
1.000000e+00
1.000000e+00
1.000000e+00
1.000000e+00
1.000000e+00
1.000000e+00
1.000000e+00
1.000000e+00
1.000000e+00
1.000000e+00
1.000000e+00
1.000000e+00
1.000000e+00
1.000000e+00
1.000000e+00
1.000000e+00
1.000000e+00
1.000000e+00
1.000000e+00
1.000000e+00
1.000000e+00
1.000000e+00
1.000000e+00
1.000000e+00
1.000000e+00
1.000000e+00
1.000000e+00
1.000000e+00
1.000000e+00
1.000000e+00
1.000000e+00
1.000000e+00
1.000000e+00
1.000000e+00
1.000000e+00
1.000000e+00
1.000000e+00
1.000000e+00
1.000000e+00
1.000000e+00
1.000000e+00
1.000000e+00
1.000000e+00
1.000000e+00
1.000000e+00
1.000000e+00
1.000000e+00
1.000000e+00
1.000000e+00
1.000000e+00
1.000000e+00
1.000000e+00
1.000000e+00
1.000000e+00
1.000000e+00
1.000000e+00
1.000000e+00
1.000000e+00
1.000000e+00
1.000000e+00
1.000000e+00
1.000000e+00
1.000000e+00
1.000000e+00
1.000000e+00
1.000000e+00
1.000000e+00
1.000000e+00
1.000000e+00
1.000000e+00
1.000000e+00
1.000000e+00
1.000000e+00
1.000000e+00
1.000000e+00
1.000000e+00
1.000000e+00
1.000000e+00
1.000000e+00
1.000000e+00
1.000000e+00
1.000000e+00
1.000000e+00
1.000000e+00
1.000000e+00
1.000000e+00
1.000000e+00
1.000000e+00
1.000000e+00
1.000000e+00
1.000000e+00
1.000000e+00
1.000000e+00
1.000000e+00
1.000000e+00
1.000000e+00
1.000000e+00
1.000000e+00
1.000000e+00
1.000000e+00
1.000000e+00
1.000000e+00
1.000000e+00
1.000000e+00
1.000000e+00
1.000000e+00
1.000000e+00
1.000000e+00
1.000000e+00
1.000000e+00
1.000000e+00
1.000000e+00
1.000000e+00
1.000000e+00
1.000000e+00
1.000000e+00
1.000000e+00
1.000000e+00
1.000000e+00
1.000000e+00
1.000000e+00
1.000000e+00
1.000000e+00
1.000000e+00
1.000000e+00
1.000000e+00
1.000000e+00
1.000000e+00
1.000000e+00
1.000000e+00
1.000000e+00
1.000000e+00
1.000000e+00
1.000000e+00
9.999999e-01
9.999999e-01
9.999998e-01
9.999996e-01
9.999992e-01
9.999984e-01
9.999969e-01
9.999939e-01
9.999879e-01
9.999756e-01
9.999505e-01
9.998991e-01
9.997943e-01
9.995825e-01
9.991617e-01
9.983487e-01
9.968359e-01
9.941518e-01
9.896482e-01
9.825439e-01
9.720329e-01
9.574324e-01
9.383382e-01
9.146890e-01
8.867610e-01
8.551363e-01
8.205415e-01
7.838066e-01
7.457856e-01
7.072224e-01
6.689112e-01
6.313687e-01
5.952704e-01
5.608587e-01
5.285869e-01
4.984614e-01
4.708451e-01
4.453551e-01
4.216659e-01
3.994111e-01
3.782255e-01
3.577394e-01
3.376231e-01
3.176199e-01
2.975870e-01
2.775153e-01
2.575402e-01
2.379319e-01
2.190806e-01
2.014516e-01
1.855096e-01
1.716377e-01
1.600591e-01
1.507842e-01
1.436277e-01
1.382765e-01
1.343702e-01
1.315662e-01
1.295754e-01
1.281720e-01
1.271878e-01
1.265005e-01
1.260228e-01
1.256925e-01
1.254654e-01
1.253104e-01
1.252054e-01
1.251347e-01
1.250876e-01
1.250565e-01
1.250361e-01
1.250228e-01
1.250143e-01
1.250089e-01
1.250055e-01
1.250033e-01
1.250020e-01
1.250012e-01
1.250007e-01
1.250004e-01
1.250002e-01
1.250001e-01
1.250001e-01
1.250000e-01
1.250000e-01
1.250000e-01
1.250000e-01
1.250000e-01
1.250000e-01
1.250000e-01
1.250000e-01
1.250000e-01
1.250000e-01
1.250000e-01
1.250000e-01
1.250000e-01
1.250000e-01
1.250000e-01
1.250000e-01
1.250000e-01
1.250000e-01
1.250000e-01
1.250000e-01
1.250000e-01
1.250000e-01
1.250000e-01
1.250000e-01
1.250000e-01
1.250000e-01
1.250000e-01
1.250000e-01
1.250000e-01
1.250000e-01
1.250000e-01
1.250000e-01
1.250000e-01
1.250000e-01
1.250000e-01
1.250000e-01
1.250000e-01
1.250000e-01
1.250000e-01
1.250000e-01
1.250000e-01
1.250000e-01
1.250000e-01
1.250000e-01
1.250000e-01
1.250000e-01
1.250000e-01
1.250000e-01
1.250000e-01
1.250000e-01
1.250000e-01
1.250000e-01
1.250000e-01
1.250000e-01
1.250000e-01
1.250000e-01
1.250000e-01
1.250000e-01
1.250000e-01
1.250000e-01
1.250000e-01
1.250000e-01
1.250000e-01
1.250000e-01
1.250000e-01
1.250000e-01
1.250000e-01
1.250000e-01
1.250000e-01
1.250000e-01
1.250000e-01
1.250000e-01
1.250000e-01
1.250000e-01
1.250000e-01
1.250000e-01
1.250000e-01
1.250000e-01
1.250000e-01
1.250000e-01
1.250000e-01
1.250000e-01
1.250000e-01
1.250000e-01
1.250000e-01
1.250000e-01
1.250000e-01
1.250000e-01
1.250000e-01
1.250000e-01
1.250000e-01
1.250000e-01
1.250000e-01
1.250000e-01
1.250000e-01
1.250000e-01
1.250000e-01
1.250000e-01
1.250000e-01
1.250000e-01
1.250000e-01
1.250000e-01
1.250000e-01
1.250000e-01
1.250000e-01
1.250000e-01
1.250000e-01
1.250000e-01
1.250000e-01
1.250000e-01
1.250000e-01
1.250000e-01
1.250000e-01
1.250000e-01
1.250000e-01
1.250000e-01
1.250000e-01
1.250000e-01
1.250000e-01
1.250000e-01
1.250000e-01
1.250000e-01
1.250000e-01
1.250000e-01
1.250000e-01
1.250000e-01
1.250000e-01
1.250000e-01
1.250000e-01
1.250000e-01
1.250000e-01
1.250000e-01
1.250000e-01
1.250000e-01
1.250000e-01
1.250000e-01
1.250000e-01
1.250000e-01
1.250000e-01
1.250000e-01
1.250000e-01
1.250000e-01
1.250000e-01
1.250000e-01
1.250000e-01
1.250000e-01
1.250000e-01
1.250000e-01
1.250000e-01
1.250000e-01
1.250000e-01
1.250000e-01
1.250000e-01
1.250000e-01
1.250000e-01
1.250000e-01
1.250000e-01
1.250000e-01
1.250000e-01
1.250001e-01
1.250001e-01
1.250002e-01
1.250003e-01
1.250005e-01
1.250008e-01
1.250014e-01
1.250023e-01
1.250037e-01
1.250060e-01
1.250096e-01
1.250153e-01
1.250241e-01
1.250378e-01
1.250588e-01
1.250907e-01
1.251388e-01
1.252106e-01
1.253172e-01
1.254742e-01
1.257037e-01
1.260371e-01
1.265185e-01
1.272098e-01
1.281976e-01
1.296021e-01
1.315881e-01
1.343763e-01
1.382499e-01
1.435476e-01
1.506315e-01
1.598241e-01
1.713253e-01
1.851406e-01
2.010598e-01
2.186994e-01
2.375825e-01
2.572315e-01
2.772491e-01
2.973522e-01
3.174050e-01
3.374209e-01
3.575443e-01
3.780349e-01
3.992330e-01
4.215181e-01
4.452603e-01
4.708268e-01
4.985207e-01
