5.232050e-01
5.512370e-01
5.810165e-01
6.123752e-01
6.450838e-01
6.788045e-01
7.131266e-01
7.476257e-01
7.817359e-01
8.149214e-01
8.465805e-01
8.760708e-01
9.028225e-01
9.263314e-01
9.462270e-01
9.623658e-01
9.748390e-01
9.839724e-01
9.902862e-01
9.943951e-01
9.969112e-01
9.983650e-01
9.991619e-01
9.995799e-01
9.997918e-01
9.998971e-01
9.999488e-01
9.999743e-01
9.999869e-01
9.999932e-01
9.999965e-01
9.999981e-01
9.999990e-01
9.999995e-01
9.999997e-01
9.999998e-01
9.999999e-01
9.999999e-01
1.000000e+00
1.000000e+00
1.000000e+00
1.000000e+00
1.000000e+00
1.000000e+00
1.000000e+00
1.000000e+00
1.000000e+00
1.000000e+00
1.000000e+00
1.000000e+00
1.000000e+00
1.000000e+00
1.000000e+00
1.000000e+00
1.000000e+00
1.000000e+00
1.000000e+00
1.000000e+00
1.000000e+00
1.000000e+00
1.000000e+00
1.000000e+00
1.000000e+00
1.000000e+00
1.000000e+00
1.000000e+00
1.000000e+00
1.000000e+00
1.000000e+00
1.000000e+00
1.000000e+00
1.000000e+00
1.000000e+00
1.000000e+00
1.000000e+00
1.000000e+00
1.000000e+00
1.000000e+00
1.000000e+00
1.000000e+00
1.000000e+00
1.000000e+00
1.000000e+00
1.000000e+00
1.000000e+00
1.000000e+00
1.000000e+00
1.000000e+00
1.000000e+00
1.000000e+00
1.000000e+00
1.000000e+00
1.000000e+00
1.000000e+00
1.000000e+00
1.000000e+00
1.000000e+00
1.000000e+00
1.000000e+00
1.000000e+00
1.000000e+00
1.000000e+00
1.000000e+00
1.000000e+00
1.000000e+00
1.000000e+00
1.000000e+00
1.000000e+00
1.000000e+00
1.000000e+00
1.000000e+00
1.000000e+00
1.000000e+00
1.000000e+00
1.000000e+00
1.000000e+00
1.000000e+00
1.000000e+00
1.000000e+00
1.000000e+00
1.000000e+00
1.000000e+00
1.000000e+00
1.000000e+00
1.000000e+00
1.000000e+00
1.000000e+00
1.000000e+00
1.000000e+00
1.000000e+00
1.000000e+00
1.000000e+00
1.000000e+00
1.000000e+00
1.000000e+00
1.000000e+00
1.000000e+00
1.000000e+00
1.000000e+00
1.000000e+00
1.000000e+00
1.000000e+00
1.000000e+00
1.000000e+00
1.000000e+00
1.000000e+00
1.000000e+00
1.000000e+00
1.000000e+00
1.000000e+00
1.000000e+00
1.000000e+00
1.000000e+00
1.000000e+00
1.000000e+00
1.000000e+00
1.000000e+00
1.000000e+00
1.000000e+00
1.000000e+00
1.000000e+00
1.000000e+00
1.000000e+00
1.000000e+00
1.000000e+00
1.000000e+00
1.000000e+00
1.000000e+00
1.000000e+00
1.000000e+00
1.000000e+00
1.000000e+00
1.000000e+00
1.000000e+00
1.000000e+00
1.000000e+00
1.000000e+00
1.000000e+00
1.000000e+00
1.000000e+00
1.000000e+00
1.000000e+00
1.000000e+00
1.000000e+00
1.000000e+00
1.000000e+00
1.000000e+00
1.000000e+00
1.000000e+00
1.000000e+00
1.000000e+00
1.000000e+00
1.000000e+00
1.000000e+00
1.000000e+00
1.000000e+00
1.000000e+00
1.000000e+00
1.000000e+00
1.000000e+00
1.000000e+00
1.000000e+00
1.000000e+00
1.000000e+00
1.000000e+00
1.000000e+00
1.000000e+00
1.000000e+00
1.000000e+00
1.000000e+00
1.000000e+00
1.000000e+00
1.000000e+00
1.000000e+00
1.000000e+00
1.000000e+00
1.000000e+00
1.000000e+00
9.999999e-01
9.999999e-01
9.999998e-01
9.999996e-01
9.999993e-01
9.999986e-01
9.999974e-01
9.999951e-01
9.999907e-01
9.999821e-01
9.999652e-01
9.999322e-01
9.998675e-01
9.997414e-01
9.994984e-01
9.990394e-01
9.981959e-01
9.967004e-01
9.941621e-01
9.900641e-01
9.837977e-01
9.747380e-01
9.623442e-01
9.462660e-01
9.263952e-01
9.028692e-01
8.760635e-01
8.464939e-01
8.147443e-01
7.814735e-01
7.472943e-01
7.127517e-01
6.784152e-01
6.447015e-01
6.120339e-01
5.807310e-01
5.510168e-01
5.230902e-01
4.970366e-01
4.729211e-01
4.505768e-01
4.297657e-01
4.102409e-01
3.917340e-01
3.739480e-01
3.566135e-01
3.394959e-01
3.224043e-01
3.051919e-01
2.878206e-01
2.703115e-01
2.527992e-01
2.355029e-01
2.187299e-01
2.028463e-01
1.882291e-01
1.752118e-01
1.640264e-01
1.547542e-01
1.473220e-01
1.415368e-01
1.371386e-01
1.338523e-01
1.314256e-01
1.296468e-01
1.283492e-01
1.274057e-01
1.267214e-01
1.262266e-01
1.258699e-01
1.256139e-01
1.254308e-01
1.253005e-01
1.252084e-01
1.251435e-01
1.250983e-01
1.250668e-01
1.250451e-01
1.250302e-01
1.250201e-01
1.250133e-01
1.250087e-01
1.250057e-01
1.250037e-01
1.250024e-01
1.250015e-01
1.250010e-01
1.250006e-01
1.250004e-01
1.250002e-01
1.250001e-01
1.250001e-01
1.250001e-01
1.250000e-01
1.250000e-01
1.250000e-01
1.250000e-01
1.250000e-01
1.250000e-01
1.250000e-01
1.250000e-01
1.250000e-01
1.250000e-01
1.250000e-01
1.250000e-01
1.250000e-01
1.250000e-01
1.250000e-01
1.250000e-01
1.250000e-01
1.250000e-01
1.250000e-01
1.250000e-01
1.250000e-01
1.250000e-01
1.250000e-01
1.250000e-01
1.250000e-01
1.250000e-01
1.250000e-01
1.250000e-01
1.250000e-01
1.250000e-01
1.250000e-01
1.250000e-01
1.250000e-01
1.250000e-01
1.250000e-01
1.250000e-01
1.250000e-01
1.250000e-01
1.250000e-01
1.250000e-01
1.250000e-01
1.250000e-01
1.250000e-01
1.250000e-01
1.250000e-01
1.250000e-01
1.250000e-01
1.250000e-01
1.250000e-01
1.250000e-01
1.250000e-01
1.250000e-01
1.250000e-01
1.250000e-01
1.250000e-01
1.250000e-01
1.250000e-01
1.250000e-01
1.250000e-01
1.250000e-01
1.250000e-01
1.250000e-01
1.250000e-01
1.250000e-01
1.250000e-01
1.250000e-01
1.250000e-01
1.250000e-01
1.250000e-01
1.250000e-01
1.250000e-01
1.250000e-01
1.250000e-01
1.250000e-01
1.250000e-01
1.250000e-01
1.250000e-01
1.250000e-01
1.250000e-01
1.250000e-01
1.250000e-01
1.250000e-01
1.250000e-01
1.250000e-01
1.250000e-01
1.250000e-01
1.250000e-01
1.250000e-01
1.250000e-01
1.250000e-01
1.250000e-01
1.250000e-01
1.250000e-01
1.250000e-01
1.250000e-01
1.250000e-01
1.250000e-01
1.250000e-01
1.250000e-01
1.250000e-01
1.250000e-01
1.250000e-01
1.250000e-01
1.250000e-01
1.250000e-01
1.250000e-01
1.250000e-01
1.250000e-01
1.250000e-01
1.250000e-01
1.250000e-01
1.250000e-01
1.250000e-01
1.250000e-01
1.250000e-01
1.250000e-01
1.250000e-01
1.250000e-01
1.250000e-01
1.250000e-01
1.250000e-01
1.250000e-01
1.250000e-01
1.250000e-01
1.250000e-01
1.250000e-01
1.250000e-01
1.250000e-01
1.250000e-01
1.250000e-01
1.250000e-01
1.250000e-01
1.250000e-01
1.250000e-01
1.250000e-01
1.250000e-01
1.250000e-01
1.250000e-01
1.250000e-01
1.250000e-01
1.250000e-01
1.250000e-01
1.250000e-01
1.250000e-01
1.250000e-01
1.250000e-01
1.250001e-01
1.250001e-01
1.250002e-01
1.250003e-01
1.250004e-01
1.250007e-01
1.250011e-01
1.250016e-01
1.250026e-01
1.250040e-01
1.250061e-01
1.250092e-01
1.250140e-01
1.250210e-01
1.250314e-01
1.250465e-01
1.250686e-01
1.251006e-01
1.251465e-01
1.252121e-01
1.253052e-01
1.254366e-01
1.256213e-01
1.258793e-01
1.262384e-01
1.267361e-01
1.274235e-01
1.283696e-01
1.296679e-01
1.314430e-01
1.338586e-01
1.371216e-01
1.414809e-01
1.472108e-01
1.545761e-01
1.637795e-01
1.749056e-01
1.878827e-01
2.024862e-01
2.183819e-01
2.351839e-01
2.525159e-01
2.700647e-01
2.876042e-01
3.049946e-01
3.222179e-01
3.393155e-01
3.564330e-01
3.737687e-01
3.915620e-01
4.100878e-01
4.296461e-01
4.504974e-01
4.729068e-01
4.971049e-01
