5.129370e-01
5.337221e-01
5.556652e-01
5.788410e-01
6.030889e-01
6.283465e-01
6.544446e-01
6.812111e-01
7.084705e-01
7.359827e-01
7.635074e-01
7.907505e-01
8.174169e-01
8.431799e-01
8.676765e-01
8.905700e-01
9.115264e-01
9.302607e-01
9.465479e-01
9.602766e-01
9.714496e-01
9.801981e-01
9.867658e-01
9.914828e-01
9.947189e-01
9.968394e-01
9.981684e-01
9.989674e-01
9.994304e-01
9.996906e-01
9.998334e-01
9.999105e-01
9.999518e-01
9.999739e-01
9.999857e-01
9.999921e-01
9.999956e-01
9.999975e-01
9.999986e-01
9.999992e-01
9.999995e-01
9.999997e-01
9.999998e-01
9.999999e-01
9.999999e-01
1.000000e+00
1.000000e+00
1.000000e+00
1.000000e+00
1.000000e+00
1.000000e+00
1.000000e+00
1.000000e+00
1.000000e+00
1.000000e+00
1.000000e+00
1.000000e+00
1.000000e+00
1.000000e+00
1.000000e+00
1.000000e+00
1.000000e+00
1.000000e+00
1.000000e+00
1.000000e+00
1.000000e+00
1.000000e+00
1.000000e+00
1.000000e+00
1.000000e+00
1.000000e+00
1.000000e+00
1.000000e+00
1.000000e+00
1.000000e+00
1.000000e+00
1.000000e+00
1.000000e+00
1.000000e+00
1.000000e+00
1.000000e+00
1.000000e+00
1.000000e+00
1.000000e+00
1.000000e+00
1.000000e+00
1.000000e+00
1.000000e+00
1.000000e+00
1.000000e+00
1.000000e+00
1.000000e+00
1.000000e+00
1.000000e+00
1.000000e+00
1.000000e+00
1.000000e+00
1.000000e+00
1.000000e+00
1.000000e+00
1.000000e+00
1.000000e+00
1.000000e+00
1.000000e+00
1.000000e+00
1.000000e+00
1.000000e+00
1.000000e+00
1.000000e+00
1.000000e+00
1.000000e+00
1.000000e+00
1.000000e+00
1.000000e+00
1.000000e+00
1.000000e+00
1.000000e+00
1.000000e+00
1.000000e+00
1.000000e+00
1.000000e+00
1.000000e+00
1.000000e+00
1.000000e+00
1.000000e+00
1.000000e+00
1.000000e+00
1.000000e+00
1.000000e+00
1.000000e+00
1.000000e+00
1.000000e+00
1.000000e+00
1.000000e+00
1.000000e+00
1.000000e+00
1.000000e+00
1.000000e+00
1.000000e+00
1.000000e+00
1.000000e+00
1.000000e+00
1.000000e+00
1.000000e+00
1.000000e+00
1.000000e+00
1.000000e+00
1.000000e+00
1.000000e+00
1.000000e+00
1.000000e+00
1.000000e+00
1.000000e+00
1.000000e+00
1.000000e+00
1.000000e+00
1.000000e+00
1.000000e+00
1.000000e+00
1.000000e+00
1.000000e+00
1.000000e+00
1.000000e+00
1.000000e+00
1.000000e+00
1.000000e+00
1.000000e+00
1.000000e+00
1.000000e+00
1.000000e+00
1.000000e+00
1.000000e+00
1.000000e+00
1.000000e+00
1.000000e+00
1.000000e+00
1.000000e+00
1.000000e+00
1.000000e+00
1.000000e+00
1.000000e+00
1.000000e+00
1.000000e+00
1.000000e+00
1.000000e+00
1.000000e+00
1.000000e+00
1.000000e+00
1.000000e+00
1.000000e+00
1.000000e+00
1.000000e+00
1.000000e+00
1.000000e+00
1.000000e+00
1.000000e+00
1.000000e+00
1.000000e+00
1.000000e+00
1.000000e+00
1.000000e+00
1.000000e+00
1.000000e+00
1.000000e+00
1.000000e+00
1.000000e+00
1.000000e+00
1.000000e+00
1.000000e+00
1.000000e+00
1.000000e+00
9.999999e-01
9.999999e-01
9.999998e-01
9.999996e-01
9.999994e-01
9.999989e-01
9.999981e-01
9.999967e-01
9.999942e-01
9.999896e-01
9.999812e-01
9.999661e-01
9.999385e-01
9.998882e-01
9.997973e-01
9.996346e-01
9.993478e-01
9.988526e-01
9.980194e-01
9.966606e-01
9.945229e-01
9.912891e-01
9.865974e-01
9.800747e-01
9.713830e-01
9.602656e-01
9.465797e-01
9.303139e-01
9.115769e-01
8.905940e-01
8.676554e-01
8.431007e-01
8.172754e-01
7.905477e-01
7.632519e-01
7.356841e-01
7.081446e-01
6.808743e-01
6.541090e-01
6.280265e-01
6.028003e-01
5.785848e-01
5.554582e-01
5.335591e-01
5.128404e-01
4.933956e-01
4.752053e-01
4.581845e-01
4.422430e-01
4.272400e-01
4.130586e-01
3.995400e-01
3.865271e-01
3.738918e-01
3.614801e-01
3.491746e-01
3.368576e-01
3.244452e-01
3.118641e-01
2.990716e-01
2.860425e-01
2.727801e-01
2.593310e-01
2.457770e-01
2.322484e-01
2.189239e-01
2.060229e-01
1.937856e-01
1.824503e-01
1.722227e-01
1.632410e-01
1.555609e-01
1.491554e-01
1.439284e-01
1.397387e-01
1.364261e-01
1.338322e-01
1.318142e-01
1.302499e-01
1.290404e-01
1.281057e-01
1.273845e-01
1.268278e-01
1.263987e-01
1.260681e-01
1.258137e-01
1.256185e-01
1.254686e-01
1.253542e-01
1.252666e-01
1.252003e-01
1.251497e-01
1.251116e-01
1.250829e-01
1.250613e-01
1.250452e-01
1.250331e-01
1.250243e-01
1.250176e-01
1.250128e-01
1.250092e-01
1.250067e-01
1.250048e-01
1.250034e-01
1.250024e-01
1.250017e-01
1.250012e-01
1.250008e-01
1.250006e-01
1.250004e-01
1.250003e-01
1.250002e-01
1.250001e-01
1.250001e-01
1.250001e-01
1.250000e-01
1.250000e-01
1.250000e-01
1.250000e-01
1.250000e-01
1.250000e-01
1.250000e-01
1.250000e-01
1.250000e-01
1.250000e-01
1.250000e-01
1.250000e-01
1.250000e-01
1.250000e-01
1.250000e-01
1.250000e-01
1.250000e-01
1.250000e-01
1.250000e-01
1.250000e-01
1.250000e-01
1.250000e-01
1.250000e-01
1.250000e-01
1.250000e-01
1.250000e-01
1.250000e-01
1.250000e-01
1.250000e-01
1.250000e-01
1.250000e-01
1.250000e-01
1.250000e-01
1.250000e-01
1.250000e-01
1.250000e-01
1.250000e-01
1.250000e-01
1.250000e-01
1.250000e-01
1.250000e-01
1.250000e-01
1.250000e-01
1.250000e-01
1.250000e-01
1.250000e-01
1.250000e-01
1.250000e-01
1.250000e-01
1.250000e-01
1.250000e-01
1.250000e-01
1.250000e-01
1.250000e-01
1.250000e-01
1.250000e-01
1.250000e-01
1.250000e-01
1.250000e-01
1.250000e-01
1.250000e-01
1.250000e-01
1.250000e-01
1.250000e-01
1.250000e-01
1.250000e-01
1.250000e-01
1.250000e-01
1.250000e-01
1.250000e-01
1.250000e-01
1.250000e-01
1.250000e-01
1.250000e-01
1.250000e-01
1.250000e-01
1.250000e-01
1.250000e-01
1.250000e-01
1.250000e-01
1.250000e-01
1.250000e-01
1.250000e-01
1.250000e-01
1.250000e-01
1.250000e-01
1.250000e-01
1.250000e-01
1.250000e-01
1.250000e-01
1.250000e-01
1.250000e-01
1.250000e-01
1.250000e-01
1.250000e-01
1.250000e-01
1.250000e-01
1.250000e-01
1.250000e-01
1.250000e-01
1.250000e-01
1.250000e-01
1.250000e-01
1.250000e-01
1.250000e-01
1.250000e-01
1.250000e-01
1.250000e-01
1.250000e-01
1.250000e-01
1.250000e-01
1.250000e-01
1.250000e-01
1.250000e-01
1.250000e-01
1.250000e-01
1.250001e-01
1.250001e-01
1.250001e-01
1.250002e-01
1.250003e-01
1.250004e-01
1.250006e-01
1.250009e-01
1.250013e-01
1.250018e-01
1.250025e-01
1.250035e-01
1.250049e-01
1.250068e-01
1.250095e-01
1.250131e-01
1.250180e-01
1.250247e-01
1.250337e-01
1.250458e-01
1.250621e-01
1.250838e-01
1.251127e-01
1.251511e-01
1.252018e-01
1.252687e-01
1.253565e-01
1.254717e-01
1.256222e-01
1.258186e-01
1.260741e-01
1.264062e-01
1.268370e-01
1.273954e-01
1.281184e-01
1.290539e-01
1.302631e-01
1.318241e-01
1.338347e-01
1.364144e-01
1.397043e-01
1.438611e-01
1.490456e-01
1.554020e-01
1.630323e-01
1.719707e-01
1.821671e-01
1.934853e-01
2.057217e-01
2.186367e-01
2.319851e-01
2.455409e-01
2.591223e-01
2.725955e-01
2.858752e-01
2.989172e-01
3.117172e-01
3.242998e-01
3.367112e-01
3.490275e-01
3.613336e-01
3.737378e-01
3.863706e-01
3.993931e-01
4.129221e-01
4.271312e-01
4.421632e-01
4.581475e-01
4.752143e-01
4.934578e-01
