5.023123e-01
5.169077e-01
5.322636e-01
5.483975e-01
5.652866e-01
5.829078e-01
6.011876e-01
6.201171e-01
6.396241e-01
6.596527e-01
6.801048e-01
7.009205e-01
7.219999e-01
7.432353e-01
7.645137e-01
7.857007e-01
8.066605e-01
8.272381e-01
8.472665e-01
8.665681e-01
8.849597e-01
9.022618e-01
9.183004e-01
9.329193e-01
9.459954e-01
9.574408e-01
9.672261e-01
9.753757e-01
9.819732e-01
9.871543e-01
9.910951e-01
9.939948e-01
9.960584e-01
9.974789e-01
9.984256e-01
9.990377e-01
9.994225e-01
9.996586e-01
9.998003e-01
9.998841e-01
9.999329e-01
9.999612e-01
9.999775e-01
9.999869e-01
9.999923e-01
9.999955e-01
9.999973e-01
9.999984e-01
9.999990e-01
9.999994e-01
9.999996e-01
9.999998e-01
9.999999e-01
9.999999e-01
9.999999e-01
1.000000e+00
1.000000e+00
1.000000e+00
1.000000e+00
1.000000e+00
1.000000e+00
1.000000e+00
1.000000e+00
1.000000e+00
1.000000e+00
1.000000e+00
1.000000e+00
1.000000e+00
1.000000e+00
1.000000e+00
1.000000e+00
1.000000e+00
1.000000e+00
1.000000e+00
1.000000e+00
1.000000e+00
1.000000e+00
1.000000e+00
1.000000e+00
1.000000e+00
1.000000e+00
1.000000e+00
1.000000e+00
1.000000e+00
1.000000e+00
1.000000e+00
1.000000e+00
1.000000e+00
1.000000e+00
1.000000e+00
1.000000e+00
1.000000e+00
1.000000e+00
1.000000e+00
1.000000e+00
1.000000e+00
1.000000e+00
1.000000e+00
1.000000e+00
1.000000e+00
1.000000e+00
1.000000e+00
1.000000e+00
1.000000e+00
1.000000e+00
1.000000e+00
1.000000e+00
1.000000e+00
1.000000e+00
1.000000e+00
1.000000e+00
1.000000e+00
1.000000e+00
1.000000e+00
1.000000e+00
1.000000e+00
1.000000e+00
1.000000e+00
1.000000e+00
1.000000e+00
1.000000e+00
1.000000e+00
1.000000e+00
1.000000e+00
1.000000e+00
1.000000e+00
1.000000e+00
1.000000e+00
1.000000e+00
1.000000e+00
1.000000e+00
1.000000e+00
1.000000e+00
1.000000e+00
1.000000e+00
1.000000e+00
1.000000e+00
1.000000e+00
1.000000e+00
1.000000e+00
1.000000e+00
1.000000e+00
1.000000e+00
1.000000e+00
1.000000e+00
1.000000e+00
1.000000e+00
1.000000e+00
1.000000e+00
1.000000e+00
1.000000e+00
1.000000e+00
1.000000e+00
1.000000e+00
1.000000e+00
1.000000e+00
1.000000e+00
1.000000e+00
1.000000e+00
1.000000e+00
1.000000e+00
1.000000e+00
1.000000e+00
1.000000e+00
1.000000e+00
1.000000e+00
1.000000e+00
1.000000e+00
1.000000e+00
1.000000e+00
1.000000e+00
1.000000e+00
1.000000e+00
1.000000e+00
1.000000e+00
1.000000e+00
1.000000e+00
1.000000e+00
1.000000e+00
1.000000e+00
1.000000e+00
1.000000e+00
1.000000e+00
1.000000e+00
1.000000e+00
1.000000e+00
1.000000e+00
1.000000e+00
1.000000e+00
1.000000e+00
1.000000e+00
1.000000e+00
1.000000e+00
1.000000e+00
1.000000e+00
1.000000e+00
1.000000e+00
1.000000e+00
1.000000e+00
1.000000e+00
1.000000e+00
9.999999e-01
9.999999e-01
9.999998e-01
9.999997e-01
9.999995e-01
9.999992e-01
9.999987e-01
9.999979e-01
9.999965e-01
9.999941e-01
9.999901e-01
9.999833e-01
9.999716e-01
9.999518e-01
9.999181e-01
9.998612e-01
9.997662e-01
9.996093e-01
9.993543e-01
9.989471e-01
9.983112e-01
9.973421e-01
9.959042e-01
9.938322e-01
9.909360e-01
9.870115e-01
9.818585e-01
9.752970e-01
9.671860e-01
9.574365e-01
9.460189e-01
9.329593e-01
9.183439e-01
9.022962e-01
8.849736e-01
8.665526e-01
8.472146e-01
8.271473e-01
8.065298e-01
7.855321e-01
7.643116e-01
7.430036e-01
7.217466e-01
7.006519e-01
6.798282e-01
6.593743e-01
6.393519e-01
6.198553e-01
6.009432e-01
5.826832e-01
5.650877e-01
5.482251e-01
5.321206e-01
5.167940e-01
5.022366e-01
4.884475e-01
4.754291e-01
4.631183e-01
4.515004e-01
4.405200e-01
4.300840e-01
4.201665e-01
4.106507e-01
4.014797e-01
3.925919e-01
3.838802e-01
3.753150e-01
3.668106e-01
3.583350e-01
3.498448e-01
3.413070e-01
3.326906e-01
3.239829e-01
3.151535e-01
3.061879e-01
2.970647e-01
2.877643e-01
2.782695e-01
2.685695e-01
2.586671e-01
2.485803e-01
2.383489e-01
2.280406e-01
2.177512e-01
2.076044e-01
1.977434e-01
1.883219e-01
1.794885e-01
1.713694e-01
1.640561e-01
1.575975e-01
1.519981e-01
1.472228e-01
1.432068e-01
1.398673e-01
1.371142e-01
1.348582e-01
1.330175e-01
1.315192e-01
1.303010e-01
1.293112e-01
1.285068e-01
1.278525e-01
1.273204e-01
1.268875e-01
1.265344e-01
1.262472e-01
1.260133e-01
1.258222e-01
1.256669e-01
1.255405e-01
1.254371e-01
1.253535e-01
1.252855e-01
1.252299e-01
1.251852e-01
1.251489e-01
1.251193e-01
1.250956e-01
1.250765e-01
1.250609e-01
1.250486e-01
1.250387e-01
1.250306e-01
1.250243e-01
1.250192e-01
1.250151e-01
1.250119e-01
1.250094e-01
1.250073e-01
1.250057e-01
1.250045e-01
1.250035e-01
1.250027e-01
1.250021e-01
1.250016e-01
1.250013e-01
1.250010e-01
1.250007e-01
1.250006e-01
1.250004e-01
1.250003e-01
1.250003e-01
1.250002e-01
1.250001e-01
1.250001e-01
1.250001e-01
1.250001e-01
1.250000e-01
1.250000e-01
1.250000e-01
1.250000e-01
1.250000e-01
1.250000e-01
1.250000e-01
1.250000e-01
1.250000e-01
1.250000e-01
1.250000e-01
1.250000e-01
1.250000e-01
1.250000e-01
1.250000e-01
1.250000e-01
1.250000e-01
1.250000e-01
1.250000e-01
1.250000e-01
1.250000e-01
1.250000e-01
1.250000e-01
1.250000e-01
1.250000e-01
1.250000e-01
1.250000e-01
1.250000e-01
1.250000e-01
1.250000e-01
1.250000e-01
1.250000e-01
1.250000e-01
1.250000e-01
1.250000e-01
1.250000e-01
1.250000e-01
1.250000e-01
1.250000e-01
1.250000e-01
1.250000e-01
1.250000e-01
1.250000e-01
1.250000e-01
1.250000e-01
1.250000e-01
1.250000e-01
1.250000e-01
1.250000e-01
1.250000e-01
1.250000e-01
1.250000e-01
1.250000e-01
1.250000e-01
1.250000e-01
1.250000e-01
1.250000e-01
1.250000e-01
1.250000e-01
1.250000e-01
1.250000e-01
1.250000e-01
1.250000e-01
1.250000e-01
1.250000e-01
1.250000e-01
1.250000e-01
1.250000e-01
1.250000e-01
1.250000e-01
1.250001e-01
1.250001e-01
1.250001e-01
1.250001e-01
1.250002e-01
1.250003e-01
1.250003e-01
1.250004e-01
1.250006e-01
1.250008e-01
1.250010e-01
1.250013e-01
1.250017e-01
1.250021e-01
1.250027e-01
1.250035e-01
1.250045e-01
1.250058e-01
1.250074e-01
1.250094e-01
1.250120e-01
1.250153e-01
1.250193e-01
1.250244e-01
1.250308e-01
1.250388e-01
1.250488e-01
1.250613e-01
1.250768e-01
1.250960e-01
1.251198e-01
1.251493e-01
1.251858e-01
1.252308e-01
1.252863e-01
1.253547e-01
1.254388e-01
1.255422e-01
1.256692e-01
1.258252e-01
1.260166e-01
1.262515e-01
1.265396e-01
1.268932e-01
1.273274e-01
1.278603e-01
1.285151e-01
1.293200e-01
1.303093e-01
1.315257e-01
1.330204e-01
1.348545e-01
1.370999e-01
1.398376e-01
1.431559e-01
1.471449e-01
1.518881e-01
1.574525e-01
1.638762e-01
1.711587e-01
1.792544e-01
1.880741e-01
1.974914e-01
2.073574e-01
2.175175e-01
2.278257e-01
2.381551e-01
2.484070e-01
2.585128e-01
2.684314e-01
2.781434e-01
2.876475e-01
2.969534e-01
3.060800e-01
3.150467e-01
3.238735e-01
3.325776e-01
3.411923e-01
3.497239e-01
3.582128e-01
3.666812e-01
3.751873e-01
3.837501e-01
3.924660e-01
4.013576e-01
4.105369e-01
4.200684e-01
4.300012e-01
4.404619e-01
4.514650e-01
4.631113e-01
4.754525e-01
4.884994e-01
