5.064509e-01
5.232820e-01
5.410214e-01
5.597097e-01
5.792742e-01
5.996656e-01
6.208339e-01
6.426863e-01
6.651491e-01
6.880805e-01
7.113863e-01
7.349144e-01
7.585232e-01
7.820200e-01
8.052309e-01
8.279447e-01
8.499442e-01
8.709844e-01
8.908363e-01
9.092681e-01
9.260683e-01
9.410652e-01
9.541324e-01
9.652212e-01
9.743562e-01
9.816422e-01
9.872559e-01
9.914248e-01
9.944068e-01
9.964600e-01
9.978218e-01
9.986934e-01
9.992331e-01
9.995577e-01
9.997482e-01
9.998578e-01
9.999200e-01
9.999549e-01
9.999745e-01
9.999855e-01
9.999917e-01
9.999952e-01
9.999972e-01
9.999983e-01
9.999990e-01
9.999994e-01
9.999996e-01
9.999998e-01
9.999999e-01
9.999999e-01
9.999999e-01
1.000000e+00
1.000000e+00
1.000000e+00
1.000000e+00
1.000000e+00
1.000000e+00
1.000000e+00
1.000000e+00
1.000000e+00
1.000000e+00
1.000000e+00
1.000000e+00
1.000000e+00
1.000000e+00
1.000000e+00
1.000000e+00
1.000000e+00
1.000000e+00
1.000000e+00
1.000000e+00
1.000000e+00
1.000000e+00
1.000000e+00
1.000000e+00
1.000000e+00
1.000000e+00
1.000000e+00
1.000000e+00
1.000000e+00
1.000000e+00
1.000000e+00
1.000000e+00
1.000000e+00
1.000000e+00
1.000000e+00
1.000000e+00
1.000000e+00
1.000000e+00
1.000000e+00
1.000000e+00
1.000000e+00
1.000000e+00
1.000000e+00
1.000000e+00
1.000000e+00
1.000000e+00
1.000000e+00
1.000000e+00
1.000000e+00
1.000000e+00
1.000000e+00
1.000000e+00
1.000000e+00
1.000000e+00
1.000000e+00
1.000000e+00
1.000000e+00
1.000000e+00
1.000000e+00
1.000000e+00
1.000000e+00
1.000000e+00
1.000000e+00
1.000000e+00
1.000000e+00
1.000000e+00
1.000000e+00
1.000000e+00
1.000000e+00
1.000000e+00
1.000000e+00
1.000000e+00
1.000000e+00
1.000000e+00
1.000000e+00
1.000000e+00
1.000000e+00
1.000000e+00
1.000000e+00
1.000000e+00
1.000000e+00
1.000000e+00
1.000000e+00
1.000000e+00
1.000000e+00
1.000000e+00
1.000000e+00
1.000000e+00
1.000000e+00
1.000000e+00
1.000000e+00
1.000000e+00
1.000000e+00
1.000000e+00
1.000000e+00
1.000000e+00
1.000000e+00
1.000000e+00
1.000000e+00
1.000000e+00
1.000000e+00
1.000000e+00
1.000000e+00
1.000000e+00
1.000000e+00
1.000000e+00
1.000000e+00
1.000000e+00
1.000000e+00
1.000000e+00
1.000000e+00
1.000000e+00
1.000000e+00
1.000000e+00
1.000000e+00
1.000000e+00
1.000000e+00
1.000000e+00
1.000000e+00
1.000000e+00
1.000000e+00
1.000000e+00
1.000000e+00
1.000000e+00
1.000000e+00
1.000000e+00
1.000000e+00
1.000000e+00
1.000000e+00
1.000000e+00
1.000000e+00
1.000000e+00
1.000000e+00
1.000000e+00
1.000000e+00
1.000000e+00
1.000000e+00
1.000000e+00
1.000000e+00
1.000000e+00
1.000000e+00
1.000000e+00
1.000000e+00
1.000000e+00
1.000000e+00
1.000000e+00
1.000000e+00
1.000000e+00
1.000000e+00
1.000000e+00
1.000000e+00
1.000000e+00
1.000000e+00
1.000000e+00
9.999999e-01
9.999999e-01
9.999998e-01
9.999997e-01
9.999995e-01
9.999992e-01
9.999987e-01
9.999978e-01
9.999963e-01
9.999937e-01
9.999892e-01
9.999813e-01
9.999676e-01
9.999435e-01
9.999016e-01
9.998291e-01
9.997049e-01
9.994949e-01
9.991462e-01
9.985793e-01
9.976807e-01
9.962967e-01
9.942315e-01
9.912521e-01
9.871018e-01
9.815217e-01
9.742787e-01
9.651891e-01
9.541402e-01
9.411010e-01
9.261164e-01
9.093116e-01
8.908594e-01
8.709743e-01
8.498915e-01
8.278450e-01
8.050829e-01
7.818271e-01
7.582911e-01
7.346506e-01
7.110994e-01
6.877818e-01
6.648470e-01
6.423907e-01
6.205508e-01
5.994053e-01
5.790409e-01
5.595066e-01
5.408559e-01
5.231518e-01
5.063672e-01
4.905221e-01
4.756099e-01
4.615525e-01
4.483509e-01
4.358567e-01
4.240443e-01
4.128035e-01
4.020166e-01
3.916129e-01
3.814664e-01
3.715105e-01
3.616522e-01
3.518302e-01
3.419818e-01
3.320520e-01
3.220110e-01
3.118154e-01
3.014350e-01
2.908515e-01
2.800487e-01
2.690240e-01
2.577982e-01
2.464124e-01
2.349388e-01
2.234845e-01
2.121897e-01
2.012234e-01
1.907661e-01
1.809986e-01
1.720740e-01
1.641021e-01
1.571376e-01
1.511786e-01
1.461735e-01
1.420344e-01
1.386534e-01
1.359168e-01
1.337159e-01
1.319531e-01
1.305443e-01
1.294199e-01
1.285228e-01
1.278066e-01
1.272354e-01
1.267791e-01
1.264148e-01
1.261243e-01
1.258920e-01
1.257070e-01
1.255596e-01
1.254418e-01
1.253487e-01
1.252743e-01
1.252154e-01
1.251690e-01
1.251319e-01
1.251030e-01
1.250802e-01
1.250622e-01
1.250482e-01
1.250372e-01
1.250287e-01
1.250221e-01
1.250168e-01
1.250129e-01
1.250098e-01
1.250075e-01
1.250057e-01
1.250043e-01
1.250032e-01
1.250024e-01
1.250018e-01
1.250014e-01
1.250010e-01
1.250007e-01
1.250006e-01
1.250004e-01
1.250003e-01
1.250002e-01
1.250002e-01
1.250001e-01
1.250001e-01
1.250001e-01
1.250000e-01
1.250000e-01
1.250000e-01
1.250000e-01
1.250000e-01
1.250000e-01
1.250000e-01
1.250000e-01
1.250000e-01
1.250000e-01
1.250000e-01
1.250000e-01
1.250000e-01
1.250000e-01
1.250000e-01
1.250000e-01
1.250000e-01
1.250000e-01
1.250000e-01
1.250000e-01
1.250000e-01
1.250000e-01
1.250000e-01
1.250000e-01
1.250000e-01
1.250000e-01
1.250000e-01
1.250000e-01
1.250000e-01
1.250000e-01
1.250000e-01
1.250000e-01
1.250000e-01
1.250000e-01
1.250000e-01
1.250000e-01
1.250000e-01
1.250000e-01
1.250000e-01
1.250000e-01
1.250000e-01
1.250000e-01
1.250000e-01
1.250000e-01
1.250000e-01
1.250000e-01
1.250000e-01
1.250000e-01
1.250000e-01
1.250000e-01
1.250000e-01
1.250000e-01
1.250000e-01
1.250000e-01
1.250000e-01
1.250000e-01
1.250000e-01
1.250000e-01
1.250000e-01
1.250000e-01
1.250000e-01
1.250000e-01
1.250000e-01
1.250000e-01
1.250000e-01
1.250000e-01
1.250000e-01
1.250000e-01
1.250000e-01
1.250000e-01
1.250000e-01
1.250000e-01
1.250000e-01
1.250000e-01
1.250000e-01
1.250000e-01
1.250000e-01
1.250000e-01
1.250000e-01
1.250000e-01
1.250000e-01
1.250000e-01
1.250000e-01
1.250000e-01
1.250000e-01
1.250000e-01
1.250000e-01
1.250000e-01
1.250000e-01
1.250000e-01
1.250001e-01
1.250001e-01
1.250001e-01
1.250002e-01
1.250002e-01
1.250003e-01
1.250004e-01
1.250006e-01
1.250008e-01
1.250010e-01
1.250014e-01
1.250019e-01
1.250025e-01
1.250033e-01
1.250044e-01
1.250058e-01
1.250076e-01
1.250100e-01
1.250131e-01
1.250171e-01
1.250222e-01
1.250289e-01
1.250375e-01
1.250485e-01
1.250626e-01
1.250806e-01
1.251036e-01
1.251327e-01
1.251697e-01
1.252164e-01
1.252755e-01
1.253500e-01
1.254439e-01
1.255618e-01
1.257100e-01
1.258958e-01
1.261287e-01
1.264205e-01
1.267859e-01
1.272433e-01
1.278159e-01
1.285327e-01
1.294303e-01
1.305540e-01
1.319601e-01
1.337174e-01
1.359084e-01
1.386294e-01
1.419880e-01
1.460973e-01
1.510662e-01
1.569849e-01
1.639094e-01
1.718466e-01
1.807456e-01
1.904990e-01
2.009532e-01
2.119279e-01
2.232401e-01
2.347166e-01
2.462136e-01
2.576214e-01
2.688658e-01
2.799053e-01
2.907193e-01
3.013096e-01
3.116937e-01
3.218896e-01
3.319284e-01
3.418552e-01
3.516971e-01
3.615177e-01
3.713714e-01
3.813276e-01
3.914756e-01
4.018865e-01
4.126839e-01
4.239437e-01
4.357751e-01
4.483008e-01
4.615321e-01
4.756308e-01
4.905777e-01
