5.188996e-01
5.437369e-01
5.700597e-01
5.978672e-01
6.268927e-01
6.570055e-01
6.878735e-01
7.192311e-01
7.507233e-01
7.819138e-01
8.123961e-01
8.417012e-01
8.693156e-01
8.947769e-01
9.176441e-01
9.375579e-01
9.543010e-01
9.678253e-01
9.782720e-01
9.859528e-01
9.913137e-01
9.948581e-01
9.970782e-01
9.983985e-01
9.991476e-01
9.995558e-01
9.997714e-01
9.998829e-01
9.999398e-01
9.999688e-01
9.999837e-01
9.999913e-01
9.999953e-01
9.999975e-01
9.999986e-01
9.999992e-01
9.999996e-01
9.999998e-01
9.999999e-01
9.999999e-01
1.000000e+00
1.000000e+00
1.000000e+00
1.000000e+00
1.000000e+00
1.000000e+00
1.000000e+00
1.000000e+00
1.000000e+00
1.000000e+00
1.000000e+00
1.000000e+00
1.000000e+00
1.000000e+00
1.000000e+00
1.000000e+00
1.000000e+00
1.000000e+00
1.000000e+00
1.000000e+00
1.000000e+00
1.000000e+00
1.000000e+00
1.000000e+00
1.000000e+00
1.000000e+00
1.000000e+00
1.000000e+00
1.000000e+00
1.000000e+00
1.000000e+00
1.000000e+00
1.000000e+00
1.000000e+00
1.000000e+00
1.000000e+00
1.000000e+00
1.000000e+00
1.000000e+00
1.000000e+00
1.000000e+00
1.000000e+00
1.000000e+00
1.000000e+00
1.000000e+00
1.000000e+00
1.000000e+00
1.000000e+00
1.000000e+00
1.000000e+00
1.000000e+00
1.000000e+00
1.000000e+00
1.000000e+00
1.000000e+00
1.000000e+00
1.000000e+00
1.000000e+00
1.000000e+00
1.000000e+00
1.000000e+00
1.000000e+00
1.000000e+00
1.000000e+00
1.000000e+00
1.000000e+00
1.000000e+00
1.000000e+00
1.000000e+00
1.000000e+00
1.000000e+00
1.000000e+00
1.000000e+00
1.000000e+00
1.000000e+00
1.000000e+00
1.000000e+00
1.000000e+00
1.000000e+00
1.000000e+00
1.000000e+00
1.000000e+00
1.000000e+00
1.000000e+00
1.000000e+00
1.000000e+00
1.000000e+00
1.000000e+00
1.000000e+00
1.000000e+00
1.000000e+00
1.000000e+00
1.000000e+00
1.000000e+00
1.000000e+00
1.000000e+00
1.000000e+00
1.000000e+00
1.000000e+00
1.000000e+00
1.000000e+00
1.000000e+00
1.000000e+00
1.000000e+00
1.000000e+00
1.000000e+00
1.000000e+00
1.000000e+00
1.000000e+00
1.000000e+00
1.000000e+00
1.000000e+00
1.000000e+00
1.000000e+00
1.000000e+00
1.000000e+00
1.000000e+00
1.000000e+00
1.000000e+00
1.000000e+00
1.000000e+00
1.000000e+00
1.000000e+00
1.000000e+00
1.000000e+00
1.000000e+00
1.000000e+00
1.000000e+00
1.000000e+00
1.000000e+00
1.000000e+00
1.000000e+00
1.000000e+00
1.000000e+00
1.000000e+00
1.000000e+00
1.000000e+00
1.000000e+00
1.000000e+00
1.000000e+00
1.000000e+00
1.000000e+00
1.000000e+00
1.000000e+00
1.000000e+00
1.000000e+00
1.000000e+00
1.000000e+00
1.000000e+00
1.000000e+00
1.000000e+00
1.000000e+00
1.000000e+00
1.000000e+00
1.000000e+00
1.000000e+00
1.000000e+00
1.000000e+00
1.000000e+00
1.000000e+00
1.000000e+00
1.000000e+00
1.000000e+00
1.000000e+00
1.000000e+00
1.000000e+00
1.000000e+00
1.000000e+00
1.000000e+00
1.000000e+00
1.000000e+00
1.000000e+00
1.000000e+00
1.000000e+00
1.000000e+00
9.999999e-01
9.999999e-01
9.999998e-01
9.999997e-01
9.999994e-01
9.999990e-01
9.999981e-01
9.999966e-01
9.999937e-01
9.999883e-01
9.999781e-01
9.999588e-01
9.999220e-01
9.998524e-01
9.997212e-01
9.994772e-01
9.990324e-01
9.982422e-01
9.968844e-01
9.946418e-01
9.911008e-01
9.857738e-01
9.781520e-01
9.677757e-01
9.543140e-01
9.376104e-01
9.177027e-01
8.948095e-01
8.692942e-01
8.416076e-01
8.122246e-01
7.816684e-01
7.504169e-01
7.188832e-01
6.875059e-01
6.566380e-01
6.265504e-01
5.975619e-01
5.698088e-01
5.435393e-01
5.187922e-01
4.956578e-01
4.741331e-01
4.541253e-01
4.354056e-01
4.178716e-01
4.012754e-01
3.853951e-01
3.700210e-01
3.549387e-01
3.399742e-01
3.249788e-01
3.098374e-01
2.944944e-01
2.789359e-01
2.632195e-01
2.474667e-01
2.318675e-01
2.166789e-01
2.022038e-01
1.887562e-01
1.766234e-01
1.660189e-01
1.570417e-01
1.496689e-01
1.437754e-01
1.391683e-01
1.356274e-01
1.329384e-01
1.309120e-01
1.293923e-01
1.282558e-01
1.274076e-01
1.267755e-01
1.263055e-01
1.259565e-01
1.256983e-01
1.255076e-01
1.253675e-01
1.252646e-01
1.251898e-01
1.251353e-01
1.250960e-01
1.250678e-01
1.250476e-01
1.250332e-01
1.250230e-01
1.250159e-01
1.250109e-01
1.250075e-01
1.250050e-01
1.250034e-01
1.250023e-01
1.250015e-01
1.250010e-01
1.250007e-01
1.250004e-01
1.250003e-01
1.250002e-01
1.250001e-01
1.250001e-01
1.250000e-01
1.250000e-01
1.250000e-01
1.250000e-01
1.250000e-01
1.250000e-01
1.250000e-01
1.250000e-01
1.250000e-01
1.250000e-01
1.250000e-01
1.250000e-01
1.250000e-01
1.250000e-01
1.250000e-01
1.250000e-01
1.250000e-01
1.250000e-01
1.250000e-01
1.250000e-01
1.250000e-01
1.250000e-01
1.250000e-01
1.250000e-01
1.250000e-01
1.250000e-01
1.250000e-01
1.250000e-01
1.250000e-01
1.250000e-01
1.250000e-01
1.250000e-01
1.250000e-01
1.250000e-01
1.250000e-01
1.250000e-01
1.250000e-01
1.250000e-01
1.250000e-01
1.250000e-01
1.250000e-01
1.250000e-01
1.250000e-01
1.250000e-01
1.250000e-01
1.250000e-01
1.250000e-01
1.250000e-01
1.250000e-01
1.250000e-01
1.250000e-01
1.250000e-01
1.250000e-01
1.250000e-01
1.250000e-01
1.250000e-01
1.250000e-01
1.250000e-01
1.250000e-01
1.250000e-01
1.250000e-01
1.250000e-01
1.250000e-01
1.250000e-01
1.250000e-01
1.250000e-01
1.250000e-01
1.250000e-01
1.250000e-01
1.250000e-01
1.250000e-01
1.250000e-01
1.250000e-01
1.250000e-01
1.250000e-01
1.250000e-01
1.250000e-01
1.250000e-01
1.250000e-01
1.250000e-01
1.250000e-01
1.250000e-01
1.250000e-01
1.250000e-01
1.250000e-01
1.250000e-01
1.250000e-01
1.250000e-01
1.250000e-01
1.250000e-01
1.250000e-01
1.250000e-01
1.250000e-01
1.250000e-01
1.250000e-01
1.250000e-01
1.250000e-01
1.250000e-01
1.250000e-01
1.250000e-01
1.250000e-01
1.250000e-01
1.250000e-01
1.250000e-01
1.250000e-01
1.250000e-01
1.250000e-01
1.250000e-01
1.250000e-01
1.250000e-01
1.250000e-01
1.250000e-01
1.250000e-01
1.250000e-01
1.250000e-01
1.250000e-01
1.250000e-01
1.250000e-01
1.250000e-01
1.250000e-01
1.250000e-01
1.250000e-01
1.250000e-01
1.250000e-01
1.250000e-01
1.250000e-01
1.250000e-01
1.250000e-01
1.250000e-01
1.250000e-01
1.250000e-01
1.250000e-01
1.250000e-01
1.250000e-01
1.250000e-01
1.250001e-01
1.250001e-01
1.250001e-01
1.250002e-01
1.250003e-01
1.250005e-01
1.250007e-01
1.250011e-01
1.250016e-01
1.250024e-01
1.250036e-01
1.250053e-01
1.250078e-01
1.250113e-01
1.250165e-01
1.250237e-01
1.250341e-01
1.250487e-01
1.250691e-01
1.250977e-01
1.251374e-01
1.251923e-01
1.252678e-01
1.253713e-01
1.255125e-01
1.257044e-01
1.259643e-01
1.263152e-01
1.267876e-01
1.274221e-01
1.282725e-01
1.294099e-01
1.309277e-01
1.329472e-01
1.356211e-01
1.391355e-01
1.437027e-01
1.495436e-01
1.568562e-01
1.657747e-01
1.763307e-01
1.884314e-01
2.018682e-01
2.163541e-01
2.315683e-01
2.471988e-01
2.629842e-01
2.787299e-01
2.943073e-01
3.096639e-01
3.248117e-01
3.398085e-01
3.547708e-01
3.698521e-01
3.852310e-01
4.011234e-01
4.177333e-01
4.352966e-01
4.540639e-01
4.741284e-01
4.957268e-01
