5.032264e-01
5.182990e-01
5.341626e-01
5.508359e-01
5.682892e-01
5.865064e-01
6.054024e-01
6.249609e-01
6.451004e-01
6.657647e-01
6.868450e-01
7.082669e-01
7.299214e-01
7.516954e-01
7.734438e-01
7.950364e-01
8.163118e-01
8.370978e-01
8.572170e-01
8.764671e-01
8.946626e-01
9.116129e-01
9.271447e-01
9.411141e-01
9.534117e-01
9.639868e-01
9.728456e-01
9.800578e-01
9.857517e-01
9.901034e-01
9.933184e-01
9.956134e-01
9.971964e-01
9.982524e-01
9.989349e-01
9.993632e-01
9.996252e-01
9.997820e-01
9.998741e-01
9.999276e-01
9.999584e-01
9.999760e-01
9.999861e-01
9.999919e-01
9.999952e-01
9.999972e-01
9.999983e-01
9.999990e-01
9.999994e-01
9.999996e-01
9.999998e-01
9.999999e-01
9.999999e-01
9.999999e-01
1.000000e+00
1.000000e+00
1.000000e+00
1.000000e+00
1.000000e+00
1.000000e+00
1.000000e+00
1.000000e+00
1.000000e+00
1.000000e+00
1.000000e+00
1.000000e+00
1.000000e+00
1.000000e+00
1.000000e+00
1.000000e+00
1.000000e+00
1.000000e+00
1.000000e+00
1.000000e+00
1.000000e+00
1.000000e+00
1.000000e+00
1.000000e+00
1.000000e+00
1.000000e+00
1.000000e+00
1.000000e+00
1.000000e+00
1.000000e+00
1.000000e+00
1.000000e+00
1.000000e+00
1.000000e+00
1.000000e+00
1.000000e+00
1.000000e+00
1.000000e+00
1.000000e+00
1.000000e+00
1.000000e+00
1.000000e+00
1.000000e+00
1.000000e+00
1.000000e+00
1.000000e+00
1.000000e+00
1.000000e+00
1.000000e+00
1.000000e+00
1.000000e+00
1.000000e+00
1.000000e+00
1.000000e+00
1.000000e+00
1.000000e+00
1.000000e+00
1.000000e+00
1.000000e+00
1.000000e+00
1.000000e+00
1.000000e+00
1.000000e+00
1.000000e+00
1.000000e+00
1.000000e+00
1.000000e+00
1.000000e+00
1.000000e+00
1.000000e+00
1.000000e+00
1.000000e+00
1.000000e+00
1.000000e+00
1.000000e+00
1.000000e+00
1.000000e+00
1.000000e+00
1.000000e+00
1.000000e+00
1.000000e+00
1.000000e+00
1.000000e+00
1.000000e+00
1.000000e+00
1.000000e+00
1.000000e+00
1.000000e+00
1.000000e+00
1.000000e+00
1.000000e+00
1.000000e+00
1.000000e+00
1.000000e+00
1.000000e+00
1.000000e+00
1.000000e+00
1.000000e+00
1.000000e+00
1.000000e+00
1.000000e+00
1.000000e+00
1.000000e+00
1.000000e+00
1.000000e+00
1.000000e+00
1.000000e+00
1.000000e+00
1.000000e+00
1.000000e+00
1.000000e+00
1.000000e+00
1.000000e+00
1.000000e+00
1.000000e+00
1.000000e+00
1.000000e+00
1.000000e+00
1.000000e+00
1.000000e+00
1.000000e+00
1.000000e+00
1.000000e+00
1.000000e+00
1.000000e+00
1.000000e+00
1.000000e+00
1.000000e+00
1.000000e+00
1.000000e+00
1.000000e+00
1.000000e+00
1.000000e+00
1.000000e+00
1.000000e+00
1.000000e+00
1.000000e+00
1.000000e+00
1.000000e+00
1.000000e+00
1.000000e+00
1.000000e+00
1.000000e+00
1.000000e+00
1.000000e+00
1.000000e+00
1.000000e+00
1.000000e+00
9.999999e-01
9.999999e-01
9.999998e-01
9.999997e-01
9.999995e-01
9.999992e-01
9.999987e-01
9.999978e-01
9.999963e-01
9.999938e-01
9.999896e-01
9.999822e-01
9.999697e-01
9.999482e-01
9.999115e-01
9.998494e-01
9.997450e-01
9.995720e-01
9.992896e-01
9.988377e-01
9.981307e-01
9.970524e-01
9.954533e-01
9.931526e-01
9.899449e-01
9.856140e-01
9.799522e-01
9.727790e-01
9.639599e-01
9.534195e-01
9.411464e-01
9.271889e-01
9.116549e-01
8.946895e-01
8.764679e-01
8.571832e-01
8.370245e-01
8.161967e-01
7.948807e-01
7.732509e-01
7.514698e-01
7.296706e-01
7.079973e-01
6.865646e-01
6.654814e-01
6.448209e-01
6.246906e-01
6.051499e-01
5.862745e-01
5.680830e-01
5.506563e-01
5.340144e-01
5.181821e-01
5.031492e-01
4.889207e-01
4.754979e-01
4.628125e-01
4.508538e-01
4.395503e-01
4.288146e-01
4.186157e-01
4.088206e-01
3.993894e-01
3.902337e-01
3.812626e-01
3.724247e-01
3.636453e-01
3.548915e-01
3.461031e-01
3.372618e-01
3.283269e-01
3.192816e-01
3.100997e-01
3.007577e-01
2.912389e-01
2.815237e-01
2.716013e-01
2.614709e-01
2.511523e-01
2.406831e-01
2.301301e-01
2.195898e-01
2.091877e-01
1.990714e-01
1.893995e-01
1.803284e-01
1.719913e-01
1.644859e-01
1.578653e-01
1.521353e-01
1.472599e-01
1.431712e-01
1.397821e-01
1.369978e-01
1.347247e-01
1.328769e-01
1.313786e-01
1.301650e-01
1.291829e-01
1.283877e-01
1.277434e-01
1.272217e-01
1.267987e-01
1.264553e-01
1.261773e-01
1.259515e-01
1.257680e-01
1.256199e-01
1.254994e-01
1.254017e-01
1.253231e-01
1.252591e-01
1.252075e-01
1.251662e-01
1.251325e-01
1.251056e-01
1.250842e-01
1.250667e-01
1.250529e-01
1.250419e-01
1.250330e-01
1.250260e-01
1.250204e-01
1.250160e-01
1.250125e-01
1.250098e-01
1.250076e-01
1.250059e-01
1.250046e-01
1.250035e-01
1.250027e-01
1.250021e-01
1.250016e-01
1.250012e-01
1.250009e-01
1.250007e-01
1.250005e-01
1.250004e-01
1.250003e-01
1.250002e-01
1.250002e-01
1.250001e-01
1.250001e-01
1.250001e-01
1.250001e-01
1.250000e-01
1.250000e-01
1.250000e-01
1.250000e-01
1.250000e-01
1.250000e-01
1.250000e-01
1.250000e-01
1.250000e-01
1.250000e-01
1.250000e-01
1.250000e-01
1.250000e-01
1.250000e-01
1.250000e-01
1.250000e-01
1.250000e-01
1.250000e-01
1.250000e-01
1.250000e-01
1.250000e-01
1.250000e-01
1.250000e-01
1.250000e-01
1.250000e-01
1.250000e-01
1.250000e-01
1.250000e-01
1.250000e-01
1.250000e-01
1.250000e-01
1.250000e-01
1.250000e-01
1.250000e-01
1.250000e-01
1.250000e-01
1.250000e-01
1.250000e-01
1.250000e-01
1.250000e-01
1.250000e-01
1.250000e-01
1.250000e-01
1.250000e-01
1.250000e-01
1.250000e-01
1.250000e-01
1.250000e-01
1.250000e-01
1.250000e-01
1.250000e-01
1.250000e-01
1.250000e-01
1.250000e-01
1.250000e-01
1.250000e-01
1.250000e-01
1.250000e-01
1.250000e-01
1.250000e-01
1.250000e-01
1.250000e-01
1.250000e-01
1.250000e-01
1.250000e-01
1.250000e-01
1.250000e-01
1.250000e-01
1.250000e-01
1.250000e-01
1.250000e-01
1.250000e-01
1.250000e-01
1.250000e-01
1.250001e-01
1.250001e-01
1.250001e-01
1.250001e-01
1.250002e-01
1.250002e-01
1.250003e-01
1.250004e-01
1.250006e-01
1.250007e-01
1.250010e-01
1.250013e-01
1.250016e-01
1.250021e-01
1.250028e-01
1.250036e-01
1.250046e-01
1.250060e-01
1.250077e-01
1.250099e-01
1.250126e-01
1.250161e-01
1.250206e-01
1.250262e-01
1.250332e-01
1.250420e-01
1.250532e-01
1.250670e-01
1.250844e-01
1.251061e-01
1.251331e-01
1.251667e-01
1.252084e-01
1.252600e-01
1.253241e-01
1.254033e-01
1.255011e-01
1.256219e-01
1.257710e-01
1.259548e-01
1.261813e-01
1.264605e-01
1.268045e-01
1.272286e-01
1.277515e-01
1.283962e-01
1.291919e-01
1.301738e-01
1.313856e-01
1.328804e-01
1.347216e-01
1.369840e-01
1.397526e-01
1.431198e-01
1.471805e-01
1.520226e-01
1.577164e-01
1.643012e-01
1.717753e-01
1.800892e-01
1.891471e-01
1.988155e-01
2.089381e-01
2.193548e-01
2.299148e-01
2.404895e-01
2.509797e-01
2.613169e-01
2.714625e-01
2.813972e-01
2.911211e-01
3.006450e-01
3.099886e-01
3.191701e-01
3.282150e-01
3.371451e-01
3.459827e-01
3.547672e-01
3.635169e-01
3.722937e-01
3.811303e-01
3.901038e-01
3.992662e-01
4.087026e-01
4.185120e-01
4.287262e-01
4.394876e-01
4.508159e-01
4.628027e-01
4.755211e-01
4.889733e-01
