5.124889e-01
5.329823e-01
5.546133e-01
5.774576e-01
6.013661e-01
6.262686e-01
6.520091e-01
6.784318e-01
7.053565e-01
7.325599e-01
7.598197e-01
7.868410e-01
8.133513e-01
8.390302e-01
8.635325e-01
8.865234e-01
9.076755e-01
9.266981e-01
9.433568e-01
9.575167e-01
9.691538e-01
9.783666e-01
9.853696e-01
9.904666e-01
9.940137e-01
9.963725e-01
9.978728e-01
9.987878e-01
9.993252e-01
9.996307e-01
9.998001e-01
9.998923e-01
9.999419e-01
9.999685e-01
9.999828e-01
9.999905e-01
9.999947e-01
9.999970e-01
9.999983e-01
9.999990e-01
9.999994e-01
9.999997e-01
9.999998e-01
9.999999e-01
9.999999e-01
1.000000e+00
1.000000e+00
1.000000e+00
1.000000e+00
1.000000e+00
1.000000e+00
1.000000e+00
1.000000e+00
1.000000e+00
1.000000e+00
1.000000e+00
1.000000e+00
1.000000e+00
1.000000e+00
1.000000e+00
1.000000e+00
1.000000e+00
1.000000e+00
1.000000e+00
1.000000e+00
1.000000e+00
1.000000e+00
1.000000e+00
1.000000e+00
1.000000e+00
1.000000e+00
1.000000e+00
1.000000e+00
1.000000e+00
1.000000e+00
1.000000e+00
1.000000e+00
1.000000e+00
1.000000e+00
1.000000e+00
1.000000e+00
1.000000e+00
1.000000e+00
1.000000e+00
1.000000e+00
1.000000e+00
1.000000e+00
1.000000e+00
1.000000e+00
1.000000e+00
1.000000e+00
1.000000e+00
1.000000e+00
1.000000e+00
1.000000e+00
1.000000e+00
1.000000e+00
1.000000e+00
1.000000e+00
1.000000e+00
1.000000e+00
1.000000e+00
1.000000e+00
1.000000e+00
1.000000e+00
1.000000e+00
1.000000e+00
1.000000e+00
1.000000e+00
1.000000e+00
1.000000e+00
1.000000e+00
1.000000e+00
1.000000e+00
1.000000e+00
1.000000e+00
1.000000e+00
1.000000e+00
1.000000e+00
1.000000e+00
1.000000e+00
1.000000e+00
1.000000e+00
1.000000e+00
1.000000e+00
1.000000e+00
1.000000e+00
1.000000e+00
1.000000e+00
1.000000e+00
1.000000e+00
1.000000e+00
1.000000e+00
1.000000e+00
1.000000e+00
1.000000e+00
1.000000e+00
1.000000e+00
1.000000e+00
1.000000e+00
1.000000e+00
1.000000e+00
1.000000e+00
1.000000e+00
1.000000e+00
1.000000e+00
1.000000e+00
1.000000e+00
1.000000e+00
1.000000e+00
1.000000e+00
1.000000e+00
1.000000e+00
1.000000e+00
1.000000e+00
1.000000e+00
1.000000e+00
1.000000e+00
1.000000e+00
1.000000e+00
1.000000e+00
1.000000e+00
1.000000e+00
1.000000e+00
1.000000e+00
1.000000e+00
1.000000e+00
1.000000e+00
1.000000e+00
1.000000e+00
1.000000e+00
1.000000e+00
1.000000e+00
1.000000e+00
1.000000e+00
1.000000e+00
1.000000e+00
1.000000e+00
1.000000e+00
1.000000e+00
1.000000e+00
1.000000e+00
1.000000e+00
1.000000e+00
1.000000e+00
1.000000e+00
1.000000e+00
1.000000e+00
1.000000e+00
1.000000e+00
1.000000e+00
1.000000e+00
1.000000e+00
1.000000e+00
1.000000e+00
1.000000e+00
1.000000e+00
1.000000e+00
1.000000e+00
1.000000e+00
1.000000e+00
1.000000e+00
1.000000e+00
1.000000e+00
1.000000e+00
1.000000e+00
1.000000e+00
1.000000e+00
1.000000e+00
1.000000e+00
9.999999e-01
9.999999e-01
9.999998e-01
9.999997e-01
9.999996e-01
9.999992e-01
9.999987e-01
9.999977e-01
9.999960e-01
9.999930e-01
9.999874e-01
9.999774e-01
9.999593e-01
9.999263e-01
9.998666e-01
9.997592e-01
9.995683e-01
9.992347e-01
9.986646e-01
9.977163e-01
9.961891e-01
9.938177e-01
9.902784e-01
9.852116e-01
9.782565e-01
9.691005e-01
9.575163e-01
9.433948e-01
9.267523e-01
9.077224e-01
8.865404e-01
8.635026e-01
8.389417e-01
8.132015e-01
7.866320e-01
7.595596e-01
7.322602e-01
7.050306e-01
6.780970e-01
6.516768e-01
6.259525e-01
6.010815e-01
5.772053e-01
5.544095e-01
5.328217e-01
5.123930e-01
4.932111e-01
4.752590e-01
4.584524e-01
4.427105e-01
4.278890e-01
4.138834e-01
4.005290e-01
3.876841e-01
3.752155e-01
3.629748e-01
3.508500e-01
3.387280e-01
3.265167e-01
3.141488e-01
3.015748e-01
2.887701e-01
2.757271e-01
2.624804e-01
2.491012e-01
2.357025e-01
2.224458e-01
2.095359e-01
1.972051e-01
1.856894e-01
1.752048e-01
1.659099e-01
1.578857e-01
1.511313e-01
1.455733e-01
1.410855e-01
1.375154e-01
1.347058e-01
1.325110e-01
1.308040e-01
1.294801e-01
1.284545e-01
1.276606e-01
1.270466e-01
1.265716e-01
1.262049e-01
1.259215e-01
1.257034e-01
1.255353e-01
1.254064e-01
1.253075e-01
1.252320e-01
1.251745e-01
1.251306e-01
1.250976e-01
1.250725e-01
1.250538e-01
1.250397e-01
1.250292e-01
1.250214e-01
1.250156e-01
1.250114e-01
1.250082e-01
1.250059e-01
1.250042e-01
1.250030e-01
1.250022e-01
1.250015e-01
1.250011e-01
1.250008e-01
1.250005e-01
1.250004e-01
1.250003e-01
1.250002e-01
1.250001e-01
1.250001e-01
1.250001e-01
1.250000e-01
1.250000e-01
1.250000e-01
1.250000e-01
1.250000e-01
1.250000e-01
1.250000e-01
1.250000e-01
1.250000e-01
1.250000e-01
1.250000e-01
1.250000e-01
1.250000e-01
1.250000e-01
1.250000e-01
1.250000e-01
1.250000e-01
1.250000e-01
1.250000e-01
1.250000e-01
1.250000e-01
1.250000e-01
1.250000e-01
1.250000e-01
1.250000e-01
1.250000e-01
1.250000e-01
1.250000e-01
1.250000e-01
1.250000e-01
1.250000e-01
1.250000e-01
1.250000e-01
1.250000e-01
1.250000e-01
1.250000e-01
1.250000e-01
1.250000e-01
1.250000e-01
1.250000e-01
1.250000e-01
1.250000e-01
1.250000e-01
1.250000e-01
1.250000e-01
1.250000e-01
1.250000e-01
1.250000e-01
1.250000e-01
1.250000e-01
1.250000e-01
1.250000e-01
1.250000e-01
1.250000e-01
1.250000e-01
1.250000e-01
1.250000e-01
1.250000e-01
1.250000e-01
1.250000e-01
1.250000e-01
1.250000e-01
1.250000e-01
1.250000e-01
1.250000e-01
1.250000e-01
1.250000e-01
1.250000e-01
1.250000e-01
1.250000e-01
1.250000e-01
1.250000e-01
1.250000e-01
1.250000e-01
1.250000e-01
1.250000e-01
1.250000e-01
1.250000e-01
1.250000e-01
1.250000e-01
1.250000e-01
1.250000e-01
1.250000e-01
1.250000e-01
1.250000e-01
1.250000e-01
1.250000e-01
1.250000e-01
1.250000e-01
1.250000e-01
1.250000e-01
1.250000e-01
1.250000e-01
1.250000e-01
1.250000e-01
1.250000e-01
1.250000e-01
1.250000e-01
1.250000e-01
1.250000e-01
1.250000e-01
1.250000e-01
1.250000e-01
1.250000e-01
1.250000e-01
1.250000e-01
1.250000e-01
1.250000e-01
1.250000e-01
1.250000e-01
1.250000e-01
1.250000e-01
1.250000e-01
1.250000e-01
1.250001e-01
1.250001e-01
1.250001e-01
1.250002e-01
1.250003e-01
1.250004e-01
1.250006e-01
1.250008e-01
1.250011e-01
1.250016e-01
1.250023e-01
1.250031e-01
1.250044e-01
1.250061e-01
1.250084e-01
1.250116e-01
1.250159e-01
1.250218e-01
1.250297e-01
1.250403e-01
1.250545e-01
1.250734e-01
1.250985e-01
1.251319e-01
1.251758e-01
1.252337e-01
1.253096e-01
1.254090e-01
1.255386e-01
1.257075e-01
1.259268e-01
1.262113e-01
1.265798e-01
1.270563e-01
1.276722e-01
1.284674e-01
1.294935e-01
1.308162e-01
1.325186e-01
1.347040e-01
1.374969e-01
1.410412e-01
1.454932e-01
1.510068e-01
1.577117e-01
1.656882e-01
1.749438e-01
1.854017e-01
1.969051e-01
2.092399e-01
2.221669e-01
2.354484e-01
2.488747e-01
2.622801e-01
2.755486e-01
2.886081e-01
3.014248e-01
3.140044e-01
3.263728e-01
3.385833e-01
3.507044e-01
3.628275e-01
3.750622e-01
3.875282e-01
4.003843e-01
4.137499e-01
4.277822e-01
4.426331e-01
4.584163e-01
4.752689e-01
4.932728e-01
