5.132782e-01
5.342868e-01
5.564695e-01
5.799000e-01
6.044082e-01
6.299369e-01
6.563085e-01
6.833377e-01
7.108499e-01
7.385968e-01
7.663192e-01
7.937263e-01
8.205048e-01
8.463221e-01
8.708043e-01
8.936115e-01
9.144065e-01
9.329085e-01
9.489032e-01
9.622969e-01
9.731144e-01
9.815121e-01
9.877561e-01
9.921946e-01
9.952064e-01
9.971580e-01
9.983674e-01
9.990868e-01
9.994996e-01
9.997296e-01
9.998550e-01
9.999223e-01
9.999582e-01
9.999774e-01
9.999876e-01
9.999931e-01
9.999962e-01
9.999978e-01
9.999988e-01
9.999993e-01
9.999996e-01
9.999998e-01
9.999999e-01
9.999999e-01
9.999999e-01
1.000000e+00
1.000000e+00
1.000000e+00
1.000000e+00
1.000000e+00
1.000000e+00
1.000000e+00
1.000000e+00
1.000000e+00
1.000000e+00
1.000000e+00
1.000000e+00
1.000000e+00
1.000000e+00
1.000000e+00
1.000000e+00
1.000000e+00
1.000000e+00
1.000000e+00
1.000000e+00
1.000000e+00
1.000000e+00
1.000000e+00
1.000000e+00
1.000000e+00
1.000000e+00
1.000000e+00
1.000000e+00
1.000000e+00
1.000000e+00
1.000000e+00
1.000000e+00
1.000000e+00
1.000000e+00
1.000000e+00
1.000000e+00
1.000000e+00
1.000000e+00
1.000000e+00
1.000000e+00
1.000000e+00
1.000000e+00
1.000000e+00
1.000000e+00
1.000000e+00
1.000000e+00
1.000000e+00
1.000000e+00
1.000000e+00
1.000000e+00
1.000000e+00
1.000000e+00
1.000000e+00
1.000000e+00
1.000000e+00
1.000000e+00
1.000000e+00
1.000000e+00
1.000000e+00
1.000000e+00
1.000000e+00
1.000000e+00
1.000000e+00
1.000000e+00
1.000000e+00
1.000000e+00
1.000000e+00
1.000000e+00
1.000000e+00
1.000000e+00
1.000000e+00
1.000000e+00
1.000000e+00
1.000000e+00
1.000000e+00
1.000000e+00
1.000000e+00
1.000000e+00
1.000000e+00
1.000000e+00
1.000000e+00
1.000000e+00
1.000000e+00
1.000000e+00
1.000000e+00
1.000000e+00
1.000000e+00
1.000000e+00
1.000000e+00
1.000000e+00
1.000000e+00
1.000000e+00
1.000000e+00
1.000000e+00
1.000000e+00
1.000000e+00
1.000000e+00
1.000000e+00
1.000000e+00
1.000000e+00
1.000000e+00
1.000000e+00
1.000000e+00
1.000000e+00
1.000000e+00
1.000000e+00
1.000000e+00
1.000000e+00
1.000000e+00
1.000000e+00
1.000000e+00
1.000000e+00
1.000000e+00
1.000000e+00
1.000000e+00
1.000000e+00
1.000000e+00
1.000000e+00
1.000000e+00
1.000000e+00
1.000000e+00
1.000000e+00
1.000000e+00
1.000000e+00
1.000000e+00
1.000000e+00
1.000000e+00
1.000000e+00
1.000000e+00
1.000000e+00
1.000000e+00
1.000000e+00
1.000000e+00
1.000000e+00
1.000000e+00
1.000000e+00
1.000000e+00
1.000000e+00
1.000000e+00
1.000000e+00
1.000000e+00
1.000000e+00
1.000000e+00
1.000000e+00
1.000000e+00
1.000000e+00
1.000000e+00
1.000000e+00
1.000000e+00
1.000000e+00
1.000000e+00
1.000000e+00
1.000000e+00
1.000000e+00
1.000000e+00
1.000000e+00
1.000000e+00
1.000000e+00
1.000000e+00
1.000000e+00
1.000000e+00
1.000000e+00
1.000000e+00
1.000000e+00
1.000000e+00
1.000000e+00
9.999999e-01
9.999999e-01
9.999998e-01
9.999997e-01
9.999995e-01
9.999991e-01
9.999984e-01
9.999971e-01
9.999949e-01
9.999909e-01
9.999837e-01
9.999705e-01
9.999463e-01
9.999023e-01
9.998223e-01
9.996783e-01
9.994228e-01
9.989784e-01
9.982244e-01
9.969833e-01
9.950112e-01
9.919976e-01
9.875804e-01
9.813789e-01
9.730375e-01
9.622773e-01
9.489297e-01
9.329605e-01
9.144592e-01
8.936405e-01
8.707899e-01
8.462501e-01
8.203698e-01
7.935285e-01
7.660670e-01
7.382998e-01
7.105242e-01
6.829994e-01
6.559705e-01
6.296141e-01
6.041166e-01
5.796407e-01
5.562602e-01
5.341220e-01
5.131810e-01
4.935349e-01
4.751621e-01
4.579770e-01
4.418824e-01
4.267406e-01
4.124240e-01
3.987793e-01
3.856378e-01
3.728742e-01
3.603313e-01
3.478845e-01
3.354174e-01
3.228498e-01
3.101046e-01
2.971436e-01
2.839436e-01
2.705166e-01
2.569165e-01
2.432363e-01
2.296191e-01
2.162565e-01
2.033782e-01
1.912294e-01
1.800478e-01
1.700291e-01
1.612943e-01
1.538790e-01
1.477365e-01
1.427549e-01
1.387831e-01
1.356566e-01
1.332173e-01
1.313250e-01
1.298620e-01
1.287331e-01
1.278627e-01
1.271923e-01
1.266759e-01
1.262790e-01
1.259736e-01
1.257396e-01
1.255601e-01
1.254231e-01
1.253185e-01
1.252389e-01
1.251787e-01
1.251331e-01
1.250989e-01
1.250730e-01
1.250539e-01
1.250395e-01
1.250289e-01
1.250210e-01
1.250152e-01
1.250110e-01
1.250079e-01
1.250056e-01
1.250040e-01
1.250029e-01
1.250020e-01
1.250014e-01
1.250010e-01
1.250007e-01
1.250005e-01
1.250003e-01
1.250002e-01
1.250002e-01
1.250001e-01
1.250001e-01
1.250000e-01
1.250000e-01
1.250000e-01
1.250000e-01
1.250000e-01
1.250000e-01
1.250000e-01
1.250000e-01
1.250000e-01
1.250000e-01
1.250000e-01
1.250000e-01
1.250000e-01
1.250000e-01
1.250000e-01
1.250000e-01
1.250000e-01
1.250000e-01
1.250000e-01
1.250000e-01
1.250000e-01
1.250000e-01
1.250000e-01
1.250000e-01
1.250000e-01
1.250000e-01
1.250000e-01
1.250000e-01
1.250000e-01
1.250000e-01
1.250000e-01
1.250000e-01
1.250000e-01
1.250000e-01
1.250000e-01
1.250000e-01
1.250000e-01
1.250000e-01
1.250000e-01
1.250000e-01
1.250000e-01
1.250000e-01
1.250000e-01
1.250000e-01
1.250000e-01
1.250000e-01
1.250000e-01
1.250000e-01
1.250000e-01
1.250000e-01
1.250000e-01
1.250000e-01
1.250000e-01
1.250000e-01
1.250000e-01
1.250000e-01
1.250000e-01
1.250000e-01
1.250000e-01
1.250000e-01
1.250000e-01
1.250000e-01
1.250000e-01
1.250000e-01
1.250000e-01
1.250000e-01
1.250000e-01
1.250000e-01
1.250000e-01
1.250000e-01
1.250000e-01
1.250000e-01
1.250000e-01
1.250000e-01
1.250000e-01
1.250000e-01
1.250000e-01
1.250000e-01
1.250000e-01
1.250000e-01
1.250000e-01
1.250000e-01
1.250000e-01
1.250000e-01
1.250000e-01
1.250000e-01
1.250000e-01
1.250000e-01
1.250000e-01
1.250000e-01
1.250000e-01
1.250000e-01
1.250000e-01
1.250000e-01
1.250000e-01
1.250000e-01
1.250000e-01
1.250000e-01
1.250000e-01
1.250000e-01
1.250000e-01
1.250000e-01
1.250000e-01
1.250000e-01
1.250000e-01
1.250000e-01
1.250000e-01
1.250000e-01
1.250000e-01
1.250000e-01
1.250000e-01
1.250000e-01
1.250000e-01
1.250000e-01
1.250000e-01
1.250000e-01
1.250000e-01
1.250001e-01
1.250001e-01
1.250001e-01
1.250002e-01
1.250002e-01
1.250004e-01
1.250005e-01
1.250007e-01
1.250010e-01
1.250015e-01
1.250021e-01
1.250030e-01
1.250042e-01
1.250058e-01
1.250081e-01
1.250113e-01
1.250155e-01
1.250214e-01
1.250293e-01
1.250401e-01
1.250545e-01
1.250739e-01
1.250999e-01
1.251344e-01
1.251802e-01
1.252409e-01
1.253208e-01
1.254259e-01
1.255638e-01
1.257441e-01
1.259794e-01
1.262860e-01
1.266848e-01
1.272028e-01
1.278751e-01
1.287466e-01
1.298757e-01
1.313365e-01
1.332226e-01
1.356496e-01
1.387556e-01
1.426968e-01
1.476376e-01
1.537316e-01
1.610960e-01
1.697849e-01
1.797690e-01
1.909299e-01
2.030739e-01
2.159635e-01
2.293489e-01
2.429929e-01
2.567009e-01
2.703264e-01
2.837727e-01
2.969858e-01
3.099554e-01
3.227031e-01
3.352702e-01
3.477363e-01
3.601839e-01
3.727201e-01
3.854814e-01
3.986307e-01
4.122853e-01
4.266302e-01
4.418007e-01
4.579393e-01
4.751704e-01
4.935975e-01
