5.148109e-01
5.368377e-01
5.601169e-01
5.847124e-01
6.104124e-01
6.371667e-01
6.647740e-01
6.929917e-01
7.216245e-01
7.503975e-01
7.789763e-01
8.070559e-01
8.342661e-01
8.602178e-01
8.845232e-01
9.068105e-01
9.267522e-01
9.440863e-01
9.586755e-01
9.705114e-01
9.797322e-01
9.866036e-01
9.914909e-01
9.948027e-01
9.969411e-01
9.982586e-01
9.990361e-01
9.994779e-01
9.997213e-01
9.998523e-01
9.999218e-01
9.999584e-01
9.999777e-01
9.999879e-01
9.999934e-01
9.999963e-01
9.999979e-01
9.999988e-01
9.999993e-01
9.999996e-01
9.999998e-01
9.999999e-01
9.999999e-01
1.000000e+00
1.000000e+00
1.000000e+00
1.000000e+00
1.000000e+00
1.000000e+00
1.000000e+00
1.000000e+00
1.000000e+00
1.000000e+00
1.000000e+00
1.000000e+00
1.000000e+00
1.000000e+00
1.000000e+00
1.000000e+00
1.000000e+00
1.000000e+00
1.000000e+00
1.000000e+00
1.000000e+00
1.000000e+00
1.000000e+00
1.000000e+00
1.000000e+00
1.000000e+00
1.000000e+00
1.000000e+00
1.000000e+00
1.000000e+00
1.000000e+00
1.000000e+00
1.000000e+00
1.000000e+00
1.000000e+00
1.000000e+00
1.000000e+00
1.000000e+00
1.000000e+00
1.000000e+00
1.000000e+00
1.000000e+00
1.000000e+00
1.000000e+00
1.000000e+00
1.000000e+00
1.000000e+00
1.000000e+00
1.000000e+00
1.000000e+00
1.000000e+00
1.000000e+00
1.000000e+00
1.000000e+00
1.000000e+00
1.000000e+00
1.000000e+00
1.000000e+00
1.000000e+00
1.000000e+00
1.000000e+00
1.000000e+00
1.000000e+00
1.000000e+00
1.000000e+00
1.000000e+00
1.000000e+00
1.000000e+00
1.000000e+00
1.000000e+00
1.000000e+00
1.000000e+00
1.000000e+00
1.000000e+00
1.000000e+00
1.000000e+00
1.000000e+00
1.000000e+00
1.000000e+00
1.000000e+00
1.000000e+00
1.000000e+00
1.000000e+00
1.000000e+00
1.000000e+00
1.000000e+00
1.000000e+00
1.000000e+00
1.000000e+00
1.000000e+00
1.000000e+00
1.000000e+00
1.000000e+00
1.000000e+00
1.000000e+00
1.000000e+00
1.000000e+00
1.000000e+00
1.000000e+00
1.000000e+00
1.000000e+00
1.000000e+00
1.000000e+00
1.000000e+00
1.000000e+00
1.000000e+00
1.000000e+00
1.000000e+00
1.000000e+00
1.000000e+00
1.000000e+00
1.000000e+00
1.000000e+00
1.000000e+00
1.000000e+00
1.000000e+00
1.000000e+00
1.000000e+00
1.000000e+00
1.000000e+00
1.000000e+00
1.000000e+00
1.000000e+00
1.000000e+00
1.000000e+00
1.000000e+00
1.000000e+00
1.000000e+00
1.000000e+00
1.000000e+00
1.000000e+00
1.000000e+00
1.000000e+00
1.000000e+00
1.000000e+00
1.000000e+00
1.000000e+00
1.000000e+00
1.000000e+00
1.000000e+00
1.000000e+00
1.000000e+00
1.000000e+00
1.000000e+00
1.000000e+00
1.000000e+00
1.000000e+00
1.000000e+00
1.000000e+00
1.000000e+00
1.000000e+00
1.000000e+00
1.000000e+00
1.000000e+00
1.000000e+00
1.000000e+00
1.000000e+00
1.000000e+00
1.000000e+00
1.000000e+00
1.000000e+00
1.000000e+00
1.000000e+00
1.000000e+00
1.000000e+00
1.000000e+00
1.000000e+00
1.000000e+00
1.000000e+00
9.999999e-01
9.999999e-01
9.999998e-01
9.999997e-01
9.999995e-01
9.999991e-01
9.999984e-01
9.999973e-01
9.999951e-01
9.999912e-01
9.999840e-01
9.999707e-01
9.999462e-01
9.999011e-01
9.998182e-01
9.996674e-01
9.993969e-01
9.989215e-01
9.981077e-01
9.967579e-01
9.946005e-01
9.912909e-01
9.864312e-01
9.796087e-01
9.704489e-01
9.586712e-01
9.441248e-01
9.268086e-01
9.068581e-01
8.845363e-01
8.601779e-01
8.341608e-01
8.068836e-01
7.787416e-01
7.501101e-01
7.213005e-01
6.926473e-01
6.644260e-01
6.368314e-01
6.101063e-01
5.844397e-01
5.598974e-01
5.366643e-01
5.147107e-01
4.941490e-01
4.749426e-01
4.570068e-01
4.402131e-01
4.244414e-01
4.095058e-01
3.952789e-01
3.815599e-01
3.682037e-01
3.550399e-01
3.419392e-01
3.287825e-01
3.154893e-01
3.019911e-01
2.882627e-01
2.743011e-01
2.601602e-01
2.459361e-01
2.317773e-01
2.178863e-01
2.045081e-01
1.919055e-01
1.803321e-01
1.699970e-01
1.610278e-01
1.534573e-01
1.472288e-01
1.422157e-01
1.382512e-01
1.351566e-01
1.327628e-01
1.309214e-01
1.295099e-01
1.284299e-01
1.276045e-01
1.269743e-01
1.264934e-01
1.261272e-01
1.258483e-01
1.256368e-01
1.254763e-01
1.253552e-01
1.252638e-01
1.251953e-01
1.251439e-01
1.251057e-01
1.250772e-01
1.250563e-01
1.250407e-01
1.250294e-01
1.250211e-01
1.250151e-01
1.250107e-01
1.250076e-01
1.250054e-01
1.250038e-01
1.250026e-01
1.250018e-01
1.250013e-01
1.250009e-01
1.250006e-01
1.250004e-01
1.250003e-01
1.250002e-01
1.250001e-01
1.250001e-01
1.250001e-01
1.250000e-01
1.250000e-01
1.250000e-01
1.250000e-01
1.250000e-01
1.250000e-01
1.250000e-01
1.250000e-01
1.250000e-01
1.250000e-01
1.250000e-01
1.250000e-01
1.250000e-01
1.250000e-01
1.250000e-01
1.250000e-01
1.250000e-01
1.250000e-01
1.250000e-01
1.250000e-01
1.250000e-01
1.250000e-01
1.250000e-01
1.250000e-01
1.250000e-01
1.250000e-01
1.250000e-01
1.250000e-01
1.250000e-01
1.250000e-01
1.250000e-01
1.250000e-01
1.250000e-01
1.250000e-01
1.250000e-01
1.250000e-01
1.250000e-01
1.250000e-01
1.250000e-01
1.250000e-01
1.250000e-01
1.250000e-01
1.250000e-01
1.250000e-01
1.250000e-01
1.250000e-01
1.250000e-01
1.250000e-01
1.250000e-01
1.250000e-01
1.250000e-01
1.250000e-01
1.250000e-01
1.250000e-01
1.250000e-01
1.250000e-01
1.250000e-01
1.250000e-01
1.250000e-01
1.250000e-01
1.250000e-01
1.250000e-01
1.250000e-01
1.250000e-01
1.250000e-01
1.250000e-01
1.250000e-01
1.250000e-01
1.250000e-01
1.250000e-01
1.250000e-01
1.250000e-01
1.250000e-01
1.250000e-01
1.250000e-01
1.250000e-01
1.250000e-01
1.250000e-01
1.250000e-01
1.250000e-01
1.250000e-01
1.250000e-01
1.250000e-01
1.250000e-01
1.250000e-01
1.250000e-01
1.250000e-01
1.250000e-01
1.250000e-01
1.250000e-01
1.250000e-01
1.250000e-01
1.250000e-01
1.250000e-01
1.250000e-01
1.250000e-01
1.250000e-01
1.250000e-01
1.250000e-01
1.250000e-01
1.250000e-01
1.250000e-01
1.250000e-01
1.250000e-01
1.250000e-01
1.250000e-01
1.250000e-01
1.250000e-01
1.250000e-01
1.250000e-01
1.250000e-01
1.250000e-01
1.250000e-01
1.250000e-01
1.250000e-01
1.250000e-01
1.250000e-01
1.250000e-01
1.250000e-01
1.250000e-01
1.250000e-01
1.250000e-01
1.250001e-01
1.250001e-01
1.250001e-01
1.250002e-01
1.250003e-01
1.250004e-01
1.250006e-01
1.250009e-01
1.250013e-01
1.250019e-01
1.250028e-01
1.250039e-01
1.250056e-01
1.250079e-01
1.250111e-01
1.250155e-01
1.250216e-01
1.250300e-01
1.250415e-01
1.250571e-01
1.250783e-01
1.251069e-01
1.251455e-01
1.251971e-01
1.252661e-01
1.253580e-01
1.254799e-01
1.256411e-01
1.258540e-01
1.261341e-01
1.265022e-01
1.269849e-01
1.276171e-01
1.284441e-01
1.295247e-01
1.309346e-01
1.327704e-01
1.351527e-01
1.382270e-01
1.421605e-01
1.471315e-01
1.533094e-01
1.608265e-01
1.697474e-01
1.800457e-01
1.915974e-01
2.041960e-01
2.175868e-01
2.315021e-01
2.456897e-01
2.599426e-01
2.741082e-01
2.880889e-01
3.018314e-01
3.153363e-01
3.286311e-01
3.417864e-01
3.548838e-01
3.680473e-01
3.814069e-01
3.951247e-01
4.093598e-01
4.243218e-01
4.401221e-01
4.569657e-01
4.749476e-01
4.942136e-01
