5.067172e-01
5.236990e-01
5.415990e-01
5.604600e-01
5.802060e-01
6.007840e-01
6.221466e-01
6.441930e-01
6.668493e-01
6.899712e-01
7.134597e-01
7.371575e-01
7.609171e-01
7.845441e-01
8.078567e-01
8.306375e-01
8.526652e-01
8.736880e-01
8.934747e-01
9.117916e-01
9.284283e-01
9.432169e-01
9.560410e-01
9.668632e-01
9.757228e-01
9.827398e-01
9.881047e-01
9.920562e-01
9.948582e-01
9.967703e-01
9.980272e-01
9.988246e-01
9.993143e-01
9.996066e-01
9.997769e-01
9.998744e-01
9.999295e-01
9.999603e-01
9.999776e-01
9.999872e-01
9.999927e-01
9.999958e-01
9.999975e-01
9.999985e-01
9.999991e-01
9.999995e-01
9.999997e-01
9.999998e-01
9.999999e-01
9.999999e-01
1.000000e+00
1.000000e+00
1.000000e+00
1.000000e+00
1.000000e+00
1.000000e+00
1.000000e+00
1.000000e+00
1.000000e+00
1.000000e+00
1.000000e+00
1.000000e+00
1.000000e+00
1.000000e+00
1.000000e+00
1.000000e+00
1.000000e+00
1.000000e+00
1.000000e+00
1.000000e+00
1.000000e+00
1.000000e+00
1.000000e+00
1.000000e+00
1.000000e+00
1.000000e+00
1.000000e+00
1.000000e+00
1.000000e+00
1.000000e+00
1.000000e+00
1.000000e+00
1.000000e+00
1.000000e+00
1.000000e+00
1.000000e+00
1.000000e+00
1.000000e+00
1.000000e+00
1.000000e+00
1.000000e+00
1.000000e+00
1.000000e+00
1.000000e+00
1.000000e+00
1.000000e+00
1.000000e+00
1.000000e+00
1.000000e+00
1.000000e+00
1.000000e+00
1.000000e+00
1.000000e+00
1.000000e+00
1.000000e+00
1.000000e+00
1.000000e+00
1.000000e+00
1.000000e+00
1.000000e+00
1.000000e+00
1.000000e+00
1.000000e+00
1.000000e+00
1.000000e+00
1.000000e+00
1.000000e+00
1.000000e+00
1.000000e+00
1.000000e+00
1.000000e+00
1.000000e+00
1.000000e+00
1.000000e+00
1.000000e+00
1.000000e+00
1.000000e+00
1.000000e+00
1.000000e+00
1.000000e+00
1.000000e+00
1.000000e+00
1.000000e+00
1.000000e+00
1.000000e+00
1.000000e+00
1.000000e+00
1.000000e+00
1.000000e+00
1.000000e+00
1.000000e+00
1.000000e+00
1.000000e+00
1.000000e+00
1.000000e+00
1.000000e+00
1.000000e+00
1.000000e+00
1.000000e+00
1.000000e+00
1.000000e+00
1.000000e+00
1.000000e+00
1.000000e+00
1.000000e+00
1.000000e+00
1.000000e+00
1.000000e+00
1.000000e+00
1.000000e+00
1.000000e+00
1.000000e+00
1.000000e+00
1.000000e+00
1.000000e+00
1.000000e+00
1.000000e+00
1.000000e+00
1.000000e+00
1.000000e+00
1.000000e+00
1.000000e+00
1.000000e+00
1.000000e+00
1.000000e+00
1.000000e+00
1.000000e+00
1.000000e+00
1.000000e+00
1.000000e+00
1.000000e+00
1.000000e+00
1.000000e+00
1.000000e+00
1.000000e+00
1.000000e+00
1.000000e+00
1.000000e+00
1.000000e+00
1.000000e+00
1.000000e+00
1.000000e+00
1.000000e+00
1.000000e+00
1.000000e+00
1.000000e+00
1.000000e+00
1.000000e+00
1.000000e+00
1.000000e+00
1.000000e+00
1.000000e+00
1.000000e+00
1.000000e+00
1.000000e+00
9.999999e-01
9.999999e-01
9.999998e-01
9.999998e-01
9.999996e-01
9.999993e-01
9.999989e-01
9.999981e-01
9.999968e-01
9.999945e-01
9.999905e-01
9.999835e-01
9.999714e-01
9.999500e-01
9.999128e-01
9.998482e-01
9.997369e-01
9.995480e-01
9.992322e-01
9.987155e-01
9.978905e-01
9.966099e-01
9.946834e-01
9.918810e-01
9.879454e-01
9.826119e-01
9.756373e-01
9.668238e-01
9.560432e-01
9.432497e-01
9.284758e-01
9.118370e-01
8.935016e-01
8.736827e-01
8.526178e-01
8.305430e-01
8.077131e-01
7.843547e-01
7.606874e-01
7.368946e-01
7.131729e-01
6.896717e-01
6.665458e-01
6.438951e-01
6.218609e-01
6.005215e-01
5.799705e-01
5.602548e-01
5.414320e-01
5.235676e-01
5.066329e-01
4.906494e-01
4.756098e-01
4.614361e-01
4.481279e-01
4.355340e-01
4.236317e-01
4.123014e-01
4.014302e-01
3.909404e-01
3.807120e-01
3.706684e-01
3.607218e-01
3.508060e-01
3.408611e-01
3.308288e-01
3.206797e-01
3.103697e-01
2.998702e-01
2.891622e-01
2.782322e-01
2.670813e-01
2.557362e-01
2.442435e-01
2.326844e-01
2.211746e-01
2.098638e-01
1.989263e-01
1.885467e-01
1.789037e-01
1.701433e-01
1.623640e-01
1.556073e-01
1.498580e-01
1.450531e-01
1.410967e-01
1.378768e-01
1.352783e-01
1.331935e-01
1.315270e-01
1.301971e-01
1.291374e-01
1.282926e-01
1.276193e-01
1.270829e-01
1.266548e-01
1.263138e-01
1.260420e-01
1.258250e-01
1.256527e-01
1.255152e-01
1.254061e-01
1.253197e-01
1.252507e-01
1.251966e-01
1.251536e-01
1.251197e-01
1.250933e-01
1.250723e-01
1.250560e-01
1.250433e-01
1.250332e-01
1.250256e-01
1.250196e-01
1.250149e-01
1.250114e-01
1.250086e-01
1.250065e-01
1.250049e-01
1.250037e-01
1.250028e-01
1.250021e-01
1.250016e-01
1.250012e-01
1.250009e-01
1.250006e-01
1.250005e-01
1.250003e-01
1.250003e-01
1.250002e-01
1.250001e-01
1.250001e-01
1.250001e-01
1.250001e-01
1.250000e-01
1.250000e-01
1.250000e-01
1.250000e-01
1.250000e-01
1.250000e-01
1.250000e-01
1.250000e-01
1.250000e-01
1.250000e-01
1.250000e-01
1.250000e-01
1.250000e-01
1.250000e-01
1.250000e-01
1.250000e-01
1.250000e-01
1.250000e-01
1.250000e-01
1.250000e-01
1.250000e-01
1.250000e-01
1.250000e-01
1.250000e-01
1.250000e-01
1.250000e-01
1.250000e-01
1.250000e-01
1.250000e-01
1.250000e-01
1.250000e-01
1.250000e-01
1.250000e-01
1.250000e-01
1.250000e-01
1.250000e-01
1.250000e-01
1.250000e-01
1.250000e-01
1.250000e-01
1.250000e-01
1.250000e-01
1.250000e-01
1.250000e-01
1.250000e-01
1.250000e-01
1.250000e-01
1.250000e-01
1.250000e-01
1.250000e-01
1.250000e-01
1.250000e-01
1.250000e-01
1.250000e-01
1.250000e-01
1.250000e-01
1.250000e-01
1.250000e-01
1.250000e-01
1.250000e-01
1.250000e-01
1.250000e-01
1.250000e-01
1.250000e-01
1.250000e-01
1.250000e-01
1.250000e-01
1.250000e-01
1.250000e-01
1.250000e-01
1.250000e-01
1.250000e-01
1.250000e-01
1.250000e-01
1.250000e-01
1.250000e-01
1.250000e-01
1.250000e-01
1.250000e-01
1.250000e-01
1.250000e-01
1.250000e-01
1.250000e-01
1.250000e-01
1.250000e-01
1.250000e-01
1.250000e-01
1.250000e-01
1.250000e-01
1.250000e-01
1.250001e-01
1.250001e-01
1.250001e-01
1.250001e-01
1.250002e-01
1.250003e-01
1.250004e-01
1.250005e-01
1.250007e-01
1.250009e-01
1.250012e-01
1.250016e-01
1.250021e-01
1.250029e-01
1.250038e-01
1.250050e-01
1.250067e-01
1.250088e-01
1.250115e-01
1.250151e-01
1.250198e-01
1.250258e-01
1.250336e-01
1.250436e-01
1.250564e-01
1.250728e-01
1.250937e-01
1.251204e-01
1.251544e-01
1.251975e-01
1.252520e-01
1.253209e-01
1.254079e-01
1.255175e-01
1.256553e-01
1.258286e-01
1.260461e-01
1.263191e-01
1.266614e-01
1.270904e-01
1.276283e-01
1.283025e-01
1.291478e-01
1.302074e-01
1.315350e-01
1.331969e-01
1.352730e-01
1.378574e-01
1.410566e-01
1.449847e-01
1.497545e-01
1.554639e-01
1.621797e-01
1.699222e-01
1.786545e-01
1.882806e-01
1.986546e-01
2.095980e-01
2.209248e-01
2.324562e-01
2.440389e-01
2.555542e-01
2.669192e-01
2.780852e-01
2.890272e-01
2.997427e-01
3.102465e-01
3.205578e-01
3.307055e-01
3.407339e-01
3.506726e-01
3.605870e-01
3.705284e-01
3.805730e-01
3.908020e-01
4.012994e-01
4.121800e-01
4.235305e-01
4.354512e-01
4.480766e-01
4.614148e-01
4.756303e-01
4.907053e-01
