5.135081e-01
5.346681e-01
5.570133e-01
5.806163e-01
6.053010e-01
6.310129e-01
6.575692e-01
6.847759e-01
7.124579e-01
7.403618e-01
7.682162e-01
7.957311e-01
8.225817e-01
8.484309e-01
8.728984e-01
8.956414e-01
9.163216e-01
9.346611e-01
9.504541e-01
9.636191e-01
9.741964e-01
9.823594e-01
9.883893e-01
9.926455e-01
9.955124e-01
9.973561e-01
9.984900e-01
9.991597e-01
9.995416e-01
9.997531e-01
9.998679e-01
9.999293e-01
9.999620e-01
9.999794e-01
9.999887e-01
9.999938e-01
9.999965e-01
9.999980e-01
9.999989e-01
9.999993e-01
9.999996e-01
9.999998e-01
9.999999e-01
9.999999e-01
1.000000e+00
1.000000e+00
1.000000e+00
1.000000e+00
1.000000e+00
1.000000e+00
1.000000e+00
1.000000e+00
1.000000e+00
1.000000e+00
1.000000e+00
1.000000e+00
1.000000e+00
1.000000e+00
1.000000e+00
1.000000e+00
1.000000e+00
1.000000e+00
1.000000e+00
1.000000e+00
1.000000e+00
1.000000e+00
1.000000e+00
1.000000e+00
1.000000e+00
1.000000e+00
1.000000e+00
1.000000e+00
1.000000e+00
1.000000e+00
1.000000e+00
1.000000e+00
1.000000e+00
1.000000e+00
1.000000e+00
1.000000e+00
1.000000e+00
1.000000e+00
1.000000e+00
1.000000e+00
1.000000e+00
1.000000e+00
1.000000e+00
1.000000e+00
1.000000e+00
1.000000e+00
1.000000e+00
1.000000e+00
1.000000e+00
1.000000e+00
1.000000e+00
1.000000e+00
1.000000e+00
1.000000e+00
1.000000e+00
1.000000e+00
1.000000e+00
1.000000e+00
1.000000e+00
1.000000e+00
1.000000e+00
1.000000e+00
1.000000e+00
1.000000e+00
1.000000e+00
1.000000e+00
1.000000e+00
1.000000e+00
1.000000e+00
1.000000e+00
1.000000e+00
1.000000e+00
1.000000e+00
1.000000e+00
1.000000e+00
1.000000e+00
1.000000e+00
1.000000e+00
1.000000e+00
1.000000e+00
1.000000e+00
1.000000e+00
1.000000e+00
1.000000e+00
1.000000e+00
1.000000e+00
1.000000e+00
1.000000e+00
1.000000e+00
1.000000e+00
1.000000e+00
1.000000e+00
1.000000e+00
1.000000e+00
1.000000e+00
1.000000e+00
1.000000e+00
1.000000e+00
1.000000e+00
1.000000e+00
1.000000e+00
1.000000e+00
1.000000e+00
1.000000e+00
1.000000e+00
1.000000e+00
1.000000e+00
1.000000e+00
1.000000e+00
1.000000e+00
1.000000e+00
1.000000e+00
1.000000e+00
1.000000e+00
1.000000e+00
1.000000e+00
1.000000e+00
1.000000e+00
1.000000e+00
1.000000e+00
1.000000e+00
1.000000e+00
1.000000e+00
1.000000e+00
1.000000e+00
1.000000e+00
1.000000e+00
1.000000e+00
1.000000e+00
1.000000e+00
1.000000e+00
1.000000e+00
1.000000e+00
1.000000e+00
1.000000e+00
1.000000e+00
1.000000e+00
1.000000e+00
1.000000e+00
1.000000e+00
1.000000e+00
1.000000e+00
1.000000e+00
1.000000e+00
1.000000e+00
1.000000e+00
1.000000e+00
1.000000e+00
1.000000e+00
1.000000e+00
1.000000e+00
1.000000e+00
1.000000e+00
1.000000e+00
1.000000e+00
1.000000e+00
1.000000e+00
1.000000e+00
1.000000e+00
1.000000e+00
1.000000e+00
1.000000e+00
1.000000e+00
1.000000e+00
1.000000e+00
1.000000e+00
1.000000e+00
9.999999e-01
9.999999e-01
9.999998e-01
9.999997e-01
9.999995e-01
9.999991e-01
9.999985e-01
9.999974e-01
9.999954e-01
9.999917e-01
9.999851e-01
9.999731e-01
9.999510e-01
9.999107e-01
9.998373e-01
9.997047e-01
9.994685e-01
9.990556e-01
9.983511e-01
9.971844e-01
9.953182e-01
9.924467e-01
9.882091e-01
9.822198e-01
9.741125e-01
9.635934e-01
9.504767e-01
9.347118e-01
9.163755e-01
8.956736e-01
8.728884e-01
8.483638e-01
8.224511e-01
7.955368e-01
7.679664e-01
7.400660e-01
7.121323e-01
6.844366e-01
6.572296e-01
6.306882e-01
6.050073e-01
5.803550e-01
5.568024e-01
5.345020e-01
5.134105e-01
4.936283e-01
4.751318e-01
4.578353e-01
4.416371e-01
4.264015e-01
4.119931e-01
3.982627e-01
3.850345e-01
3.721838e-01
3.595513e-01
3.470080e-01
3.344391e-01
3.217656e-01
3.089089e-01
2.958334e-01
2.825187e-01
2.689816e-01
2.552818e-01
2.415201e-01
2.278487e-01
2.144672e-01
2.016121e-01
1.895314e-01
1.784610e-01
1.685889e-01
1.600239e-01
1.527877e-01
1.468207e-01
1.420010e-01
1.381715e-01
1.351656e-01
1.328259e-01
1.310143e-01
1.296160e-01
1.285386e-01
1.277090e-01
1.270710e-01
1.265803e-01
1.262037e-01
1.259144e-01
1.256932e-01
1.255237e-01
1.253947e-01
1.252963e-01
1.252218e-01
1.251654e-01
1.251229e-01
1.250910e-01
1.250670e-01
1.250493e-01
1.250360e-01
1.250263e-01
1.250190e-01
1.250138e-01
1.250099e-01
1.250071e-01
1.250050e-01
1.250036e-01
1.250025e-01
1.250018e-01
1.250012e-01
1.250009e-01
1.250006e-01
1.250004e-01
1.250003e-01
1.250002e-01
1.250001e-01
1.250001e-01
1.250001e-01
1.250000e-01
1.250000e-01
1.250000e-01
1.250000e-01
1.250000e-01
1.250000e-01
1.250000e-01
1.250000e-01
1.250000e-01
1.250000e-01
1.250000e-01
1.250000e-01
1.250000e-01
1.250000e-01
1.250000e-01
1.250000e-01
1.250000e-01
1.250000e-01
1.250000e-01
1.250000e-01
1.250000e-01
1.250000e-01
1.250000e-01
1.250000e-01
1.250000e-01
1.250000e-01
1.250000e-01
1.250000e-01
1.250000e-01
1.250000e-01
1.250000e-01
1.250000e-01
1.250000e-01
1.250000e-01
1.250000e-01
1.250000e-01
1.250000e-01
1.250000e-01
1.250000e-01
1.250000e-01
1.250000e-01
1.250000e-01
1.250000e-01
1.250000e-01
1.250000e-01
1.250000e-01
1.250000e-01
1.250000e-01
1.250000e-01
1.250000e-01
1.250000e-01
1.250000e-01
1.250000e-01
1.250000e-01
1.250000e-01
1.250000e-01
1.250000e-01
1.250000e-01
1.250000e-01
1.250000e-01
1.250000e-01
1.250000e-01
1.250000e-01
1.250000e-01
1.250000e-01
1.250000e-01
1.250000e-01
1.250000e-01
1.250000e-01
1.250000e-01
1.250000e-01
1.250000e-01
1.250000e-01
1.250000e-01
1.250000e-01
1.250000e-01
1.250000e-01
1.250000e-01
1.250000e-01
1.250000e-01
1.250000e-01
1.250000e-01
1.250000e-01
1.250000e-01
1.250000e-01
1.250000e-01
1.250000e-01
1.250000e-01
1.250000e-01
1.250000e-01
1.250000e-01
1.250000e-01
1.250000e-01
1.250000e-01
1.250000e-01
1.250000e-01
1.250000e-01
1.250000e-01
1.250000e-01
1.250000e-01
1.250000e-01
1.250000e-01
1.250000e-01
1.250000e-01
1.250000e-01
1.250000e-01
1.250000e-01
1.250000e-01
1.250000e-01
1.250000e-01
1.250000e-01
1.250000e-01
1.250000e-01
1.250000e-01
1.250000e-01
1.250000e-01
1.250000e-01
1.250000e-01
1.250001e-01
1.250001e-01
1.250001e-01
1.250002e-01
1.250003e-01
1.250004e-01
1.250006e-01
1.250009e-01
1.250013e-01
1.250019e-01
1.250026e-01
1.250037e-01
1.250052e-01
1.250073e-01
1.250101e-01
1.250141e-01
1.250194e-01
1.250267e-01
1.250366e-01
1.250500e-01
1.250679e-01
1.250920e-01
1.251241e-01
1.251669e-01
1.252236e-01
1.252986e-01
1.253974e-01
1.255272e-01
1.256974e-01
1.259200e-01
1.262104e-01
1.265889e-01
1.270813e-01
1.277212e-01
1.285521e-01
1.296300e-01
1.310266e-01
1.328328e-01
1.351615e-01
1.381482e-01
1.419487e-01
1.467290e-01
1.526481e-01
1.598329e-01
1.683504e-01
1.781856e-01
1.892328e-01
2.013062e-01
2.141706e-01
2.275738e-01
2.412720e-01
2.550616e-01
2.687873e-01
2.823453e-01
2.956735e-01
3.087580e-01
3.216180e-01
3.342914e-01
3.468592e-01
3.594028e-01
3.720297e-01
3.848784e-01
3.981130e-01
4.118531e-01
4.262899e-01
4.415541e-01
4.577973e-01
4.751396e-01
4.936911e-01
