5.063628e-01
5.231442e-01
5.408306e-01
5.594620e-01
5.789667e-01
5.992965e-01
6.204007e-01
6.421891e-01
6.645878e-01
6.874562e-01
7.107014e-01
7.341733e-01
7.577317e-01
7.811849e-01
8.043614e-01
8.270522e-01
8.490411e-01
8.700857e-01
8.899576e-01
9.084259e-01
9.252787e-01
9.403429e-01
9.534895e-01
9.646659e-01
9.738921e-01
9.812676e-01
9.869646e-01
9.912069e-01
9.942500e-01
9.963516e-01
9.977496e-01
9.986471e-01
9.992043e-01
9.995403e-01
9.997379e-01
9.998518e-01
9.999165e-01
9.999530e-01
9.999734e-01
9.999849e-01
9.999913e-01
9.999950e-01
9.999971e-01
9.999983e-01
9.999990e-01
9.999994e-01
9.999996e-01
9.999998e-01
9.999999e-01
9.999999e-01
9.999999e-01
1.000000e+00
1.000000e+00
1.000000e+00
1.000000e+00
1.000000e+00
1.000000e+00
1.000000e+00
1.000000e+00
1.000000e+00
1.000000e+00
1.000000e+00
1.000000e+00
1.000000e+00
1.000000e+00
1.000000e+00
1.000000e+00
1.000000e+00
1.000000e+00
1.000000e+00
1.000000e+00
1.000000e+00
1.000000e+00
1.000000e+00
1.000000e+00
1.000000e+00
1.000000e+00
1.000000e+00
1.000000e+00
1.000000e+00
1.000000e+00
1.000000e+00
1.000000e+00
1.000000e+00
1.000000e+00
1.000000e+00
1.000000e+00
1.000000e+00
1.000000e+00
1.000000e+00
1.000000e+00
1.000000e+00
1.000000e+00
1.000000e+00
1.000000e+00
1.000000e+00
1.000000e+00
1.000000e+00
1.000000e+00
1.000000e+00
1.000000e+00
1.000000e+00
1.000000e+00
1.000000e+00
1.000000e+00
1.000000e+00
1.000000e+00
1.000000e+00
1.000000e+00
1.000000e+00
1.000000e+00
1.000000e+00
1.000000e+00
1.000000e+00
1.000000e+00
1.000000e+00
1.000000e+00
1.000000e+00
1.000000e+00
1.000000e+00
1.000000e+00
1.000000e+00
1.000000e+00
1.000000e+00
1.000000e+00
1.000000e+00
1.000000e+00
1.000000e+00
1.000000e+00
1.000000e+00
1.000000e+00
1.000000e+00
1.000000e+00
1.000000e+00
1.000000e+00
1.000000e+00
1.000000e+00
1.000000e+00
1.000000e+00
1.000000e+00
1.000000e+00
1.000000e+00
1.000000e+00
1.000000e+00
1.000000e+00
1.000000e+00
1.000000e+00
1.000000e+00
1.000000e+00
1.000000e+00
1.000000e+00
1.000000e+00
1.000000e+00
1.000000e+00
1.000000e+00
1.000000e+00
1.000000e+00
1.000000e+00
1.000000e+00
1.000000e+00
1.000000e+00
1.000000e+00
1.000000e+00
1.000000e+00
1.000000e+00
1.000000e+00
1.000000e+00
1.000000e+00
1.000000e+00
1.000000e+00
1.000000e+00
1.000000e+00
1.000000e+00
1.000000e+00
1.000000e+00
1.000000e+00
1.000000e+00
1.000000e+00
1.000000e+00
1.000000e+00
1.000000e+00
1.000000e+00
1.000000e+00
1.000000e+00
1.000000e+00
1.000000e+00
1.000000e+00
1.000000e+00
1.000000e+00
1.000000e+00
1.000000e+00
1.000000e+00
1.000000e+00
1.000000e+00
1.000000e+00
1.000000e+00
1.000000e+00
1.000000e+00
1.000000e+00
1.000000e+00
1.000000e+00
1.000000e+00
1.000000e+00
1.000000e+00
1.000000e+00
9.999999e-01
9.999999e-01
9.999998e-01
9.999997e-01
9.999995e-01
9.999992e-01
9.999987e-01
9.999978e-01
9.999962e-01
9.999935e-01
9.999888e-01
9.999806e-01
9.999662e-01
9.999412e-01
9.998976e-01
9.998223e-01
9.996934e-01
9.994760e-01
9.991157e-01
9.985312e-01
9.976071e-01
9.961875e-01
9.940748e-01
9.910351e-01
9.868124e-01
9.811496e-01
9.738172e-01
9.646362e-01
9.534991e-01
9.403797e-01
9.253269e-01
9.084686e-01
8.899794e-01
8.700740e-01
8.489866e-01
8.269508e-01
8.042120e-01
7.809909e-01
7.574988e-01
7.339092e-01
7.104146e-01
6.871577e-01
6.642862e-01
6.418942e-01
6.201185e-01
5.990368e-01
5.787341e-01
5.592596e-01
5.406656e-01
5.230143e-01
5.062792e-01
4.904798e-01
4.756097e-01
4.615907e-01
4.484241e-01
4.359630e-01
4.241802e-01
4.129689e-01
4.022098e-01
3.918344e-01
3.817150e-01
3.717880e-01
3.619587e-01
3.521674e-01
3.423506e-01
3.324548e-01
3.224492e-01
3.122910e-01
3.019497e-01
2.914072e-01
2.806464e-01
2.696637e-01
2.584777e-01
2.471280e-01
2.356840e-01
2.242496e-01
2.129623e-01
2.019887e-01
1.915081e-01
1.817016e-01
1.727245e-01
1.646899e-01
1.576571e-01
1.516285e-01
1.465564e-01
1.423556e-01
1.389199e-01
1.361364e-01
1.338957e-01
1.321000e-01
1.306641e-01
1.295174e-01
1.286023e-01
1.278713e-01
1.272881e-01
1.268221e-01
1.264498e-01
1.261529e-01
1.259152e-01
1.257259e-01
1.255750e-01
1.254543e-01
1.253588e-01
1.252825e-01
1.252220e-01
1.251743e-01
1.251362e-01
1.251065e-01
1.250830e-01
1.250644e-01
1.250500e-01
1.250386e-01
1.250297e-01
1.250229e-01
1.250175e-01
1.250134e-01
1.250103e-01
1.250078e-01
1.250059e-01
1.250045e-01
1.250034e-01
1.250025e-01
1.250019e-01
1.250014e-01
1.250011e-01
1.250008e-01
1.250006e-01
1.250004e-01
1.250003e-01
1.250002e-01
1.250002e-01
1.250001e-01
1.250001e-01
1.250001e-01
1.250000e-01
1.250000e-01
1.250000e-01
1.250000e-01
1.250000e-01
1.250000e-01
1.250000e-01
1.250000e-01
1.250000e-01
1.250000e-01
1.250000e-01
1.250000e-01
1.250000e-01
1.250000e-01
1.250000e-01
1.250000e-01
1.250000e-01
1.250000e-01
1.250000e-01
1.250000e-01
1.250000e-01
1.250000e-01
1.250000e-01
1.250000e-01
1.250000e-01
1.250000e-01
1.250000e-01
1.250000e-01
1.250000e-01
1.250000e-01
1.250000e-01
1.250000e-01
1.250000e-01
1.250000e-01
1.250000e-01
1.250000e-01
1.250000e-01
1.250000e-01
1.250000e-01
1.250000e-01
1.250000e-01
1.250000e-01
1.250000e-01
1.250000e-01
1.250000e-01
1.250000e-01
1.250000e-01
1.250000e-01
1.250000e-01
1.250000e-01
1.250000e-01
1.250000e-01
1.250000e-01
1.250000e-01
1.250000e-01
1.250000e-01
1.250000e-01
1.250000e-01
1.250000e-01
1.250000e-01
1.250000e-01
1.250000e-01
1.250000e-01
1.250000e-01
1.250000e-01
1.250000e-01
1.250000e-01
1.250000e-01
1.250000e-01
1.250000e-01
1.250000e-01
1.250000e-01
1.250000e-01
1.250000e-01
1.250000e-01
1.250000e-01
1.250000e-01
1.250000e-01
1.250000e-01
1.250000e-01
1.250000e-01
1.250000e-01
1.250000e-01
1.250000e-01
1.250000e-01
1.250000e-01
1.250000e-01
1.250000e-01
1.250000e-01
1.250001e-01
1.250001e-01
1.250001e-01
1.250001e-01
1.250002e-01
1.250002e-01
1.250003e-01
1.250004e-01
1.250006e-01
1.250008e-01
1.250011e-01
1.250015e-01
1.250019e-01
1.250026e-01
1.250034e-01
1.250046e-01
1.250060e-01
1.250079e-01
1.250104e-01
1.250136e-01
1.250178e-01
1.250231e-01
1.250300e-01
1.250389e-01
1.250503e-01
1.250649e-01
1.250834e-01
1.251070e-01
1.251370e-01
1.251750e-01
1.252231e-01
1.252837e-01
1.253602e-01
1.254564e-01
1.255772e-01
1.257289e-01
1.259191e-01
1.261573e-01
1.264557e-01
1.268289e-01
1.272961e-01
1.278807e-01
1.286122e-01
1.295278e-01
1.306735e-01
1.321065e-01
1.338965e-01
1.361268e-01
1.388943e-01
1.423070e-01
1.464774e-01
1.515130e-01
1.575013e-01
1.644946e-01
1.724950e-01
1.814475e-01
1.912409e-01
2.017192e-01
2.127019e-01
2.240071e-01
2.354637e-01
2.469312e-01
2.583026e-01
2.695068e-01
2.805042e-01
2.912759e-01
3.018251e-01
3.121698e-01
3.223279e-01
3.323311e-01
3.422243e-01
3.520346e-01
3.618243e-01
3.716493e-01
3.815762e-01
3.916975e-01
4.020801e-01
4.128499e-01
4.240799e-01
4.358818e-01
4.483745e-01
4.615705e-01
4.756306e-01
4.905353e-01
