5.190426e-01
5.439823e-01
5.704149e-01
5.983373e-01
6.274822e-01
6.577146e-01
6.886975e-01
7.201619e-01
7.517489e-01
7.830163e-01
8.135520e-01
8.428831e-01
8.704909e-01
8.959110e-01
9.187029e-01
9.385091e-01
9.551210e-01
9.685002e-01
9.788000e-01
9.863443e-01
9.915880e-01
9.950398e-01
9.971920e-01
9.984662e-01
9.991861e-01
9.995769e-01
9.997827e-01
9.998888e-01
9.999429e-01
9.999704e-01
9.999845e-01
9.999918e-01
9.999956e-01
9.999976e-01
9.999987e-01
9.999993e-01
9.999996e-01
9.999998e-01
9.999999e-01
9.999999e-01
1.000000e+00
1.000000e+00
1.000000e+00
1.000000e+00
1.000000e+00
1.000000e+00
1.000000e+00
1.000000e+00
1.000000e+00
1.000000e+00
1.000000e+00
1.000000e+00
1.000000e+00
1.000000e+00
1.000000e+00
1.000000e+00
1.000000e+00
1.000000e+00
1.000000e+00
1.000000e+00
1.000000e+00
1.000000e+00
1.000000e+00
1.000000e+00
1.000000e+00
1.000000e+00
1.000000e+00
1.000000e+00
1.000000e+00
1.000000e+00
1.000000e+00
1.000000e+00
1.000000e+00
1.000000e+00
1.000000e+00
1.000000e+00
1.000000e+00
1.000000e+00
1.000000e+00
1.000000e+00
1.000000e+00
1.000000e+00
1.000000e+00
1.000000e+00
1.000000e+00
1.000000e+00
1.000000e+00
1.000000e+00
1.000000e+00
1.000000e+00
1.000000e+00
1.000000e+00
1.000000e+00
1.000000e+00
1.000000e+00
1.000000e+00
1.000000e+00
1.000000e+00
1.000000e+00
1.000000e+00
1.000000e+00
1.000000e+00
1.000000e+00
1.000000e+00
1.000000e+00
1.000000e+00
1.000000e+00
1.000000e+00
1.000000e+00
1.000000e+00
1.000000e+00
1.000000e+00
1.000000e+00
1.000000e+00
1.000000e+00
1.000000e+00
1.000000e+00
1.000000e+00
1.000000e+00
1.000000e+00
1.000000e+00
1.000000e+00
1.000000e+00
1.000000e+00
1.000000e+00
1.000000e+00
1.000000e+00
1.000000e+00
1.000000e+00
1.000000e+00
1.000000e+00
1.000000e+00
1.000000e+00
1.000000e+00
1.000000e+00
1.000000e+00
1.000000e+00
1.000000e+00
1.000000e+00
1.000000e+00
1.000000e+00
1.000000e+00
1.000000e+00
1.000000e+00
1.000000e+00
1.000000e+00
1.000000e+00
1.000000e+00
1.000000e+00
1.000000e+00
1.000000e+00
1.000000e+00
1.000000e+00
1.000000e+00
1.000000e+00
1.000000e+00
1.000000e+00
1.000000e+00
1.000000e+00
1.000000e+00
1.000000e+00
1.000000e+00
1.000000e+00
1.000000e+00
1.000000e+00
1.000000e+00
1.000000e+00
1.000000e+00
1.000000e+00
1.000000e+00
1.000000e+00
1.000000e+00
1.000000e+00
1.000000e+00
1.000000e+00
1.000000e+00
1.000000e+00
1.000000e+00
1.000000e+00
1.000000e+00
1.000000e+00
1.000000e+00
1.000000e+00
1.000000e+00
1.000000e+00
1.000000e+00
1.000000e+00
1.000000e+00
1.000000e+00
1.000000e+00
1.000000e+00
1.000000e+00
1.000000e+00
1.000000e+00
1.000000e+00
1.000000e+00
1.000000e+00
1.000000e+00
1.000000e+00
1.000000e+00
1.000000e+00
1.000000e+00
1.000000e+00
1.000000e+00
1.000000e+00
1.000000e+00
1.000000e+00
1.000000e+00
1.000000e+00
1.000000e+00
1.000000e+00
1.000000e+00
1.000000e+00
1.000000e+00
1.000000e+00
9.999999e-01
9.999999e-01
9.999998e-01
9.999997e-01
9.999994e-01
9.999990e-01
9.999982e-01
9.999967e-01
9.999940e-01
9.999889e-01
9.999792e-01
9.999608e-01
9.999258e-01
9.998594e-01
9.997341e-01
9.995005e-01
9.990735e-01
9.983124e-01
9.970000e-01
9.948238e-01
9.913736e-01
9.861620e-01
9.786758e-01
9.684464e-01
9.551311e-01
9.385604e-01
9.187621e-01
8.959456e-01
8.704723e-01
8.427924e-01
8.133831e-01
7.827727e-01
7.514435e-01
7.198142e-01
6.883293e-01
6.573462e-01
6.271386e-01
5.980308e-01
5.701628e-01
5.437838e-01
5.189349e-01
4.957070e-01
4.740989e-01
4.540158e-01
4.352279e-01
4.176306e-01
4.009743e-01
3.850328e-01
3.695973e-01
3.544514e-01
3.394197e-01
3.243546e-01
3.091399e-01
2.937235e-01
2.780941e-01
2.623138e-01
2.465091e-01
2.308762e-01
2.156781e-01
2.012215e-01
1.878218e-01
1.757641e-01
1.652554e-01
1.563852e-01
1.491211e-01
1.433296e-01
1.388126e-01
1.353477e-01
1.327205e-01
1.307433e-01
1.292622e-01
1.281556e-01
1.273308e-01
1.267166e-01
1.262605e-01
1.259222e-01
1.256723e-01
1.254878e-01
1.253526e-01
1.252535e-01
1.251814e-01
1.251292e-01
1.250915e-01
1.250644e-01
1.250451e-01
1.250314e-01
1.250218e-01
1.250150e-01
1.250103e-01
1.250070e-01
1.250047e-01
1.250032e-01
1.250021e-01
1.250014e-01
1.250009e-01
1.250006e-01
1.250004e-01
1.250003e-01
1.250002e-01
1.250001e-01
1.250001e-01
1.250000e-01
1.250000e-01
1.250000e-01
1.250000e-01
1.250000e-01
1.250000e-01
1.250000e-01
1.250000e-01
1.250000e-01
1.250000e-01
1.250000e-01
1.250000e-01
1.250000e-01
1.250000e-01
1.250000e-01
1.250000e-01
1.250000e-01
1.250000e-01
1.250000e-01
1.250000e-01
1.250000e-01
1.250000e-01
1.250000e-01
1.250000e-01
1.250000e-01
1.250000e-01
1.250000e-01
1.250000e-01
1.250000e-01
1.250000e-01
1.250000e-01
1.250000e-01
1.250000e-01
1.250000e-01
1.250000e-01
1.250000e-01
1.250000e-01
1.250000e-01
1.250000e-01
1.250000e-01
1.250000e-01
1.250000e-01
1.250000e-01
1.250000e-01
1.250000e-01
1.250000e-01
1.250000e-01
1.250000e-01
1.250000e-01
1.250000e-01
1.250000e-01
1.250000e-01
1.250000e-01
1.250000e-01
1.250000e-01
1.250000e-01
1.250000e-01
1.250000e-01
1.250000e-01
1.250000e-01
1.250000e-01
1.250000e-01
1.250000e-01
1.250000e-01
1.250000e-01
1.250000e-01
1.250000e-01
1.250000e-01
1.250000e-01
1.250000e-01
1.250000e-01
1.250000e-01
1.250000e-01
1.250000e-01
1.250000e-01
1.250000e-01
1.250000e-01
1.250000e-01
1.250000e-01
1.250000e-01
1.250000e-01
1.250000e-01
1.250000e-01
1.250000e-01
1.250000e-01
1.250000e-01
1.250000e-01
1.250000e-01
1.250000e-01
1.250000e-01
1.250000e-01
1.250000e-01
1.250000e-01
1.250000e-01
1.250000e-01
1.250000e-01
1.250000e-01
1.250000e-01
1.250000e-01
1.250000e-01
1.250000e-01
1.250000e-01
1.250000e-01
1.250000e-01
1.250000e-01
1.250000e-01
1.250000e-01
1.250000e-01
1.250000e-01
1.250000e-01
1.250000e-01
1.250000e-01
1.250000e-01
1.250000e-01
1.250000e-01
1.250000e-01
1.250000e-01
1.250000e-01
1.250000e-01
1.250000e-01
1.250000e-01
1.250000e-01
1.250000e-01
1.250000e-01
1.250000e-01
1.250000e-01
1.250000e-01
1.250000e-01
1.250000e-01
1.250000e-01
1.250000e-01
1.250000e-01
1.250000e-01
1.250000e-01
1.250000e-01
1.250001e-01
1.250001e-01
1.250001e-01
1.250002e-01
1.250003e-01
1.250004e-01
1.250007e-01
1.250010e-01
1.250015e-01
1.250023e-01
1.250034e-01
1.250050e-01
1.250073e-01
1.250107e-01
1.250155e-01
1.250224e-01
1.250323e-01
1.250462e-01
1.250657e-01
1.250931e-01
1.251312e-01
1.251839e-01
1.252566e-01
1.253564e-01
1.254927e-01
1.256782e-01
1.259299e-01
1.262701e-01
1.267286e-01
1.273451e-01
1.281723e-01
1.292798e-01
1.307595e-01
1.327303e-01
1.353432e-01
1.387827e-01
1.432607e-01
1.490002e-01
1.562043e-01
1.650150e-01
1.754740e-01
1.874979e-01
2.008850e-01
2.153511e-01
2.305743e-01
2.462382e-01
2.620757e-01
2.778860e-01
2.935352e-01
3.089652e-01
3.241866e-01
3.392534e-01
3.542831e-01
3.694282e-01
3.848684e-01
4.008216e-01
4.174918e-01
4.351186e-01
4.539536e-01
4.740938e-01
4.957760e-01
