5.258248e-01
5.558927e-01
5.878735e-01
6.214815e-01
6.564996e-01
6.924063e-01
7.287697e-01
7.649989e-01
8.004478e-01
8.344611e-01
8.662954e-01
8.952860e-01
9.208338e-01
9.424791e-01
9.600212e-01
9.735307e-01
9.833556e-01
9.900759e-01
9.943855e-01
9.969752e-01
9.984381e-01
9.992197e-01
9.996186e-01
9.998155e-01
9.999108e-01
9.999565e-01
9.999785e-01
9.999892e-01
9.999945e-01
9.999972e-01
9.999985e-01
9.999992e-01
9.999996e-01
9.999998e-01
9.999999e-01
9.999999e-01
1.000000e+00
1.000000e+00
1.000000e+00
1.000000e+00
1.000000e+00
1.000000e+00
1.000000e+00
1.000000e+00
1.000000e+00
1.000000e+00
1.000000e+00
1.000000e+00
1.000000e+00
1.000000e+00
1.000000e+00
1.000000e+00
1.000000e+00
1.000000e+00
1.000000e+00
1.000000e+00
1.000000e+00
1.000000e+00
1.000000e+00
1.000000e+00
1.000000e+00
1.000000e+00
1.000000e+00
1.000000e+00
1.000000e+00
1.000000e+00
1.000000e+00
1.000000e+00
1.000000e+00
1.000000e+00
1.000000e+00
1.000000e+00
1.000000e+00
1.000000e+00
1.000000e+00
1.000000e+00
1.000000e+00
1.000000e+00
1.000000e+00
1.000000e+00
1.000000e+00
1.000000e+00
1.000000e+00
1.000000e+00
1.000000e+00
1.000000e+00
1.000000e+00
1.000000e+00
1.000000e+00
1.000000e+00
1.000000e+00
1.000000e+00
1.000000e+00
1.000000e+00
1.000000e+00
1.000000e+00
1.000000e+00
1.000000e+00
1.000000e+00
1.000000e+00
1.000000e+00
1.000000e+00
1.000000e+00
1.000000e+00
1.000000e+00
1.000000e+00
1.000000e+00
1.000000e+00
1.000000e+00
1.000000e+00
1.000000e+00
1.000000e+00
1.000000e+00
1.000000e+00
1.000000e+00
1.000000e+00
1.000000e+00
1.000000e+00
1.000000e+00
1.000000e+00
1.000000e+00
1.000000e+00
1.000000e+00
1.000000e+00
1.000000e+00
1.000000e+00
1.000000e+00
1.000000e+00
1.000000e+00
1.000000e+00
1.000000e+00
1.000000e+00
1.000000e+00
1.000000e+00
1.000000e+00
1.000000e+00
1.000000e+00
1.000000e+00
1.000000e+00
1.000000e+00
1.000000e+00
1.000000e+00
1.000000e+00
1.000000e+00
1.000000e+00
1.000000e+00
1.000000e+00
1.000000e+00
1.000000e+00
1.000000e+00
1.000000e+00
1.000000e+00
1.000000e+00
1.000000e+00
1.000000e+00
1.000000e+00
1.000000e+00
1.000000e+00
1.000000e+00
1.000000e+00
1.000000e+00
1.000000e+00
1.000000e+00
1.000000e+00
1.000000e+00
1.000000e+00
1.000000e+00
1.000000e+00
1.000000e+00
1.000000e+00
1.000000e+00
1.000000e+00
1.000000e+00
1.000000e+00
1.000000e+00
1.000000e+00
1.000000e+00
1.000000e+00
1.000000e+00
1.000000e+00
1.000000e+00
1.000000e+00
1.000000e+00
1.000000e+00
1.000000e+00
1.000000e+00
1.000000e+00
1.000000e+00
1.000000e+00
1.000000e+00
1.000000e+00
1.000000e+00
1.000000e+00
1.000000e+00
1.000000e+00
1.000000e+00
1.000000e+00
1.000000e+00
1.000000e+00
1.000000e+00
1.000000e+00
1.000000e+00
1.000000e+00
1.000000e+00
1.000000e+00
1.000000e+00
1.000000e+00
1.000000e+00
1.000000e+00
1.000000e+00
1.000000e+00
1.000000e+00
1.000000e+00
1.000000e+00
1.000000e+00
1.000000e+00
1.000000e+00
1.000000e+00
1.000000e+00
1.000000e+00
9.999999e-01
9.999998e-01
9.999997e-01
9.999994e-01
9.999989e-01
9.999979e-01
9.999961e-01
9.999923e-01
9.999850e-01
9.999705e-01
9.999414e-01
9.998832e-01
9.997673e-01
9.995389e-01
9.990970e-01
9.982653e-01
9.967570e-01
9.941432e-01
9.898463e-01
9.831795e-01
9.734359e-01
9.600107e-01
9.425279e-01
9.208990e-01
8.953209e-01
8.662614e-01
8.343342e-01
8.002241e-01
7.646901e-01
7.283965e-01
6.920073e-01
6.560992e-01
6.211200e-01
5.875666e-01
5.556576e-01
5.257044e-01
4.977635e-01
4.720040e-01
4.481875e-01
4.260449e-01
4.052441e-01
3.854908e-01
3.664574e-01
3.478408e-01
3.293809e-01
3.109026e-01
2.923142e-01
2.736211e-01
2.549690e-01
2.366008e-01
2.188598e-01
2.021583e-01
1.869144e-01
1.734854e-01
1.621016e-01
1.528150e-01
1.455028e-01
1.399173e-01
1.357513e-01
1.326967e-01
1.304821e-01
1.288882e-01
1.277462e-01
1.269313e-01
1.263516e-01
1.259408e-01
1.256511e-01
1.254478e-01
1.253058e-01
1.252075e-01
1.251397e-01
1.250934e-01
1.250619e-01
1.250407e-01
1.250266e-01
1.250172e-01
1.250111e-01
1.250070e-01
1.250044e-01
1.250028e-01
1.250017e-01
1.250011e-01
1.250007e-01
1.250004e-01
1.250002e-01
1.250001e-01
1.250001e-01
1.250000e-01
1.250000e-01
1.250000e-01
1.250000e-01
1.250000e-01
1.250000e-01
1.250000e-01
1.250000e-01
1.250000e-01
1.250000e-01
1.250000e-01
1.250000e-01
1.250000e-01
1.250000e-01
1.250000e-01
1.250000e-01
1.250000e-01
1.250000e-01
1.250000e-01
1.250000e-01
1.250000e-01
1.250000e-01
1.250000e-01
1.250000e-01
1.250000e-01
1.250000e-01
1.250000e-01
1.250000e-01
1.250000e-01
1.250000e-01
1.250000e-01
1.250000e-01
1.250000e-01
1.250000e-01
1.250000e-01
1.250000e-01
1.250000e-01
1.250000e-01
1.250000e-01
1.250000e-01
1.250000e-01
1.250000e-01
1.250000e-01
1.250000e-01
1.250000e-01
1.250000e-01
1.250000e-01
1.250000e-01
1.250000e-01
1.250000e-01
1.250000e-01
1.250000e-01
1.250000e-01
1.250000e-01
1.250000e-01
1.250000e-01
1.250000e-01
1.250000e-01
1.250000e-01
1.250000e-01
1.250000e-01
1.250000e-01
1.250000e-01
1.250000e-01
1.250000e-01
1.250000e-01
1.250000e-01
1.250000e-01
1.250000e-01
1.250000e-01
1.250000e-01
1.250000e-01
1.250000e-01
1.250000e-01
1.250000e-01
1.250000e-01
1.250000e-01
1.250000e-01
1.250000e-01
1.250000e-01
1.250000e-01
1.250000e-01
1.250000e-01
1.250000e-01
1.250000e-01
1.250000e-01
1.250000e-01
1.250000e-01
1.250000e-01
1.250000e-01
1.250000e-01
1.250000e-01
1.250000e-01
1.250000e-01
1.250000e-01
1.250000e-01
1.250000e-01
1.250000e-01
1.250000e-01
1.250000e-01
1.250000e-01
1.250000e-01
1.250000e-01
1.250000e-01
1.250000e-01
1.250000e-01
1.250000e-01
1.250000e-01
1.250000e-01
1.250000e-01
1.250000e-01
1.250000e-01
1.250000e-01
1.250000e-01
1.250000e-01
1.250000e-01
1.250000e-01
1.250000e-01
1.250000e-01
1.250000e-01
1.250000e-01
1.250000e-01
1.250000e-01
1.250000e-01
1.250000e-01
1.250000e-01
1.250000e-01
1.250000e-01
1.250000e-01
1.250000e-01
1.250000e-01
1.250000e-01
1.250000e-01
1.250000e-01
1.250000e-01
1.250000e-01
1.250000e-01
1.250000e-01
1.250000e-01
1.250000e-01
1.250000e-01
1.250000e-01
1.250000e-01
1.250000e-01
1.250000e-01
1.250000e-01
1.250000e-01
1.250000e-01
1.250000e-01
1.250000e-01
1.250000e-01
1.250000e-01
1.250000e-01
1.250001e-01
1.250001e-01
1.250002e-01
1.250003e-01
1.250005e-01
1.250007e-01
1.250012e-01
1.250019e-01
1.250030e-01
1.250048e-01
1.250075e-01
1.250117e-01
1.250181e-01
1.250278e-01
1.250423e-01
1.250640e-01
1.250960e-01
1.251431e-01
1.252119e-01
1.253115e-01
1.254549e-01
1.256602e-01
1.259524e-01
1.263661e-01
1.269492e-01
1.277676e-01
1.289117e-01
1.305045e-01
1.327109e-01
1.357458e-01
1.398756e-01
1.454061e-01
1.526482e-01
1.618595e-01
1.731756e-01
1.865570e-01
2.017831e-01
2.184956e-01
2.362674e-01
2.546749e-01
2.733639e-01
2.920868e-01
3.107003e-01
3.291881e-01
3.476502e-01
3.662694e-01
3.853102e-01
4.050814e-01
4.259122e-01
4.481018e-01
4.719852e-01
4.978272e-01
