5.082823e-01
5.261678e-01
5.450289e-01
5.649241e-01
5.857575e-01
6.074503e-01
6.299676e-01
6.531807e-01
6.769722e-01
7.012175e-01
7.257621e-01
7.504438e-01
7.750504e-01
7.993889e-01
8.232248e-01
8.463149e-01
8.683866e-01
8.891827e-01
9.084452e-01
9.259391e-01
9.414754e-01
9.549215e-01
9.662326e-01
9.754497e-01
9.827046e-01
9.882065e-01
9.922193e-01
9.950312e-01
9.969242e-01
9.981500e-01
9.989149e-01
9.993768e-01
9.996477e-01
9.998030e-01
9.998904e-01
9.999391e-01
9.999661e-01
9.999810e-01
9.999892e-01
9.999939e-01
9.999965e-01
9.999979e-01
9.999988e-01
9.999993e-01
9.999996e-01
9.999997e-01
9.999998e-01
9.999999e-01
9.999999e-01
1.000000e+00
1.000000e+00
1.000000e+00
1.000000e+00
1.000000e+00
1.000000e+00
1.000000e+00
1.000000e+00
1.000000e+00
1.000000e+00
1.000000e+00
1.000000e+00
1.000000e+00
1.000000e+00
1.000000e+00
1.000000e+00
1.000000e+00
1.000000e+00
1.000000e+00
1.000000e+00
1.000000e+00
1.000000e+00
1.000000e+00
1.000000e+00
1.000000e+00
1.000000e+00
1.000000e+00
1.000000e+00
1.000000e+00
1.000000e+00
1.000000e+00
1.000000e+00
1.000000e+00
1.000000e+00
1.000000e+00
1.000000e+00
1.000000e+00
1.000000e+00
1.000000e+00
1.000000e+00
1.000000e+00
1.000000e+00
1.000000e+00
1.000000e+00
1.000000e+00
1.000000e+00
1.000000e+00
1.000000e+00
1.000000e+00
1.000000e+00
1.000000e+00
1.000000e+00
1.000000e+00
1.000000e+00
1.000000e+00
1.000000e+00
1.000000e+00
1.000000e+00
1.000000e+00
1.000000e+00
1.000000e+00
1.000000e+00
1.000000e+00
1.000000e+00
1.000000e+00
1.000000e+00
1.000000e+00
1.000000e+00
1.000000e+00
1.000000e+00
1.000000e+00
1.000000e+00
1.000000e+00
1.000000e+00
1.000000e+00
1.000000e+00
1.000000e+00
1.000000e+00
1.000000e+00
1.000000e+00
1.000000e+00
1.000000e+00
1.000000e+00
1.000000e+00
1.000000e+00
1.000000e+00
1.000000e+00
1.000000e+00
1.000000e+00
1.000000e+00
1.000000e+00
1.000000e+00
1.000000e+00
1.000000e+00
1.000000e+00
1.000000e+00
1.000000e+00
1.000000e+00
1.000000e+00
1.000000e+00
1.000000e+00
1.000000e+00
1.000000e+00
1.000000e+00
1.000000e+00
1.000000e+00
1.000000e+00
1.000000e+00
1.000000e+00
1.000000e+00
1.000000e+00
1.000000e+00
1.000000e+00
1.000000e+00
1.000000e+00
1.000000e+00
1.000000e+00
1.000000e+00
1.000000e+00
1.000000e+00
1.000000e+00
1.000000e+00
1.000000e+00
1.000000e+00
1.000000e+00
1.000000e+00
1.000000e+00
1.000000e+00
1.000000e+00
1.000000e+00
1.000000e+00
1.000000e+00
1.000000e+00
1.000000e+00
1.000000e+00
1.000000e+00
1.000000e+00
1.000000e+00
1.000000e+00
1.000000e+00
1.000000e+00
1.000000e+00
1.000000e+00
1.000000e+00
1.000000e+00
1.000000e+00
1.000000e+00
1.000000e+00
1.000000e+00
1.000000e+00
1.000000e+00
1.000000e+00
1.000000e+00
1.000000e+00
1.000000e+00
1.000000e+00
1.000000e+00
1.000000e+00
9.999999e-01
9.999999e-01
9.999998e-01
9.999997e-01
9.999994e-01
9.999991e-01
9.999984e-01
9.999973e-01
9.999954e-01
9.999920e-01
9.999860e-01
9.999755e-01
9.999569e-01
9.999240e-01
9.998662e-01
9.997653e-01
9.995915e-01
9.992968e-01
9.988069e-01
9.980126e-01
9.967612e-01
9.948519e-01
9.920386e-01
9.880424e-01
9.825736e-01
9.753640e-01
9.661957e-01
9.549280e-01
9.415125e-01
9.259891e-01
9.084895e-01
8.892038e-01
8.683704e-01
8.462512e-01
8.231100e-01
7.992222e-01
7.748368e-01
7.501899e-01
7.254785e-01
7.009134e-01
6.766604e-01
6.528702e-01
6.296692e-01
6.071742e-01
5.855082e-01
5.647064e-01
5.448527e-01
5.260290e-01
5.081944e-01
4.913809e-01
4.755794e-01
4.607137e-01
4.467690e-01
4.335870e-01
4.211477e-01
4.092780e-01
3.979098e-01
3.869013e-01
3.761728e-01
3.656016e-01
3.551163e-01
3.446333e-01
3.340897e-01
3.234352e-01
3.126201e-01
3.016104e-01
2.903856e-01
2.789318e-01
2.672541e-01
2.553872e-01
2.433894e-01
2.313561e-01
2.194211e-01
2.077534e-01
1.965438e-01
1.859903e-01
1.762766e-01
1.675442e-01
1.598778e-01
1.532986e-01
1.477680e-01
1.432003e-01
1.394817e-01
1.364870e-01
1.340935e-01
1.321904e-01
1.306814e-01
1.294870e-01
1.285422e-01
1.277946e-01
1.272037e-01
1.267359e-01
1.263661e-01
1.260738e-01
1.258425e-01
1.256604e-01
1.255162e-01
1.254029e-01
1.253139e-01
1.252437e-01
1.251891e-01
1.251460e-01
1.251126e-01
1.250867e-01
1.250664e-01
1.250508e-01
1.250387e-01
1.250294e-01
1.250223e-01
1.250168e-01
1.250127e-01
1.250095e-01
1.250071e-01
1.250053e-01
1.250040e-01
1.250029e-01
1.250022e-01
1.250016e-01
1.250012e-01
1.250009e-01
1.250006e-01
1.250005e-01
1.250003e-01
1.250002e-01
1.250002e-01
1.250001e-01
1.250001e-01
1.250001e-01
1.250000e-01
1.250000e-01
1.250000e-01
1.250000e-01
1.250000e-01
1.250000e-01
1.250000e-01
1.250000e-01
1.250000e-01
1.250000e-01
1.250000e-01
1.250000e-01
1.250000e-01
1.250000e-01
1.250000e-01
1.250000e-01
1.250000e-01
1.250000e-01
1.250000e-01
1.250000e-01
1.250000e-01
1.250000e-01
1.250000e-01
1.250000e-01
1.250000e-01
1.250000e-01
1.250000e-01
1.250000e-01
1.250000e-01
1.250000e-01
1.250000e-01
1.250000e-01
1.250000e-01
1.250000e-01
1.250000e-01
1.250000e-01
1.250000e-01
1.250000e-01
1.250000e-01
1.250000e-01
1.250000e-01
1.250000e-01
1.250000e-01
1.250000e-01
1.250000e-01
1.250000e-01
1.250000e-01
1.250000e-01
1.250000e-01
1.250000e-01
1.250000e-01
1.250000e-01
1.250000e-01
1.250000e-01
1.250000e-01
1.250000e-01
1.250000e-01
1.250000e-01
1.250000e-01
1.250000e-01
1.250000e-01
1.250000e-01
1.250000e-01
1.250000e-01
1.250000e-01
1.250000e-01
1.250000e-01
1.250000e-01
1.250000e-01
1.250000e-01
1.250000e-01
1.250000e-01
1.250000e-01
1.250000e-01
1.250000e-01
1.250000e-01
1.250000e-01
1.250000e-01
1.250000e-01
1.250000e-01
1.250000e-01
1.250000e-01
1.250000e-01
1.250000e-01
1.250000e-01
1.250000e-01
1.250000e-01
1.250000e-01
1.250000e-01
1.250000e-01
1.250000e-01
1.250000e-01
1.250000e-01
1.250000e-01
1.250000e-01
1.250000e-01
1.250000e-01
1.250000e-01
1.250001e-01
1.250001e-01
1.250001e-01
1.250002e-01
1.250003e-01
1.250003e-01
1.250005e-01
1.250007e-01
1.250009e-01
1.250012e-01
1.250016e-01
1.250022e-01
1.250030e-01
1.250041e-01
1.250054e-01
1.250073e-01
1.250097e-01
1.250129e-01
1.250171e-01
1.250226e-01
1.250298e-01
1.250391e-01
1.250512e-01
1.250669e-01
1.250872e-01
1.251134e-01
1.251470e-01
1.251900e-01
1.252451e-01
1.253154e-01
1.254049e-01
1.255187e-01
1.256633e-01
1.258465e-01
1.260785e-01
1.263720e-01
1.267431e-01
1.272121e-01
1.278046e-01
1.285529e-01
1.294982e-01
1.306917e-01
1.321974e-01
1.340938e-01
1.364754e-01
1.394516e-01
1.431439e-01
1.476772e-01
1.531673e-01
1.597032e-01
1.673289e-01
1.760286e-01
1.857209e-01
1.962650e-01
2.074779e-01
2.191602e-01
2.311169e-01
2.431745e-01
2.551965e-01
2.670843e-01
2.787781e-01
2.902446e-01
3.014778e-01
3.124919e-01
3.233069e-01
3.339599e-01
3.445020e-01
3.549783e-01
3.654587e-01
3.760305e-01
3.867568e-01
3.977745e-01
4.091481e-01
4.210393e-01
4.334965e-01
4.467113e-01
4.606877e-01
4.755974e-01
4.914385e-01
