8.277333e-01
9.737516e-01
9.984793e-01
9.999729e-01
9.999999e-01
1.000000e+00
1.000000e+00
1.000000e+00
1.000000e+00
1.000000e+00
1.000000e+00
1.000000e+00
1.000000e+00
1.000000e+00
1.000000e+00
1.000000e+00
1.000000e+00
1.000000e+00
1.000000e+00
1.000000e+00
1.000000e+00
1.000000e+00
1.000000e+00
1.000000e+00
1.000000e+00
1.000000e+00
1.000000e+00
1.000000e+00
1.000000e+00
1.000000e+00
1.000000e+00
1.000000e+00
1.000000e+00
1.000000e+00
1.000000e+00
1.000000e+00
1.000000e+00
1.000000e+00
1.000000e+00
1.000000e+00
1.000000e+00
1.000000e+00
1.000000e+00
1.000000e+00
1.000000e+00
1.000000e+00
1.000000e+00
1.000000e+00
1.000000e+00
1.000000e+00
1.000000e+00
1.000000e+00
1.000000e+00
1.000000e+00
1.000000e+00
1.000000e+00
1.000000e+00
1.000000e+00
1.000000e+00
1.000000e+00
1.000000e+00
1.000000e+00
1.000000e+00
1.000000e+00
1.000000e+00
1.000000e+00
1.000000e+00
1.000000e+00
1.000000e+00
1.000000e+00
1.000000e+00
1.000000e+00
1.000000e+00
1.000000e+00
1.000000e+00
1.000000e+00
1.000000e+00
1.000000e+00
1.000000e+00
1.000000e+00
1.000000e+00
1.000000e+00
1.000000e+00
1.000000e+00
1.000000e+00
1.000000e+00
1.000000e+00
1.000000e+00
1.000000e+00
1.000000e+00
1.000000e+00
1.000000e+00
1.000000e+00
1.000000e+00
1.000000e+00
1.000000e+00
1.000000e+00
1.000000e+00
1.000000e+00
1.000000e+00
1.000000e+00
1.000000e+00
1.000000e+00
1.000000e+00
1.000000e+00
1.000000e+00
1.000000e+00
1.000000e+00
1.000000e+00
1.000000e+00
1.000000e+00
1.000000e+00
1.000000e+00
1.000000e+00
1.000000e+00
1.000000e+00
1.000000e+00
1.000000e+00
1.000000e+00
1.000000e+00
1.000000e+00
1.000000e+00
1.000000e+00
1.000000e+00
1.000000e+00
1.000000e+00
1.000000e+00
1.000000e+00
1.000000e+00
1.000000e+00
1.000000e+00
1.000000e+00
1.000000e+00
1.000000e+00
1.000000e+00
1.000000e+00
1.000000e+00
1.000000e+00
1.000000e+00
1.000000e+00
1.000000e+00
1.000000e+00
1.000000e+00
1.000000e+00
1.000000e+00
1.000000e+00
1.000000e+00
1.000000e+00
1.000000e+00
1.000000e+00
1.000000e+00
1.000000e+00
1.000000e+00
1.000000e+00
1.000000e+00
1.000000e+00
1.000000e+00
1.000000e+00
1.000000e+00
1.000000e+00
1.000000e+00
1.000000e+00
1.000000e+00
1.000000e+00
1.000000e+00
1.000000e+00
1.000000e+00
1.000000e+00
1.000000e+00
1.000000e+00
1.000000e+00
1.000000e+00
1.000000e+00
1.000000e+00
1.000000e+00
1.000000e+00
1.000000e+00
1.000000e+00
1.000000e+00
1.000000e+00
1.000000e+00
1.000000e+00
1.000000e+00
1.000000e+00
1.000000e+00
1.000000e+00
1.000000e+00
1.000000e+00
1.000000e+00
1.000000e+00
1.000000e+00
1.000000e+00
1.000000e+00
1.000000e+00
1.000000e+00
1.000000e+00
1.000000e+00
1.000000e+00
1.000000e+00
1.000000e+00
1.000000e+00
1.000000e+00
1.000000e+00
1.000000e+00
1.000000e+00
1.000000e+00
1.000000e+00
1.000000e+00
1.000000e+00
1.000000e+00
1.000000e+00
1.000000e+00
1.000000e+00
1.000000e+00
1.000000e+00
1.000000e+00
1.000000e+00
1.000000e+00
1.000000e+00
1.000000e+00
1.000000e+00
1.000000e+00
1.000000e+00
1.000000e+00
1.000000e+00
1.000000e+00
1.000000e+00
1.000000e+00
1.000000e+00
1.000000e+00
1.000000e+00
1.000000e+00
1.000000e+00
1.000000e+00
1.000000e+00
1.000000e+00
1.000000e+00
1.000000e+00
1.000000e+00
1.000000e+00
1.000000e+00
1.000000e+00
1.000000e+00
1.000000e+00
1.000000e+00
1.000000e+00
1.000000e+00
1.000000e+00
1.000000e+00
9.999999e-01
9.999986e-01
9.999830e-01
9.997908e-01
9.974562e-01
9.730192e-01
8.295693e-01
2.957206e-01
1.525924e-01
1.268292e-01
1.250406e-01
1.250002e-01
1.250000e-01
1.250000e-01
1.250000e-01
1.250000e-01
1.250000e-01
1.250000e-01
1.250000e-01
1.250000e-01
1.250000e-01
1.250000e-01
1.250000e-01
1.250000e-01
1.250000e-01
1.250000e-01
1.250000e-01
1.250000e-01
1.250000e-01
1.250000e-01
1.250000e-01
1.250000e-01
1.250000e-01
1.250000e-01
1.250000e-01
1.250000e-01
1.250000e-01
1.250000e-01
1.250000e-01
1.250000e-01
1.250000e-01
1.250000e-01
1.250000e-01
1.250000e-01
1.250000e-01
1.250000e-01
1.250000e-01
1.250000e-01
1.250000e-01
1.250000e-01
1.250000e-01
1.250000e-01
1.250000e-01
1.250000e-01
1.250000e-01
1.250000e-01
1.250000e-01
1.250000e-01
1.250000e-01
1.250000e-01
1.250000e-01
1.250000e-01
1.250000e-01
1.250000e-01
1.250000e-01
1.250000e-01
1.250000e-01
1.250000e-01
1.250000e-01
1.250000e-01
1.250000e-01
1.250000e-01
1.250000e-01
1.250000e-01
1.250000e-01
1.250000e-01
1.250000e-01
1.250000e-01
1.250000e-01
1.250000e-01
1.250000e-01
1.250000e-01
1.250000e-01
1.250000e-01
1.250000e-01
1.250000e-01
1.250000e-01
1.250000e-01
1.250000e-01
1.250000e-01
1.250000e-01
1.250000e-01
1.250000e-01
1.250000e-01
1.250000e-01
1.250000e-01
1.250000e-01
1.250000e-01
1.250000e-01
1.250000e-01
1.250000e-01
1.250000e-01
1.250000e-01
1.250000e-01
1.250000e-01
1.250000e-01
1.250000e-01
1.250000e-01
1.250000e-01
1.250000e-01
1.250000e-01
1.250000e-01
1.250000e-01
1.250000e-01
1.250000e-01
1.250000e-01
1.250000e-01
1.250000e-01
1.250000e-01
1.250000e-01
1.250000e-01
1.250000e-01
1.250000e-01
1.250000e-01
1.250000e-01
1.250000e-01
1.250000e-01
1.250000e-01
1.250000e-01
1.250000e-01
1.250000e-01
1.250000e-01
1.250000e-01
1.250000e-01
1.250000e-01
1.250000e-01
1.250000e-01
1.250000e-01
1.250000e-01
1.250000e-01
1.250000e-01
1.250000e-01
1.250000e-01
1.250000e-01
1.250000e-01
1.250000e-01
1.250000e-01
1.250000e-01
1.250000e-01
1.250000e-01
1.250000e-01
1.250000e-01
1.250000e-01
1.250000e-01
1.250000e-01
1.250000e-01
1.250000e-01
1.250000e-01
1.250000e-01
1.250000e-01
1.250000e-01
1.250000e-01
1.250000e-01
1.250000e-01
1.250000e-01
1.250000e-01
1.250000e-01
1.250000e-01
1.250000e-01
1.250000e-01
1.250000e-01
1.250000e-01
1.250000e-01
1.250000e-01
1.250000e-01
1.250000e-01
1.250000e-01
1.250000e-01
1.250000e-01
1.250000e-01
1.250000e-01
1.250000e-01
1.250000e-01
1.250000e-01
1.250000e-01
1.250000e-01
1.250000e-01
1.250000e-01
1.250000e-01
1.250000e-01
1.250000e-01
1.250000e-01
1.250000e-01
1.250000e-01
1.250000e-01
1.250000e-01
1.250000e-01
1.250000e-01
1.250000e-01
1.250000e-01
1.250000e-01
1.250000e-01
1.250000e-01
1.250000e-01
1.250000e-01
1.250000e-01
1.250000e-01
1.250000e-01
1.250000e-01
1.250000e-01
1.250000e-01
1.250000e-01
1.250000e-01
1.250000e-01
1.250000e-01
1.250000e-01
1.250000e-01
1.250000e-01
1.250000e-01
1.250000e-01
1.250000e-01
1.250000e-01
1.250000e-01
1.250000e-01
1.250000e-01
1.250000e-01
1.250000e-01
1.250000e-01
1.250000e-01
1.250000e-01
1.250000e-01
1.250000e-01
1.250000e-01
1.250000e-01
1.250000e-01
1.250000e-01
1.250000e-01
1.250000e-01
1.250000e-01
1.250000e-01
1.250000e-01
1.250000e-01
1.250000e-01
1.250000e-01
1.250000e-01
1.250000e-01
1.250000e-01
1.250000e-01
1.250000e-01
1.250000e-01
1.250000e-01
1.250000e-01
1.250000e-01
1.250000e-01
1.250000e-01
1.250000e-01
1.250002e-01
1.250019e-01
1.250218e-01
1.252512e-01
1.278579e-01
1.531618e-01
2.937682e-01
