5.022376e-01
5.167944e-01
5.321094e-01
5.481999e-01
5.650433e-01
5.826162e-01
6.008464e-01
6.197251e-01
6.391808e-01
6.591575e-01
6.795587e-01
7.003249e-01
7.213569e-01
7.425476e-01
7.637869e-01
7.849393e-01
8.058715e-01
8.264298e-01
8.464477e-01
8.657505e-01
8.841542e-01
9.014810e-01
9.175569e-01
9.322251e-01
9.453614e-01
9.568755e-01
9.667352e-01
9.749615e-01
9.816343e-01
9.868858e-01
9.908895e-01
9.938427e-01
9.959497e-01
9.974038e-01
9.983754e-01
9.990051e-01
9.994019e-01
9.996459e-01
9.997927e-01
9.998795e-01
9.999303e-01
9.999597e-01
9.999766e-01
9.999864e-01
9.999920e-01
9.999953e-01
9.999972e-01
9.999983e-01
9.999990e-01
9.999994e-01
9.999996e-01
9.999998e-01
9.999999e-01
9.999999e-01
9.999999e-01
1.000000e+00
1.000000e+00
1.000000e+00
1.000000e+00
1.000000e+00
1.000000e+00
1.000000e+00
1.000000e+00
1.000000e+00
1.000000e+00
1.000000e+00
1.000000e+00
1.000000e+00
1.000000e+00
1.000000e+00
1.000000e+00
1.000000e+00
1.000000e+00
1.000000e+00
1.000000e+00
1.000000e+00
1.000000e+00
1.000000e+00
1.000000e+00
1.000000e+00
1.000000e+00
1.000000e+00
1.000000e+00
1.000000e+00
1.000000e+00
1.000000e+00
1.000000e+00
1.000000e+00
1.000000e+00
1.000000e+00
1.000000e+00
1.000000e+00
1.000000e+00
1.000000e+00
1.000000e+00
1.000000e+00
1.000000e+00
1.000000e+00
1.000000e+00
1.000000e+00
1.000000e+00
1.000000e+00
1.000000e+00
1.000000e+00
1.000000e+00
1.000000e+00
1.000000e+00
1.000000e+00
1.000000e+00
1.000000e+00
1.000000e+00
1.000000e+00
1.000000e+00
1.000000e+00
1.000000e+00
1.000000e+00
1.000000e+00
1.000000e+00
1.000000e+00
1.000000e+00
1.000000e+00
1.000000e+00
1.000000e+00
1.000000e+00
1.000000e+00
1.000000e+00
1.000000e+00
1.000000e+00
1.000000e+00
1.000000e+00
1.000000e+00
1.000000e+00
1.000000e+00
1.000000e+00
1.000000e+00
1.000000e+00
1.000000e+00
1.000000e+00
1.000000e+00
1.000000e+00
1.000000e+00
1.000000e+00
1.000000e+00
1.000000e+00
1.000000e+00
1.000000e+00
1.000000e+00
1.000000e+00
1.000000e+00
1.000000e+00
1.000000e+00
1.000000e+00
1.000000e+00
1.000000e+00
1.000000e+00
1.000000e+00
1.000000e+00
1.000000e+00
1.000000e+00
1.000000e+00
1.000000e+00
1.000000e+00
1.000000e+00
1.000000e+00
1.000000e+00
1.000000e+00
1.000000e+00
1.000000e+00
1.000000e+00
1.000000e+00
1.000000e+00
1.000000e+00
1.000000e+00
1.000000e+00
1.000000e+00
1.000000e+00
1.000000e+00
1.000000e+00
1.000000e+00
1.000000e+00
1.000000e+00
1.000000e+00
1.000000e+00
1.000000e+00
1.000000e+00
1.000000e+00
1.000000e+00
1.000000e+00
1.000000e+00
1.000000e+00
1.000000e+00
1.000000e+00
1.000000e+00
1.000000e+00
1.000000e+00
1.000000e+00
1.000000e+00
1.000000e+00
1.000000e+00
1.000000e+00
1.000000e+00
9.999999e-01
9.999999e-01
9.999998e-01
9.999997e-01
9.999995e-01
9.999992e-01
9.999987e-01
9.999978e-01
9.999964e-01
9.999939e-01
9.999897e-01
9.999826e-01
9.999705e-01
9.999499e-01
9.999149e-01
9.998560e-01
9.997577e-01
9.995955e-01
9.993324e-01
9.989131e-01
9.982596e-01
9.972658e-01
9.957949e-01
9.936802e-01
9.907312e-01
9.867445e-01
9.815216e-01
9.748850e-01
9.666973e-01
9.568729e-01
9.453860e-01
9.322656e-01
9.176002e-01
9.015147e-01
8.841669e-01
8.657336e-01
8.463943e-01
8.263376e-01
8.057396e-01
7.847697e-01
7.635840e-01
7.423156e-01
7.211033e-01
7.000564e-01
6.792825e-01
6.588797e-01
6.389093e-01
6.194641e-01
6.006027e-01
5.823923e-01
5.648450e-01
5.480281e-01
5.319669e-01
5.166810e-01
5.021619e-01
4.884084e-01
4.754228e-01
4.631423e-01
4.515521e-01
4.405977e-01
4.301861e-01
4.202912e-01
4.107983e-01
4.016485e-01
3.927820e-01
3.840914e-01
3.755479e-01
3.670660e-01
3.586125e-01
3.501462e-01
3.416323e-01
3.330416e-01
3.243603e-01
3.155589e-01
3.066233e-01
2.975315e-01
2.882642e-01
2.788039e-01
2.691392e-01
2.592714e-01
2.492175e-01
2.390151e-01
2.287296e-01
2.184546e-01
2.083112e-01
1.984413e-01
1.889974e-01
1.801291e-01
1.719641e-01
1.645969e-01
1.580797e-01
1.524203e-01
1.475868e-01
1.435166e-01
1.401283e-01
1.373325e-01
1.350399e-01
1.331682e-01
1.316440e-01
1.304042e-01
1.293965e-01
1.285775e-01
1.279110e-01
1.273689e-01
1.269277e-01
1.265678e-01
1.262748e-01
1.260362e-01
1.258412e-01
1.256826e-01
1.255536e-01
1.254480e-01
1.253624e-01
1.252930e-01
1.252360e-01
1.251902e-01
1.251531e-01
1.251227e-01
1.250984e-01
1.250789e-01
1.250628e-01
1.250501e-01
1.250400e-01
1.250316e-01
1.250251e-01
1.250199e-01
1.250156e-01
1.250123e-01
1.250097e-01
1.250076e-01
1.250060e-01
1.250047e-01
1.250036e-01
1.250028e-01
1.250022e-01
1.250017e-01
1.250013e-01
1.250010e-01
1.250008e-01
1.250006e-01
1.250005e-01
1.250003e-01
1.250003e-01
1.250002e-01
1.250002e-01
1.250001e-01
1.250001e-01
1.250001e-01
1.250000e-01
1.250000e-01
1.250000e-01
1.250000e-01
1.250000e-01
1.250000e-01
1.250000e-01
1.250000e-01
1.250000e-01
1.250000e-01
1.250000e-01
1.250000e-01
1.250000e-01
1.250000e-01
1.250000e-01
1.250000e-01
1.250000e-01
1.250000e-01
1.250000e-01
1.250000e-01
1.250000e-01
1.250000e-01
1.250000e-01
1.250000e-01
1.250000e-01
1.250000e-01
1.250000e-01
1.250000e-01
1.250000e-01
1.250000e-01
1.250000e-01
1.250000e-01
1.250000e-01
1.250000e-01
1.250000e-01
1.250000e-01
1.250000e-01
1.250000e-01
1.250000e-01
1.250000e-01
1.250000e-01
1.250000e-01
1.250000e-01
1.250000e-01
1.250000e-01
1.250000e-01
1.250000e-01
1.250000e-01
1.250000e-01
1.250000e-01
1.250000e-01
1.250000e-01
1.250000e-01
1.250000e-01
1.250000e-01
1.250000e-01
1.250000e-01
1.250000e-01
1.250000e-01
1.250000e-01
1.250000e-01
1.250000e-01
1.250000e-01
1.250000e-01
1.250000e-01
1.250000e-01
1.250000e-01
1.250000e-01
1.250000e-01
1.250001e-01
1.250001e-01
1.250001e-01
1.250001e-01
1.250002e-01
1.250002e-01
1.250003e-01
1.250004e-01
1.250005e-01
1.250006e-01
1.250008e-01
1.250010e-01
1.250013e-01
1.250017e-01
1.250022e-01
1.250029e-01
1.250037e-01
1.250047e-01
1.250060e-01
1.250077e-01
1.250098e-01
1.250125e-01
1.250158e-01
1.250200e-01
1.250253e-01
1.250319e-01
1.250401e-01
1.250504e-01
1.250632e-01
1.250791e-01
1.250988e-01
1.251233e-01
1.251535e-01
1.251909e-01
1.252369e-01
1.252937e-01
1.253637e-01
1.254496e-01
1.255553e-01
1.256851e-01
1.258442e-01
1.260396e-01
1.262792e-01
1.265730e-01
1.269335e-01
1.273759e-01
1.279189e-01
1.285858e-01
1.294053e-01
1.304124e-01
1.316502e-01
1.331706e-01
1.350354e-01
1.373171e-01
1.400971e-01
1.434637e-01
1.475065e-01
1.523077e-01
1.579320e-01
1.644147e-01
1.717516e-01
1.798939e-01
1.887493e-01
1.981896e-01
2.080652e-01
2.182224e-01
2.285166e-01
2.388231e-01
2.490459e-01
2.591186e-01
2.690022e-01
2.786788e-01
2.881481e-01
2.974207e-01
3.065158e-01
3.154522e-01
3.242512e-01
3.329286e-01
3.415176e-01
3.500254e-01
3.584902e-01
3.669367e-01
3.754204e-01
3.839615e-01
3.926563e-01
4.015265e-01
4.106849e-01
4.201935e-01
4.301037e-01
4.405400e-01
4.515168e-01
4.631355e-01
4.754462e-01
4.884603e-01
