5.136239e-01
5.348602e-01
5.572875e-01
5.809777e-01
6.057515e-01
6.315557e-01
6.582052e-01
6.855013e-01
7.132685e-01
7.412510e-01
7.691715e-01
7.967398e-01
8.236257e-01
8.494894e-01
8.739479e-01
8.966568e-01
9.172774e-01
9.355333e-01
9.512235e-01
9.642726e-01
9.747289e-01
9.827743e-01
9.886978e-01
9.928641e-01
9.956598e-01
9.974509e-01
9.985484e-01
9.991943e-01
9.995614e-01
9.997642e-01
9.998739e-01
9.999326e-01
9.999638e-01
9.999804e-01
9.999893e-01
9.999941e-01
9.999967e-01
9.999981e-01
9.999989e-01
9.999994e-01
9.999996e-01
9.999998e-01
9.999999e-01
9.999999e-01
1.000000e+00
1.000000e+00
1.000000e+00
1.000000e+00
1.000000e+00
1.000000e+00
1.000000e+00
1.000000e+00
1.000000e+00
1.000000e+00
1.000000e+00
1.000000e+00
1.000000e+00
1.000000e+00
1.000000e+00
1.000000e+00
1.000000e+00
1.000000e+00
1.000000e+00
1.000000e+00
1.000000e+00
1.000000e+00
1.000000e+00
1.000000e+00
1.000000e+00
1.000000e+00
1.000000e+00
1.000000e+00
1.000000e+00
1.000000e+00
1.000000e+00
1.000000e+00
1.000000e+00
1.000000e+00
1.000000e+00
1.000000e+00
1.000000e+00
1.000000e+00
1.000000e+00
1.000000e+00
1.000000e+00
1.000000e+00
1.000000e+00
1.000000e+00
1.000000e+00
1.000000e+00
1.000000e+00
1.000000e+00
1.000000e+00
1.000000e+00
1.000000e+00
1.000000e+00
1.000000e+00
1.000000e+00
1.000000e+00
1.000000e+00
1.000000e+00
1.000000e+00
1.000000e+00
1.000000e+00
1.000000e+00
1.000000e+00
1.000000e+00
1.000000e+00
1.000000e+00
1.000000e+00
1.000000e+00
1.000000e+00
1.000000e+00
1.000000e+00
1.000000e+00
1.000000e+00
1.000000e+00
1.000000e+00
1.000000e+00
1.000000e+00
1.000000e+00
1.000000e+00
1.000000e+00
1.000000e+00
1.000000e+00
1.000000e+00
1.000000e+00
1.000000e+00
1.000000e+00
1.000000e+00
1.000000e+00
1.000000e+00
1.000000e+00
1.000000e+00
1.000000e+00
1.000000e+00
1.000000e+00
1.000000e+00
1.000000e+00
1.000000e+00
1.000000e+00
1.000000e+00
1.000000e+00
1.000000e+00
1.000000e+00
1.000000e+00
1.000000e+00
1.000000e+00
1.000000e+00
1.000000e+00
1.000000e+00
1.000000e+00
1.000000e+00
1.000000e+00
1.000000e+00
1.000000e+00
1.000000e+00
1.000000e+00
1.000000e+00
1.000000e+00
1.000000e+00
1.000000e+00
1.000000e+00
1.000000e+00
1.000000e+00
1.000000e+00
1.000000e+00
1.000000e+00
1.000000e+00
1.000000e+00
1.000000e+00
1.000000e+00
1.000000e+00
1.000000e+00
1.000000e+00
1.000000e+00
1.000000e+00
1.000000e+00
1.000000e+00
1.000000e+00
1.000000e+00
1.000000e+00
1.000000e+00
1.000000e+00
1.000000e+00
1.000000e+00
1.000000e+00
1.000000e+00
1.000000e+00
1.000000e+00
1.000000e+00
1.000000e+00
1.000000e+00
1.000000e+00
1.000000e+00
1.000000e+00
1.000000e+00
1.000000e+00
1.000000e+00
1.000000e+00
1.000000e+00
1.000000e+00
1.000000e+00
1.000000e+00
1.000000e+00
1.000000e+00
1.000000e+00
1.000000e+00
1.000000e+00
1.000000e+00
1.000000e+00
9.999999e-01
9.999999e-01
9.999998e-01
9.999997e-01
9.999995e-01
9.999992e-01
9.999986e-01
9.999975e-01
9.999956e-01
9.999921e-01
9.999858e-01
9.999743e-01
9.999532e-01
9.999147e-01
9.998444e-01
9.997172e-01
9.994902e-01
9.990923e-01
9.984117e-01
9.972809e-01
9.954662e-01
9.926645e-01
9.885154e-01
9.826315e-01
9.746414e-01
9.642438e-01
9.512440e-01
9.355833e-01
9.173318e-01
8.966905e-01
8.739401e-01
8.494247e-01
8.234973e-01
7.965473e-01
7.689229e-01
7.409559e-01
7.129430e-01
6.851615e-01
6.578647e-01
6.312300e-01
6.054568e-01
5.807154e-01
5.570758e-01
5.346935e-01
5.135260e-01
4.936751e-01
4.751162e-01
4.577635e-01
4.415130e-01
4.262300e-01
4.117753e-01
3.980016e-01
3.847296e-01
3.718350e-01
3.591568e-01
3.465648e-01
3.339443e-01
3.212172e-01
3.083041e-01
2.951708e-01
2.817985e-01
2.682063e-01
2.544569e-01
2.406555e-01
2.269584e-01
2.135696e-01
2.007286e-01
1.886846e-01
1.776725e-01
1.678758e-01
1.593971e-01
1.522512e-01
1.463719e-01
1.416325e-01
1.378732e-01
1.349266e-01
1.326357e-01
1.308635e-01
1.294967e-01
1.284443e-01
1.276347e-01
1.270123e-01
1.265341e-01
1.261673e-01
1.258858e-01
1.256708e-01
1.255062e-01
1.253811e-01
1.252857e-01
1.252136e-01
1.251590e-01
1.251180e-01
1.250872e-01
1.250642e-01
1.250471e-01
1.250344e-01
1.250250e-01
1.250181e-01
1.250131e-01
1.250094e-01
1.250067e-01
1.250048e-01
1.250034e-01
1.250024e-01
1.250017e-01
1.250012e-01
1.250008e-01
1.250006e-01
1.250004e-01
1.250003e-01
1.250002e-01
1.250001e-01
1.250001e-01
1.250001e-01
1.250000e-01
1.250000e-01
1.250000e-01
1.250000e-01
1.250000e-01
1.250000e-01
1.250000e-01
1.250000e-01
1.250000e-01
1.250000e-01
1.250000e-01
1.250000e-01
1.250000e-01
1.250000e-01
1.250000e-01
1.250000e-01
1.250000e-01
1.250000e-01
1.250000e-01
1.250000e-01
1.250000e-01
1.250000e-01
1.250000e-01
1.250000e-01
1.250000e-01
1.250000e-01
1.250000e-01
1.250000e-01
1.250000e-01
1.250000e-01
1.250000e-01
1.250000e-01
1.250000e-01
1.250000e-01
1.250000e-01
1.250000e-01
1.250000e-01
1.250000e-01
1.250000e-01
1.250000e-01
1.250000e-01
1.250000e-01
1.250000e-01
1.250000e-01
1.250000e-01
1.250000e-01
1.250000e-01
1.250000e-01
1.250000e-01
1.250000e-01
1.250000e-01
1.250000e-01
1.250000e-01
1.250000e-01
1.250000e-01
1.250000e-01
1.250000e-01
1.250000e-01
1.250000e-01
1.250000e-01
1.250000e-01
1.250000e-01
1.250000e-01
1.250000e-01
1.250000e-01
1.250000e-01
1.250000e-01
1.250000e-01
1.250000e-01
1.250000e-01
1.250000e-01
1.250000e-01
1.250000e-01
1.250000e-01
1.250000e-01
1.250000e-01
1.250000e-01
1.250000e-01
1.250000e-01
1.250000e-01
1.250000e-01
1.250000e-01
1.250000e-01
1.250000e-01
1.250000e-01
1.250000e-01
1.250000e-01
1.250000e-01
1.250000e-01
1.250000e-01
1.250000e-01
1.250000e-01
1.250000e-01
1.250000e-01
1.250000e-01
1.250000e-01
1.250000e-01
1.250000e-01
1.250000e-01
1.250000e-01
1.250000e-01
1.250000e-01
1.250000e-01
1.250000e-01
1.250000e-01
1.250000e-01
1.250000e-01
1.250000e-01
1.250000e-01
1.250000e-01
1.250000e-01
1.250000e-01
1.250000e-01
1.250000e-01
1.250000e-01
1.250000e-01
1.250000e-01
1.250000e-01
1.250001e-01
1.250001e-01
1.250001e-01
1.250002e-01
1.250003e-01
1.250004e-01
1.250006e-01
1.250009e-01
1.250012e-01
1.250018e-01
1.250025e-01
1.250035e-01
1.250049e-01
1.250069e-01
1.250096e-01
1.250134e-01
1.250185e-01
1.250255e-01
1.250350e-01
1.250478e-01
1.250651e-01
1.250882e-01
1.251192e-01
1.251605e-01
1.252154e-01
1.252879e-01
1.253837e-01
1.255097e-01
1.256749e-01
1.258913e-01
1.261740e-01
1.265425e-01
1.270225e-01
1.276467e-01
1.284578e-01
1.295107e-01
1.308761e-01
1.326433e-01
1.349238e-01
1.378520e-01
1.415830e-01
1.462837e-01
1.521154e-01
1.592099e-01
1.676403e-01
1.773990e-01
1.883866e-01
2.004219e-01
2.132712e-01
2.266812e-01
2.404050e-01
2.542344e-01
2.680098e-01
2.816237e-01
2.950099e-01
3.081524e-01
3.210691e-01
3.337964e-01
3.464156e-01
3.590077e-01
3.716808e-01
3.845737e-01
3.978513e-01
4.116345e-01
4.261178e-01
4.414292e-01
4.577252e-01
4.751238e-01
4.937381e-01
