5.158033e-01
5.384982e-01
5.625022e-01
5.878663e-01
6.143576e-01
6.419112e-01
6.703170e-01
6.993090e-01
7.286526e-01
7.580580e-01
7.871580e-01
8.156118e-01
8.430281e-01
8.689754e-01
8.930616e-01
9.149014e-01
9.341789e-01
9.506668e-01
9.642824e-01
9.750878e-01
9.832972e-01
9.892476e-01
9.933546e-01
9.960511e-01
9.977367e-01
9.987427e-01
9.993188e-01
9.996375e-01
9.998090e-01
9.998997e-01
9.999471e-01
9.999719e-01
9.999850e-01
9.999918e-01
9.999955e-01
9.999975e-01
9.999986e-01
9.999992e-01
9.999995e-01
9.999997e-01
9.999998e-01
9.999999e-01
9.999999e-01
1.000000e+00
1.000000e+00
1.000000e+00
1.000000e+00
1.000000e+00
1.000000e+00
1.000000e+00
1.000000e+00
1.000000e+00
1.000000e+00
1.000000e+00
1.000000e+00
1.000000e+00
1.000000e+00
1.000000e+00
1.000000e+00
1.000000e+00
1.000000e+00
1.000000e+00
1.000000e+00
1.000000e+00
1.000000e+00
1.000000e+00
1.000000e+00
1.000000e+00
1.000000e+00
1.000000e+00
1.000000e+00
1.000000e+00
1.000000e+00
1.000000e+00
1.000000e+00
1.000000e+00
1.000000e+00
1.000000e+00
1.000000e+00
1.000000e+00
1.000000e+00
1.000000e+00
1.000000e+00
1.000000e+00
1.000000e+00
1.000000e+00
1.000000e+00
1.000000e+00
1.000000e+00
1.000000e+00
1.000000e+00
1.000000e+00
1.000000e+00
1.000000e+00
1.000000e+00
1.000000e+00
1.000000e+00
1.000000e+00
1.000000e+00
1.000000e+00
1.000000e+00
1.000000e+00
1.000000e+00
1.000000e+00
1.000000e+00
1.000000e+00
1.000000e+00
1.000000e+00
1.000000e+00
1.000000e+00
1.000000e+00
1.000000e+00
1.000000e+00
1.000000e+00
1.000000e+00
1.000000e+00
1.000000e+00
1.000000e+00
1.000000e+00
1.000000e+00
1.000000e+00
1.000000e+00
1.000000e+00
1.000000e+00
1.000000e+00
1.000000e+00
1.000000e+00
1.000000e+00
1.000000e+00
1.000000e+00
1.000000e+00
1.000000e+00
1.000000e+00
1.000000e+00
1.000000e+00
1.000000e+00
1.000000e+00
1.000000e+00
1.000000e+00
1.000000e+00
1.000000e+00
1.000000e+00
1.000000e+00
1.000000e+00
1.000000e+00
1.000000e+00
1.000000e+00
1.000000e+00
1.000000e+00
1.000000e+00
1.000000e+00
1.000000e+00
1.000000e+00
1.000000e+00
1.000000e+00
1.000000e+00
1.000000e+00
1.000000e+00
1.000000e+00
1.000000e+00
1.000000e+00
1.000000e+00
1.000000e+00
1.000000e+00
1.000000e+00
1.000000e+00
1.000000e+00
1.000000e+00
1.000000e+00
1.000000e+00
1.000000e+00
1.000000e+00
1.000000e+00
1.000000e+00
1.000000e+00
1.000000e+00
1.000000e+00
1.000000e+00
1.000000e+00
1.000000e+00
1.000000e+00
1.000000e+00
1.000000e+00
1.000000e+00
1.000000e+00
1.000000e+00
1.000000e+00
1.000000e+00
1.000000e+00
1.000000e+00
1.000000e+00
1.000000e+00
1.000000e+00
1.000000e+00
1.000000e+00
1.000000e+00
1.000000e+00
1.000000e+00
1.000000e+00
1.000000e+00
1.000000e+00
1.000000e+00
1.000000e+00
1.000000e+00
1.000000e+00
1.000000e+00
1.000000e+00
1.000000e+00
1.000000e+00
1.000000e+00
1.000000e+00
1.000000e+00
1.000000e+00
9.999999e-01
9.999999e-01
9.999998e-01
9.999997e-01
9.999994e-01
9.999989e-01
9.999981e-01
9.999967e-01
9.999940e-01
9.999891e-01
9.999801e-01
9.999632e-01
9.999320e-01
9.998740e-01
9.997671e-01
9.995720e-01
9.992224e-01
9.986097e-01
9.975670e-01
9.958533e-01
9.931470e-01
9.890553e-01
9.831458e-01
9.749951e-01
9.642531e-01
9.506902e-01
9.342323e-01
9.149563e-01
8.930903e-01
8.689553e-01
8.429434e-01
8.154575e-01
7.869363e-01
7.577790e-01
7.283308e-01
6.989615e-01
6.699640e-01
6.415677e-01
6.140416e-01
5.875856e-01
5.622758e-01
5.383190e-01
5.157015e-01
4.945349e-01
4.747766e-01
4.563470e-01
4.390920e-01
4.229044e-01
4.075639e-01
3.929517e-01
3.788513e-01
3.650917e-01
3.515081e-01
3.379655e-01
3.243500e-01
3.105684e-01
2.965736e-01
2.823435e-01
2.679052e-01
2.533380e-01
2.387719e-01
2.243953e-01
2.104485e-01
1.972021e-01
1.849281e-01
1.738677e-01
1.641895e-01
1.559632e-01
1.491596e-01
1.436665e-01
1.393183e-01
1.359276e-01
1.333115e-01
1.313067e-01
1.297768e-01
1.286122e-01
1.277269e-01
1.270547e-01
1.265446e-01
1.261585e-01
1.258662e-01
1.256459e-01
1.254797e-01
1.253552e-01
1.252618e-01
1.251924e-01
1.251406e-01
1.251024e-01
1.250742e-01
1.250536e-01
1.250385e-01
1.250275e-01
1.250196e-01
1.250139e-01
1.250098e-01
1.250069e-01
1.250048e-01
1.250033e-01
1.250023e-01
1.250016e-01
1.250011e-01
1.250007e-01
1.250005e-01
1.250003e-01
1.250002e-01
1.250001e-01
1.250001e-01
1.250001e-01
1.250000e-01
1.250000e-01
1.250000e-01
1.250000e-01
1.250000e-01
1.250000e-01
1.250000e-01
1.250000e-01
1.250000e-01
1.250000e-01
1.250000e-01
1.250000e-01
1.250000e-01
1.250000e-01
1.250000e-01
1.250000e-01
1.250000e-01
1.250000e-01
1.250000e-01
1.250000e-01
1.250000e-01
1.250000e-01
1.250000e-01
1.250000e-01
1.250000e-01
1.250000e-01
1.250000e-01
1.250000e-01
1.250000e-01
1.250000e-01
1.250000e-01
1.250000e-01
1.250000e-01
1.250000e-01
1.250000e-01
1.250000e-01
1.250000e-01
1.250000e-01
1.250000e-01
1.250000e-01
1.250000e-01
1.250000e-01
1.250000e-01
1.250000e-01
1.250000e-01
1.250000e-01
1.250000e-01
1.250000e-01
1.250000e-01
1.250000e-01
1.250000e-01
1.250000e-01
1.250000e-01
1.250000e-01
1.250000e-01
1.250000e-01
1.250000e-01
1.250000e-01
1.250000e-01
1.250000e-01
1.250000e-01
1.250000e-01
1.250000e-01
1.250000e-01
1.250000e-01
1.250000e-01
1.250000e-01
1.250000e-01
1.250000e-01
1.250000e-01
1.250000e-01
1.250000e-01
1.250000e-01
1.250000e-01
1.250000e-01
1.250000e-01
1.250000e-01
1.250000e-01
1.250000e-01
1.250000e-01
1.250000e-01
1.250000e-01
1.250000e-01
1.250000e-01
1.250000e-01
1.250000e-01
1.250000e-01
1.250000e-01
1.250000e-01
1.250000e-01
1.250000e-01
1.250000e-01
1.250000e-01
1.250000e-01
1.250000e-01
1.250000e-01
1.250000e-01
1.250000e-01
1.250000e-01
1.250000e-01
1.250000e-01
1.250000e-01
1.250000e-01
1.250000e-01
1.250000e-01
1.250000e-01
1.250000e-01
1.250000e-01
1.250000e-01
1.250000e-01
1.250000e-01
1.250000e-01
1.250000e-01
1.250000e-01
1.250000e-01
1.250000e-01
1.250000e-01
1.250000e-01
1.250000e-01
1.250000e-01
1.250000e-01
1.250000e-01
1.250000e-01
1.250000e-01
1.250000e-01
1.250000e-01
1.250001e-01
1.250001e-01
1.250002e-01
1.250002e-01
1.250004e-01
1.250005e-01
1.250008e-01
1.250011e-01
1.250017e-01
1.250024e-01
1.250035e-01
1.250050e-01
1.250071e-01
1.250101e-01
1.250143e-01
1.250201e-01
1.250281e-01
1.250392e-01
1.250545e-01
1.250753e-01
1.251038e-01
1.251423e-01
1.251943e-01
1.252643e-01
1.253582e-01
1.254836e-01
1.256505e-01
1.258723e-01
1.261660e-01
1.265541e-01
1.270661e-01
1.277404e-01
1.286272e-01
1.297921e-01
1.313196e-01
1.333172e-01
1.359191e-01
1.392857e-01
1.435981e-01
1.490443e-01
1.557939e-01
1.639660e-01
1.735982e-01
1.846261e-01
1.968845e-01
2.101347e-01
2.241008e-01
2.385045e-01
2.531008e-01
2.676966e-01
2.821582e-01
2.964035e-01
3.104090e-01
3.241944e-01
3.378099e-01
3.513497e-01
3.649331e-01
3.786961e-01
3.927956e-01
4.074167e-01
4.227779e-01
4.389952e-01
4.563025e-01
4.747793e-01
4.946012e-01
