5.048278e-01
5.207583e-01
5.375378e-01
5.551942e-01
5.736731e-01
5.929499e-01
6.129576e-01
6.336434e-01
6.549274e-01
6.767053e-01
6.988937e-01
7.213747e-01
7.440194e-01
7.666818e-01
7.892063e-01
8.114214e-01
8.331370e-01
8.541566e-01
8.742569e-01
8.932322e-01
9.108725e-01
9.269867e-01
9.414190e-01
9.540525e-01
9.648391e-01
9.737950e-01
9.810078e-01
9.866304e-01
9.908638e-01
9.939397e-01
9.960951e-01
9.975522e-01
9.985039e-01
9.991056e-01
9.994751e-01
9.996963e-01
9.998260e-01
9.999009e-01
9.999436e-01
9.999679e-01
9.999816e-01
9.999894e-01
9.999938e-01
9.999964e-01
9.999979e-01
9.999987e-01
9.999992e-01
9.999995e-01
9.999997e-01
9.999998e-01
9.999999e-01
9.999999e-01
1.000000e+00
1.000000e+00
1.000000e+00
1.000000e+00
1.000000e+00
1.000000e+00
1.000000e+00
1.000000e+00
1.000000e+00
1.000000e+00
1.000000e+00
1.000000e+00
1.000000e+00
1.000000e+00
1.000000e+00
1.000000e+00
1.000000e+00
1.000000e+00
1.000000e+00
1.000000e+00
1.000000e+00
1.000000e+00
1.000000e+00
1.000000e+00
1.000000e+00
1.000000e+00
1.000000e+00
1.000000e+00
1.000000e+00
1.000000e+00
1.000000e+00
1.000000e+00
1.000000e+00
1.000000e+00
1.000000e+00
1.000000e+00
1.000000e+00
1.000000e+00
1.000000e+00
1.000000e+00
1.000000e+00
1.000000e+00
1.000000e+00
1.000000e+00
1.000000e+00
1.000000e+00
1.000000e+00
1.000000e+00
1.000000e+00
1.000000e+00
1.000000e+00
1.000000e+00
1.000000e+00
1.000000e+00
1.000000e+00
1.000000e+00
1.000000e+00
1.000000e+00
1.000000e+00
1.000000e+00
1.000000e+00
1.000000e+00
1.000000e+00
1.000000e+00
1.000000e+00
1.000000e+00
1.000000e+00
1.000000e+00
1.000000e+00
1.000000e+00
1.000000e+00
1.000000e+00
1.000000e+00
1.000000e+00
1.000000e+00
1.000000e+00
1.000000e+00
1.000000e+00
1.000000e+00
1.000000e+00
1.000000e+00
1.000000e+00
1.000000e+00
1.000000e+00
1.000000e+00
1.000000e+00
1.000000e+00
1.000000e+00
1.000000e+00
1.000000e+00
1.000000e+00
1.000000e+00
1.000000e+00
1.000000e+00
1.000000e+00
1.000000e+00
1.000000e+00
1.000000e+00
1.000000e+00
1.000000e+00
1.000000e+00
1.000000e+00
1.000000e+00
1.000000e+00
1.000000e+00
1.000000e+00
1.000000e+00
1.000000e+00
1.000000e+00
1.000000e+00
1.000000e+00
1.000000e+00
1.000000e+00
1.000000e+00
1.000000e+00
1.000000e+00
1.000000e+00
1.000000e+00
1.000000e+00
1.000000e+00
1.000000e+00
1.000000e+00
1.000000e+00
1.000000e+00
1.000000e+00
1.000000e+00
1.000000e+00
1.000000e+00
1.000000e+00
1.000000e+00
1.000000e+00
1.000000e+00
1.000000e+00
1.000000e+00
1.000000e+00
1.000000e+00
1.000000e+00
1.000000e+00
1.000000e+00
1.000000e+00
1.000000e+00
1.000000e+00
1.000000e+00
1.000000e+00
1.000000e+00
1.000000e+00
1.000000e+00
1.000000e+00
1.000000e+00
1.000000e+00
1.000000e+00
9.999999e-01
9.999999e-01
9.999999e-01
9.999998e-01
9.999996e-01
9.999994e-01
9.999990e-01
9.999984e-01
9.999972e-01
9.999953e-01
9.999920e-01
9.999863e-01
9.999765e-01
9.999595e-01
9.999302e-01
9.998797e-01
9.997936e-01
9.996485e-01
9.994074e-01
9.990140e-01
9.983863e-01
9.974099e-01
9.959335e-01
9.937691e-01
9.906979e-01
9.864839e-01
9.808942e-01
9.737221e-01
9.648087e-01
9.540595e-01
9.414525e-01
9.270328e-01
9.109156e-01
8.932580e-01
8.742534e-01
8.541149e-01
8.330522e-01
8.112915e-01
7.890334e-01
7.664706e-01
7.437749e-01
7.211063e-01
6.986089e-01
6.764134e-01
6.546352e-01
6.333607e-01
6.126903e-01
5.927041e-01
5.734528e-01
5.550030e-01
5.373816e-01
5.206352e-01
5.047473e-01
4.897294e-01
4.755794e-01
4.622216e-01
4.496555e-01
4.377678e-01
4.264990e-01
4.157912e-01
4.055111e-01
3.956119e-01
3.859622e-01
3.765215e-01
3.671879e-01
3.579098e-01
3.486271e-01
3.393009e-01
3.298822e-01
3.203511e-01
3.106721e-01
3.008191e-01
2.907752e-01
2.805223e-01
2.700530e-01
2.593781e-01
2.485271e-01
2.375548e-01
2.265478e-01
2.156245e-01
2.049330e-01
1.946379e-01
1.849108e-01
1.759083e-01
1.677536e-01
1.605244e-01
1.542465e-01
1.488964e-01
1.444109e-01
1.407003e-01
1.376624e-01
1.351938e-01
1.331982e-01
1.315901e-01
1.302962e-01
1.292562e-01
1.284202e-01
1.277477e-01
1.272072e-01
1.267720e-01
1.264217e-01
1.261402e-01
1.259131e-01
1.257305e-01
1.255841e-01
1.254658e-01
1.253713e-01
1.252954e-01
1.252344e-01
1.251860e-01
1.251471e-01
1.251160e-01
1.250915e-01
1.250719e-01
1.250563e-01
1.250442e-01
1.250344e-01
1.250268e-01
1.250209e-01
1.250161e-01
1.250125e-01
1.250096e-01
1.250074e-01
1.250057e-01
1.250044e-01
1.250033e-01
1.250025e-01
1.250019e-01
1.250015e-01
1.250011e-01
1.250008e-01
1.250006e-01
1.250005e-01
1.250003e-01
1.250003e-01
1.250002e-01
1.250001e-01
1.250001e-01
1.250001e-01
1.250001e-01
1.250000e-01
1.250000e-01
1.250000e-01
1.250000e-01
1.250000e-01
1.250000e-01
1.250000e-01
1.250000e-01
1.250000e-01
1.250000e-01
1.250000e-01
1.250000e-01
1.250000e-01
1.250000e-01
1.250000e-01
1.250000e-01
1.250000e-01
1.250000e-01
1.250000e-01
1.250000e-01
1.250000e-01
1.250000e-01
1.250000e-01
1.250000e-01
1.250000e-01
1.250000e-01
1.250000e-01
1.250000e-01
1.250000e-01
1.250000e-01
1.250000e-01
1.250000e-01
1.250000e-01
1.250000e-01
1.250000e-01
1.250000e-01
1.250000e-01
1.250000e-01
1.250000e-01
1.250000e-01
1.250000e-01
1.250000e-01
1.250000e-01
1.250000e-01
1.250000e-01
1.250000e-01
1.250000e-01
1.250000e-01
1.250000e-01
1.250000e-01
1.250000e-01
1.250000e-01
1.250000e-01
1.250000e-01
1.250000e-01
1.250000e-01
1.250000e-01
1.250000e-01
1.250000e-01
1.250000e-01
1.250000e-01
1.250000e-01
1.250000e-01
1.250000e-01
1.250000e-01
1.250000e-01
1.250000e-01
1.250000e-01
1.250000e-01
1.250000e-01
1.250000e-01
1.250000e-01
1.250000e-01
1.250000e-01
1.250000e-01
1.250000e-01
1.250000e-01
1.250000e-01
1.250000e-01
1.250000e-01
1.250000e-01
1.250000e-01
1.250001e-01
1.250001e-01
1.250001e-01
1.250001e-01
1.250002e-01
1.250003e-01
1.250004e-01
1.250005e-01
1.250006e-01
1.250009e-01
1.250011e-01
1.250015e-01
1.250020e-01
1.250026e-01
1.250034e-01
1.250044e-01
1.250058e-01
1.250075e-01
1.250098e-01
1.250126e-01
1.250163e-01
1.250210e-01
1.250270e-01
1.250347e-01
1.250444e-01
1.250567e-01
1.250723e-01
1.250919e-01
1.251166e-01
1.251477e-01
1.251866e-01
1.252354e-01
1.252965e-01
1.253727e-01
1.254677e-01
1.255861e-01
1.257335e-01
1.259166e-01
1.261443e-01
1.264271e-01
1.267783e-01
1.272145e-01
1.277563e-01
1.284294e-01
1.292659e-01
1.303055e-01
1.315973e-01
1.332011e-01
1.351888e-01
1.376447e-01
1.406641e-01
1.443494e-01
1.488031e-01
1.541164e-01
1.603558e-01
1.675489e-01
1.756742e-01
1.846572e-01
1.943755e-01
2.046722e-01
2.153753e-01
2.263175e-01
2.373464e-01
2.483411e-01
2.592125e-01
2.699043e-01
2.803870e-01
2.906502e-01
3.007001e-01
3.105554e-01
3.202349e-01
3.297649e-01
3.391794e-01
3.485000e-01
3.577811e-01
3.670527e-01
3.763885e-01
3.858255e-01
3.954822e-01
4.053866e-01
4.156809e-01
4.264027e-01
4.376950e-01
4.496128e-01
4.622065e-01
4.756019e-01
4.897834e-01
