5.111882e-01
5.308490e-01
5.515920e-01
5.734914e-01
5.964324e-01
6.203121e-01
6.450274e-01
6.704584e-01
6.964036e-01
7.227082e-01
7.491620e-01
7.755075e-01
8.015072e-01
8.268702e-01
8.513040e-01
8.744770e-01
8.960890e-01
9.158416e-01
9.334856e-01
9.488276e-01
9.617774e-01
9.723467e-01
9.806606e-01
9.869440e-01
9.914966e-01
9.946549e-01
9.967522e-01
9.980870e-01
9.989032e-01
9.993848e-01
9.996604e-01
9.998144e-01
9.998990e-01
9.999450e-01
9.999699e-01
9.999834e-01
9.999907e-01
9.999948e-01
9.999970e-01
9.999983e-01
9.999990e-01
9.999994e-01
9.999997e-01
9.999998e-01
9.999999e-01
9.999999e-01
1.000000e+00
1.000000e+00
1.000000e+00
1.000000e+00
1.000000e+00
1.000000e+00
1.000000e+00
1.000000e+00
1.000000e+00
1.000000e+00
1.000000e+00
1.000000e+00
1.000000e+00
1.000000e+00
1.000000e+00
1.000000e+00
1.000000e+00
1.000000e+00
1.000000e+00
1.000000e+00
1.000000e+00
1.000000e+00
1.000000e+00
1.000000e+00
1.000000e+00
1.000000e+00
1.000000e+00
1.000000e+00
1.000000e+00
1.000000e+00
1.000000e+00
1.000000e+00
1.000000e+00
1.000000e+00
1.000000e+00
1.000000e+00
1.000000e+00
1.000000e+00
1.000000e+00
1.000000e+00
1.000000e+00
1.000000e+00
1.000000e+00
1.000000e+00
1.000000e+00
1.000000e+00
1.000000e+00
1.000000e+00
1.000000e+00
1.000000e+00
1.000000e+00
1.000000e+00
1.000000e+00
1.000000e+00
1.000000e+00
1.000000e+00
1.000000e+00
1.000000e+00
1.000000e+00
1.000000e+00
1.000000e+00
1.000000e+00
1.000000e+00
1.000000e+00
1.000000e+00
1.000000e+00
1.000000e+00
1.000000e+00
1.000000e+00
1.000000e+00
1.000000e+00
1.000000e+00
1.000000e+00
1.000000e+00
1.000000e+00
1.000000e+00
1.000000e+00
1.000000e+00
1.000000e+00
1.000000e+00
1.000000e+00
1.000000e+00
1.000000e+00
1.000000e+00
1.000000e+00
1.000000e+00
1.000000e+00
1.000000e+00
1.000000e+00
1.000000e+00
1.000000e+00
1.000000e+00
1.000000e+00
1.000000e+00
1.000000e+00
1.000000e+00
1.000000e+00
1.000000e+00
1.000000e+00
1.000000e+00
1.000000e+00
1.000000e+00
1.000000e+00
1.000000e+00
1.000000e+00
1.000000e+00
1.000000e+00
1.000000e+00
1.000000e+00
1.000000e+00
1.000000e+00
1.000000e+00
1.000000e+00
1.000000e+00
1.000000e+00
1.000000e+00
1.000000e+00
1.000000e+00
1.000000e+00
1.000000e+00
1.000000e+00
1.000000e+00
1.000000e+00
1.000000e+00
1.000000e+00
1.000000e+00
1.000000e+00
1.000000e+00
1.000000e+00
1.000000e+00
1.000000e+00
1.000000e+00
1.000000e+00
1.000000e+00
1.000000e+00
1.000000e+00
1.000000e+00
1.000000e+00
1.000000e+00
1.000000e+00
1.000000e+00
1.000000e+00
1.000000e+00
1.000000e+00
1.000000e+00
1.000000e+00
1.000000e+00
1.000000e+00
1.000000e+00
1.000000e+00
1.000000e+00
1.000000e+00
1.000000e+00
1.000000e+00
1.000000e+00
1.000000e+00
1.000000e+00
1.000000e+00
1.000000e+00
1.000000e+00
1.000000e+00
1.000000e+00
1.000000e+00
9.999999e-01
9.999999e-01
9.999998e-01
9.999997e-01
9.999996e-01
9.999992e-01
9.999987e-01
9.999978e-01
9.999961e-01
9.999931e-01
9.999878e-01
9.999783e-01
9.999612e-01
9.999304e-01
9.998751e-01
9.997765e-01
9.996027e-01
9.993010e-01
9.987886e-01
9.979401e-01
9.965777e-01
9.944646e-01
9.913085e-01
9.867792e-01
9.805373e-01
9.722763e-01
9.617599e-01
9.488528e-01
9.335350e-01
9.158933e-01
8.961210e-01
8.744714e-01
8.512473e-01
8.267560e-01
8.013342e-01
7.752817e-01
7.488911e-01
7.224051e-01
6.960808e-01
6.701298e-01
6.447056e-01
6.200073e-01
5.961591e-01
5.732500e-01
5.513969e-01
5.306951e-01
5.110946e-01
4.926652e-01
4.753940e-01
4.592001e-01
4.440295e-01
4.297274e-01
4.162217e-01
4.033354e-01
3.909692e-01
3.789713e-01
3.672182e-01
3.556000e-01
3.440148e-01
3.323714e-01
3.206061e-01
3.086553e-01
2.964899e-01
2.840884e-01
2.714559e-01
2.586304e-01
2.456831e-01
2.327279e-01
2.199226e-01
2.074640e-01
1.955724e-01
1.844707e-01
1.743598e-01
1.653847e-01
1.576191e-01
1.510607e-01
1.456405e-01
1.412414e-01
1.377215e-01
1.349340e-01
1.327423e-01
1.310263e-01
1.296863e-01
1.286413e-01
1.278266e-01
1.271921e-01
1.266975e-01
1.263128e-01
1.260132e-01
1.257805e-01
1.256000e-01
1.254599e-01
1.253519e-01
1.252681e-01
1.252040e-01
1.251545e-01
1.251168e-01
1.250880e-01
1.250660e-01
1.250494e-01
1.250367e-01
1.250273e-01
1.250202e-01
1.250149e-01
1.250109e-01
1.250080e-01
1.250058e-01
1.250042e-01
1.250031e-01
1.250022e-01
1.250016e-01
1.250011e-01
1.250008e-01
1.250006e-01
1.250004e-01
1.250003e-01
1.250002e-01
1.250001e-01
1.250001e-01
1.250001e-01
1.250000e-01
1.250000e-01
1.250000e-01
1.250000e-01
1.250000e-01
1.250000e-01
1.250000e-01
1.250000e-01
1.250000e-01
1.250000e-01
1.250000e-01
1.250000e-01
1.250000e-01
1.250000e-01
1.250000e-01
1.250000e-01
1.250000e-01
1.250000e-01
1.250000e-01
1.250000e-01
1.250000e-01
1.250000e-01
1.250000e-01
1.250000e-01
1.250000e-01
1.250000e-01
1.250000e-01
1.250000e-01
1.250000e-01
1.250000e-01
1.250000e-01
1.250000e-01
1.250000e-01
1.250000e-01
1.250000e-01
1.250000e-01
1.250000e-01
1.250000e-01
1.250000e-01
1.250000e-01
1.250000e-01
1.250000e-01
1.250000e-01
1.250000e-01
1.250000e-01
1.250000e-01
1.250000e-01
1.250000e-01
1.250000e-01
1.250000e-01
1.250000e-01
1.250000e-01
1.250000e-01
1.250000e-01
1.250000e-01
1.250000e-01
1.250000e-01
1.250000e-01
1.250000e-01
1.250000e-01
1.250000e-01
1.250000e-01
1.250000e-01
1.250000e-01
1.250000e-01
1.250000e-01
1.250000e-01
1.250000e-01
1.250000e-01
1.250000e-01
1.250000e-01
1.250000e-01
1.250000e-01
1.250000e-01
1.250000e-01
1.250000e-01
1.250000e-01
1.250000e-01
1.250000e-01
1.250000e-01
1.250000e-01
1.250000e-01
1.250000e-01
1.250000e-01
1.250000e-01
1.250000e-01
1.250000e-01
1.250000e-01
1.250000e-01
1.250000e-01
1.250000e-01
1.250000e-01
1.250000e-01
1.250000e-01
1.250000e-01
1.250000e-01
1.250000e-01
1.250000e-01
1.250000e-01
1.250000e-01
1.250000e-01
1.250000e-01
1.250000e-01
1.250000e-01
1.250000e-01
1.250000e-01
1.250000e-01
1.250000e-01
1.250000e-01
1.250001e-01
1.250001e-01
1.250001e-01
1.250001e-01
1.250002e-01
1.250003e-01
1.250004e-01
1.250006e-01
1.250008e-01
1.250012e-01
1.250016e-01
1.250023e-01
1.250032e-01
1.250044e-01
1.250060e-01
1.250082e-01
1.250112e-01
1.250152e-01
1.250205e-01
1.250277e-01
1.250373e-01
1.250499e-01
1.250667e-01
1.250887e-01
1.251177e-01
1.251557e-01
1.252053e-01
1.252699e-01
1.253539e-01
1.254626e-01
1.256033e-01
1.257847e-01
1.260185e-01
1.263193e-01
1.267056e-01
1.272016e-01
1.278379e-01
1.286536e-01
1.296990e-01
1.310373e-01
1.327486e-01
1.349308e-01
1.377019e-01
1.411970e-01
1.455618e-01
1.509394e-01
1.574506e-01
1.651701e-01
1.741067e-01
1.841912e-01
1.952797e-01
2.071732e-01
2.196467e-01
2.324755e-01
2.454568e-01
2.584296e-01
2.712782e-01
2.839280e-01
2.963410e-01
3.085133e-01
3.204667e-01
3.322336e-01
3.438767e-01
3.554549e-01
3.670672e-01
3.788218e-01
3.908190e-01
4.031961e-01
4.160964e-01
4.296253e-01
4.439587e-01
4.591668e-01
4.754065e-01
4.927253e-01
