5.196212e-01
5.449800e-01
5.718605e-01
6.002499e-01
6.298808e-01
6.605985e-01
6.920481e-01
7.239435e-01
7.559087e-01
7.874819e-01
8.182254e-01
8.476473e-01
8.752143e-01
9.004504e-01
9.229192e-01
9.422753e-01
9.583449e-01
9.711323e-01
9.808404e-01
9.878418e-01
9.926262e-01
9.957196e-01
9.976130e-01
9.987140e-01
9.993256e-01
9.996527e-01
9.998228e-01
9.999097e-01
9.999537e-01
9.999761e-01
9.999875e-01
9.999933e-01
9.999964e-01
9.999981e-01
9.999989e-01
9.999994e-01
9.999997e-01
9.999998e-01
9.999999e-01
9.999999e-01
1.000000e+00
1.000000e+00
1.000000e+00
1.000000e+00
1.000000e+00
1.000000e+00
1.000000e+00
1.000000e+00
1.000000e+00
1.000000e+00
1.000000e+00
1.000000e+00
1.000000e+00
1.000000e+00
1.000000e+00
1.000000e+00
1.000000e+00
1.000000e+00
1.000000e+00
1.000000e+00
1.000000e+00
1.000000e+00
1.000000e+00
1.000000e+00
1.000000e+00
1.000000e+00
1.000000e+00
1.000000e+00
1.000000e+00
1.000000e+00
1.000000e+00
1.000000e+00
1.000000e+00
1.000000e+00
1.000000e+00
1.000000e+00
1.000000e+00
1.000000e+00
1.000000e+00
1.000000e+00
1.000000e+00
1.000000e+00
1.000000e+00
1.000000e+00
1.000000e+00
1.000000e+00
1.000000e+00
1.000000e+00
1.000000e+00
1.000000e+00
1.000000e+00
1.000000e+00
1.000000e+00
1.000000e+00
1.000000e+00
1.000000e+00
1.000000e+00
1.000000e+00
1.000000e+00
1.000000e+00
1.000000e+00
1.000000e+00
1.000000e+00
1.000000e+00
1.000000e+00
1.000000e+00
1.000000e+00
1.000000e+00
1.000000e+00
1.000000e+00
1.000000e+00
1.000000e+00
1.000000e+00
1.000000e+00
1.000000e+00
1.000000e+00
1.000000e+00
1.000000e+00
1.000000e+00
1.000000e+00
1.000000e+00
1.000000e+00
1.000000e+00
1.000000e+00
1.000000e+00
1.000000e+00
1.000000e+00
1.000000e+00
1.000000e+00
1.000000e+00
1.000000e+00
1.000000e+00
1.000000e+00
1.000000e+00
1.000000e+00
1.000000e+00
1.000000e+00
1.000000e+00
1.000000e+00
1.000000e+00
1.000000e+00
1.000000e+00
1.000000e+00
1.000000e+00
1.000000e+00
1.000000e+00
1.000000e+00
1.000000e+00
1.000000e+00
1.000000e+00
1.000000e+00
1.000000e+00
1.000000e+00
1.000000e+00
1.000000e+00
1.000000e+00
1.000000e+00
1.000000e+00
1.000000e+00
1.000000e+00
1.000000e+00
1.000000e+00
1.000000e+00
1.000000e+00
1.000000e+00
1.000000e+00
1.000000e+00
1.000000e+00
1.000000e+00
1.000000e+00
1.000000e+00
1.000000e+00
1.000000e+00
1.000000e+00
1.000000e+00
1.000000e+00
1.000000e+00
1.000000e+00
1.000000e+00
1.000000e+00
1.000000e+00
1.000000e+00
1.000000e+00
1.000000e+00
1.000000e+00
1.000000e+00
1.000000e+00
1.000000e+00
1.000000e+00
1.000000e+00
1.000000e+00
1.000000e+00
1.000000e+00
1.000000e+00
1.000000e+00
1.000000e+00
1.000000e+00
1.000000e+00
1.000000e+00
1.000000e+00
1.000000e+00
1.000000e+00
1.000000e+00
1.000000e+00
1.000000e+00
1.000000e+00
1.000000e+00
1.000000e+00
1.000000e+00
1.000000e+00
1.000000e+00
1.000000e+00
1.000000e+00
1.000000e+00
1.000000e+00
1.000000e+00
9.999999e-01
9.999999e-01
9.999997e-01
9.999996e-01
9.999992e-01
9.999986e-01
9.999974e-01
9.999951e-01
9.999910e-01
9.999831e-01
9.999681e-01
9.999394e-01
9.998846e-01
9.997805e-01
9.995849e-01
9.992233e-01
9.985706e-01
9.974289e-01
9.955059e-01
9.924066e-01
9.876470e-01
9.806995e-01
9.710616e-01
9.583426e-01
9.423209e-01
9.229801e-01
9.004923e-01
8.752064e-01
8.475689e-01
8.180670e-01
7.872461e-01
7.556083e-01
7.235967e-01
6.916777e-01
6.602267e-01
6.295321e-01
5.999387e-01
5.716035e-01
5.447779e-01
5.195129e-01
4.959037e-01
4.739564e-01
4.535660e-01
4.345007e-01
4.166460e-01
3.997434e-01
3.835524e-01
3.678659e-01
3.524596e-01
3.371525e-01
3.218015e-01
3.062886e-01
2.905753e-01
2.746610e-01
2.586272e-01
2.426228e-01
2.268689e-01
2.116513e-01
1.972914e-01
1.841077e-01
1.723726e-01
1.622638e-01
1.538313e-01
1.470038e-01
1.416167e-01
1.374526e-01
1.342823e-01
1.318933e-01
1.301046e-01
1.287708e-01
1.277785e-01
1.270419e-01
1.264959e-01
1.260922e-01
1.257944e-01
1.255754e-01
1.254149e-01
1.252977e-01
1.252126e-01
1.251510e-01
1.251067e-01
1.250749e-01
1.250524e-01
1.250364e-01
1.250251e-01
1.250172e-01
1.250118e-01
1.250080e-01
1.250054e-01
1.250036e-01
1.250024e-01
1.250016e-01
1.250010e-01
1.250007e-01
1.250004e-01
1.250003e-01
1.250002e-01
1.250001e-01
1.250001e-01
1.250000e-01
1.250000e-01
1.250000e-01
1.250000e-01
1.250000e-01
1.250000e-01
1.250000e-01
1.250000e-01
1.250000e-01
1.250000e-01
1.250000e-01
1.250000e-01
1.250000e-01
1.250000e-01
1.250000e-01
1.250000e-01
1.250000e-01
1.250000e-01
1.250000e-01
1.250000e-01
1.250000e-01
1.250000e-01
1.250000e-01
1.250000e-01
1.250000e-01
1.250000e-01
1.250000e-01
1.250000e-01
1.250000e-01
1.250000e-01
1.250000e-01
1.250000e-01
1.250000e-01
1.250000e-01
1.250000e-01
1.250000e-01
1.250000e-01
1.250000e-01
1.250000e-01
1.250000e-01
1.250000e-01
1.250000e-01
1.250000e-01
1.250000e-01
1.250000e-01
1.250000e-01
1.250000e-01
1.250000e-01
1.250000e-01
1.250000e-01
1.250000e-01
1.250000e-01
1.250000e-01
1.250000e-01
1.250000e-01
1.250000e-01
1.250000e-01
1.250000e-01
1.250000e-01
1.250000e-01
1.250000e-01
1.250000e-01
1.250000e-01
1.250000e-01
1.250000e-01
1.250000e-01
1.250000e-01
1.250000e-01
1.250000e-01
1.250000e-01
1.250000e-01
1.250000e-01
1.250000e-01
1.250000e-01
1.250000e-01
1.250000e-01
1.250000e-01
1.250000e-01
1.250000e-01
1.250000e-01
1.250000e-01
1.250000e-01
1.250000e-01
1.250000e-01
1.250000e-01
1.250000e-01
1.250000e-01
1.250000e-01
1.250000e-01
1.250000e-01
1.250000e-01
1.250000e-01
1.250000e-01
1.250000e-01
1.250000e-01
1.250000e-01
1.250000e-01
1.250000e-01
1.250000e-01
1.250000e-01
1.250000e-01
1.250000e-01
1.250000e-01
1.250000e-01
1.250000e-01
1.250000e-01
1.250000e-01
1.250000e-01
1.250000e-01
1.250000e-01
1.250000e-01
1.250000e-01
1.250000e-01
1.250000e-01
1.250000e-01
1.250000e-01
1.250000e-01
1.250000e-01
1.250000e-01
1.250000e-01
1.250000e-01
1.250000e-01
1.250000e-01
1.250000e-01
1.250000e-01
1.250000e-01
1.250000e-01
1.250000e-01
1.250000e-01
1.250000e-01
1.250000e-01
1.250000e-01
1.250000e-01
1.250000e-01
1.250000e-01
1.250000e-01
1.250000e-01
1.250001e-01
1.250001e-01
1.250001e-01
1.250002e-01
1.250003e-01
1.250005e-01
1.250007e-01
1.250011e-01
1.250017e-01
1.250026e-01
1.250038e-01
1.250057e-01
1.250083e-01
1.250122e-01
1.250179e-01
1.250259e-01
1.250373e-01
1.250536e-01
1.250765e-01
1.251086e-01
1.251533e-01
1.252155e-01
1.253013e-01
1.254194e-01
1.255810e-01
1.258015e-01
1.261012e-01
1.265071e-01
1.270556e-01
1.277947e-01
1.287886e-01
1.301223e-01
1.319066e-01
1.342845e-01
1.374333e-01
1.415626e-01
1.469010e-01
1.536691e-01
1.620398e-01
1.720940e-01
1.837888e-01
1.969530e-01
2.113166e-01
2.265561e-01
2.423404e-01
2.583780e-01
2.744432e-01
2.903817e-01
3.061093e-01
3.216300e-01
3.369838e-01
3.522895e-01
3.676958e-01
3.833870e-01
3.995875e-01
4.165051e-01
4.343905e-01
4.535005e-01
4.739499e-01
4.959729e-01
