4.999524e-01
5.133712e-01
5.274817e-01
5.422828e-01
5.577654e-01
5.739066e-01
5.906747e-01
6.080415e-01
6.259561e-01
6.443756e-01
6.632516e-01
6.825005e-01
7.020730e-01
7.218865e-01
7.418514e-01
7.618803e-01
7.818554e-01
8.016711e-01
8.211975e-01
8.402968e-01
8.588264e-01
8.766237e-01
8.935383e-01
9.094139e-01
9.241054e-01
9.374840e-01
9.494508e-01
9.599383e-01
9.689285e-01
9.764486e-01
9.825748e-01
9.874265e-01
9.911570e-01
9.939382e-01
9.959487e-01
9.973575e-01
9.983154e-01
9.989482e-01
9.993552e-01
9.996107e-01
9.997678e-01
9.998627e-01
9.999192e-01
9.999526e-01
9.999722e-01
9.999836e-01
9.999903e-01
9.999942e-01
9.999965e-01
9.999979e-01
9.999987e-01
9.999992e-01
9.999995e-01
9.999997e-01
9.999998e-01
9.999999e-01
9.999999e-01
1.000000e+00
1.000000e+00
1.000000e+00
1.000000e+00
1.000000e+00
1.000000e+00
1.000000e+00
1.000000e+00
1.000000e+00
1.000000e+00
1.000000e+00
1.000000e+00
1.000000e+00
1.000000e+00
1.000000e+00
1.000000e+00
1.000000e+00
1.000000e+00
1.000000e+00
1.000000e+00
1.000000e+00
1.000000e+00
1.000000e+00
1.000000e+00
1.000000e+00
1.000000e+00
1.000000e+00
1.000000e+00
1.000000e+00
1.000000e+00
1.000000e+00
1.000000e+00
1.000000e+00
1.000000e+00
1.000000e+00
1.000000e+00
1.000000e+00
1.000000e+00
1.000000e+00
1.000000e+00
1.000000e+00
1.000000e+00
1.000000e+00
1.000000e+00
1.000000e+00
1.000000e+00
1.000000e+00
1.000000e+00
1.000000e+00
1.000000e+00
1.000000e+00
1.000000e+00
1.000000e+00
1.000000e+00
1.000000e+00
1.000000e+00
1.000000e+00
1.000000e+00
1.000000e+00
1.000000e+00
1.000000e+00
1.000000e+00
1.000000e+00
1.000000e+00
1.000000e+00
1.000000e+00
1.000000e+00
1.000000e+00
1.000000e+00
1.000000e+00
1.000000e+00
1.000000e+00
1.000000e+00
1.000000e+00
1.000000e+00
1.000000e+00
1.000000e+00
1.000000e+00
1.000000e+00
1.000000e+00
1.000000e+00
1.000000e+00
1.000000e+00
1.000000e+00
1.000000e+00
1.000000e+00
1.000000e+00
1.000000e+00
1.000000e+00
1.000000e+00
1.000000e+00
1.000000e+00
1.000000e+00
1.000000e+00
1.000000e+00
1.000000e+00
1.000000e+00
1.000000e+00
1.000000e+00
1.000000e+00
1.000000e+00
1.000000e+00
1.000000e+00
1.000000e+00
1.000000e+00
1.000000e+00
1.000000e+00
1.000000e+00
1.000000e+00
1.000000e+00
1.000000e+00
1.000000e+00
1.000000e+00
1.000000e+00
1.000000e+00
1.000000e+00
1.000000e+00
1.000000e+00
1.000000e+00
1.000000e+00
1.000000e+00
1.000000e+00
1.000000e+00
1.000000e+00
1.000000e+00
1.000000e+00
1.000000e+00
1.000000e+00
1.000000e+00
1.000000e+00
1.000000e+00
1.000000e+00
1.000000e+00
1.000000e+00
1.000000e+00
1.000000e+00
1.000000e+00
1.000000e+00
1.000000e+00
1.000000e+00
1.000000e+00
9.999999e-01
9.999999e-01
9.999998e-01
9.999998e-01
9.999996e-01
9.999994e-01
9.999990e-01
9.999984e-01
9.999973e-01
9.999956e-01
9.999926e-01
9.999877e-01
9.999793e-01
9.999653e-01
9.999418e-01
9.999026e-01
9.998378e-01
9.997315e-01
9.995595e-01
9.992857e-01
9.988578e-01
9.982032e-01
9.972251e-01
9.958008e-01
9.937829e-01
9.910045e-01
9.872884e-01
9.824612e-01
9.763669e-01
9.688819e-01
9.599253e-01
9.494654e-01
9.375171e-01
9.241464e-01
9.094517e-01
8.935624e-01
8.766255e-01
8.587989e-01
8.402361e-01
8.211012e-01
8.015395e-01
7.816907e-01
7.616859e-01
7.416314e-01
7.216464e-01
7.018192e-01
6.822386e-01
6.629872e-01
6.441144e-01
6.257026e-01
6.078003e-01
5.904517e-01
5.737023e-01
5.575836e-01
5.421259e-01
5.273515e-01
5.132672e-01
4.998811e-01
4.871834e-01
4.751752e-01
4.637988e-01
4.530382e-01
4.428613e-01
4.331798e-01
4.239628e-01
4.151487e-01
4.066397e-01
3.983997e-01
3.903539e-01
3.824361e-01
3.746120e-01
3.668177e-01
3.590303e-01
3.512206e-01
3.433565e-01
3.354322e-01
3.274263e-01
3.193317e-01
3.111305e-01
3.028044e-01
2.943403e-01
2.857160e-01
2.769122e-01
2.679149e-01
2.587184e-01
2.493311e-01
2.397792e-01
2.301128e-01
2.204075e-01
2.107644e-01
2.013067e-01
1.921700e-01
1.834939e-01
1.754044e-01
1.680035e-01
1.613589e-01
1.555001e-01
1.504190e-01
1.460758e-01
1.424081e-01
1.393410e-01
1.367947e-01
1.346917e-01
1.329609e-01
1.315394e-01
1.303726e-01
1.294155e-01
1.286303e-01
1.279853e-01
1.274553e-01
1.270200e-01
1.266616e-01
1.263663e-01
1.261236e-01
1.259235e-01
1.257583e-01
1.256226e-01
1.255110e-01
1.254185e-01
1.253427e-01
1.252806e-01
1.252290e-01
1.251868e-01
1.251525e-01
1.251240e-01
1.251007e-01
1.250819e-01
1.250663e-01
1.250536e-01
1.250434e-01
1.250350e-01
1.250281e-01
1.250226e-01
1.250182e-01
1.250145e-01
1.250116e-01
1.250093e-01
1.250074e-01
1.250059e-01
1.250047e-01
1.250037e-01
1.250029e-01
1.250023e-01
1.250018e-01
1.250014e-01
1.250011e-01
1.250009e-01
1.250007e-01
1.250005e-01
1.250004e-01
1.250003e-01
1.250003e-01
1.250002e-01
1.250002e-01
1.250001e-01
1.250001e-01
1.250001e-01
1.250001e-01
1.250000e-01
1.250000e-01
1.250000e-01
1.250000e-01
1.250000e-01
1.250000e-01
1.250000e-01
1.250000e-01
1.250000e-01
1.250000e-01
1.250000e-01
1.250000e-01
1.250000e-01
1.250000e-01
1.250000e-01
1.250000e-01
1.250000e-01
1.250000e-01
1.250000e-01
1.250000e-01
1.250000e-01
1.250000e-01
1.250000e-01
1.250000e-01
1.250000e-01
1.250000e-01
1.250000e-01
1.250000e-01
1.250000e-01
1.250000e-01
1.250000e-01
1.250000e-01
1.250000e-01
1.250000e-01
1.250000e-01
1.250000e-01
1.250000e-01
1.250000e-01
1.250000e-01
1.250000e-01
1.250000e-01
1.250000e-01
1.250000e-01
1.250000e-01
1.250000e-01
1.250000e-01
1.250000e-01
1.250000e-01
1.250000e-01
1.250000e-01
1.250000e-01
1.250000e-01
1.250000e-01
1.250000e-01
1.250000e-01
1.250000e-01
1.250001e-01
1.250001e-01
1.250001e-01
1.250001e-01
1.250002e-01
1.250002e-01
1.250003e-01
1.250003e-01
1.250004e-01
1.250005e-01
1.250007e-01
1.250009e-01
1.250011e-01
1.250015e-01
1.250018e-01
1.250023e-01
1.250030e-01
1.250037e-01
1.250047e-01
1.250059e-01
1.250075e-01
1.250094e-01
1.250117e-01
1.250146e-01
1.250183e-01
1.250228e-01
1.250283e-01
1.250351e-01
1.250435e-01
1.250539e-01
1.250665e-01
1.250821e-01
1.251011e-01
1.251244e-01
1.251528e-01
1.251875e-01
1.252297e-01
1.252812e-01
1.253438e-01
1.254199e-01
1.255123e-01
1.256246e-01
1.257609e-01
1.259262e-01
1.261270e-01
1.263706e-01
1.266663e-01
1.270256e-01
1.274620e-01
1.279925e-01
1.286379e-01
1.294235e-01
1.303800e-01
1.315450e-01
1.329634e-01
1.346884e-01
1.367823e-01
1.393154e-01
1.423643e-01
1.460084e-01
1.503234e-01
1.553728e-01
1.611989e-01
1.678130e-01
1.751887e-01
1.832609e-01
1.919287e-01
2.010654e-01
2.105312e-01
2.201893e-01
2.299135e-01
2.396001e-01
2.491712e-01
2.585757e-01
2.677873e-01
2.767956e-01
2.856074e-01
2.942373e-01
3.027044e-01
3.110302e-01
3.192300e-01
3.273241e-01
3.353247e-01
3.432458e-01
3.511048e-01
3.589134e-01
3.666953e-01
3.744896e-01
3.823099e-01
3.902303e-01
3.982819e-01
4.065279e-01
4.150496e-01
4.238762e-01
4.331110e-01
4.428124e-01
4.530104e-01
4.637980e-01
4.752002e-01
4.872344e-01
