5.220630e-01
5.492302e-01
5.780717e-01
6.084658e-01
6.401818e-01
6.729505e-01
7.063643e-01
7.400571e-01
7.735167e-01
8.062471e-01
8.376953e-01
8.672531e-01
8.943717e-01
9.185408e-01
9.393501e-01
9.565815e-01
9.702251e-01
9.804998e-01
9.878264e-01
9.927582e-01
9.958876e-01
9.977610e-01
9.988235e-01
9.993982e-01
9.996973e-01
9.998489e-01
9.999244e-01
9.999619e-01
9.999806e-01
9.999900e-01
9.999947e-01
9.999972e-01
9.999985e-01
9.999992e-01
9.999996e-01
9.999998e-01
9.999999e-01
9.999999e-01
1.000000e+00
1.000000e+00
1.000000e+00
1.000000e+00
1.000000e+00
1.000000e+00
1.000000e+00
1.000000e+00
1.000000e+00
1.000000e+00
1.000000e+00
1.000000e+00
1.000000e+00
1.000000e+00
1.000000e+00
1.000000e+00
1.000000e+00
1.000000e+00
1.000000e+00
1.000000e+00
1.000000e+00
1.000000e+00
1.000000e+00
1.000000e+00
1.000000e+00
1.000000e+00
1.000000e+00
1.000000e+00
1.000000e+00
1.000000e+00
1.000000e+00
1.000000e+00
1.000000e+00
1.000000e+00
1.000000e+00
1.000000e+00
1.000000e+00
1.000000e+00
1.000000e+00
1.000000e+00
1.000000e+00
1.000000e+00
1.000000e+00
1.000000e+00
1.000000e+00
1.000000e+00
1.000000e+00
1.000000e+00
1.000000e+00
1.000000e+00
1.000000e+00
1.000000e+00
1.000000e+00
1.000000e+00
1.000000e+00
1.000000e+00
1.000000e+00
1.000000e+00
1.000000e+00
1.000000e+00
1.000000e+00
1.000000e+00
1.000000e+00
1.000000e+00
1.000000e+00
1.000000e+00
1.000000e+00
1.000000e+00
1.000000e+00
1.000000e+00
1.000000e+00
1.000000e+00
1.000000e+00
1.000000e+00
1.000000e+00
1.000000e+00
1.000000e+00
1.000000e+00
1.000000e+00
1.000000e+00
1.000000e+00
1.000000e+00
1.000000e+00
1.000000e+00
1.000000e+00
1.000000e+00
1.000000e+00
1.000000e+00
1.000000e+00
1.000000e+00
1.000000e+00
1.000000e+00
1.000000e+00
1.000000e+00
1.000000e+00
1.000000e+00
1.000000e+00
1.000000e+00
1.000000e+00
1.000000e+00
1.000000e+00
1.000000e+00
1.000000e+00
1.000000e+00
1.000000e+00
1.000000e+00
1.000000e+00
1.000000e+00
1.000000e+00
1.000000e+00
1.000000e+00
1.000000e+00
1.000000e+00
1.000000e+00
1.000000e+00
1.000000e+00
1.000000e+00
1.000000e+00
1.000000e+00
1.000000e+00
1.000000e+00
1.000000e+00
1.000000e+00
1.000000e+00
1.000000e+00
1.000000e+00
1.000000e+00
1.000000e+00
1.000000e+00
1.000000e+00
1.000000e+00
1.000000e+00
1.000000e+00
1.000000e+00
1.000000e+00
1.000000e+00
1.000000e+00
1.000000e+00
1.000000e+00
1.000000e+00
1.000000e+00
1.000000e+00
1.000000e+00
1.000000e+00
1.000000e+00
1.000000e+00
1.000000e+00
1.000000e+00
1.000000e+00
1.000000e+00
1.000000e+00
1.000000e+00
1.000000e+00
1.000000e+00
1.000000e+00
1.000000e+00
1.000000e+00
1.000000e+00
1.000000e+00
1.000000e+00
1.000000e+00
1.000000e+00
1.000000e+00
1.000000e+00
1.000000e+00
1.000000e+00
1.000000e+00
1.000000e+00
1.000000e+00
1.000000e+00
1.000000e+00
1.000000e+00
1.000000e+00
1.000000e+00
1.000000e+00
1.000000e+00
1.000000e+00
1.000000e+00
1.000000e+00
9.999999e-01
9.999999e-01
9.999998e-01
9.999997e-01
9.999994e-01
9.999989e-01
9.999979e-01
9.999962e-01
9.999928e-01
9.999863e-01
9.999737e-01
9.999493e-01
9.999018e-01
9.998098e-01
9.996330e-01
9.992985e-01
9.986805e-01
9.975735e-01
9.956669e-01
9.925296e-01
9.876243e-01
9.803566e-01
9.701577e-01
9.565867e-01
9.394023e-01
9.186023e-01
8.944043e-01
8.672244e-01
8.375848e-01
8.060501e-01
7.732405e-01
7.397183e-01
7.059900e-01
6.725660e-01
6.398107e-01
6.081332e-01
5.777945e-01
5.490164e-01
5.219506e-01
4.966921e-01
4.732798e-01
4.515648e-01
4.313156e-01
4.123376e-01
3.943531e-01
3.770896e-01
3.602912e-01
3.437379e-01
3.272273e-01
3.106200e-01
2.938415e-01
2.768843e-01
2.598400e-01
2.428774e-01
2.262496e-01
2.102838e-01
1.953399e-01
1.817642e-01
1.698376e-01
1.597215e-01
1.514279e-01
1.448356e-01
1.397306e-01
1.358567e-01
1.329589e-01
1.308118e-01
1.292304e-01
1.280699e-01
1.272207e-01
1.266005e-01
1.261491e-01
1.258213e-01
1.255841e-01
1.254134e-01
1.252908e-01
1.252035e-01
1.251415e-01
1.250978e-01
1.250672e-01
1.250458e-01
1.250311e-01
1.250209e-01
1.250140e-01
1.250093e-01
1.250061e-01
1.250040e-01
1.250026e-01
1.250017e-01
1.250011e-01
1.250007e-01
1.250004e-01
1.250003e-01
1.250002e-01
1.250001e-01
1.250001e-01
1.250000e-01
1.250000e-01
1.250000e-01
1.250000e-01
1.250000e-01
1.250000e-01
1.250000e-01
1.250000e-01
1.250000e-01
1.250000e-01
1.250000e-01
1.250000e-01
1.250000e-01
1.250000e-01
1.250000e-01
1.250000e-01
1.250000e-01
1.250000e-01
1.250000e-01
1.250000e-01
1.250000e-01
1.250000e-01
1.250000e-01
1.250000e-01
1.250000e-01
1.250000e-01
1.250000e-01
1.250000e-01
1.250000e-01
1.250000e-01
1.250000e-01
1.250000e-01
1.250000e-01
1.250000e-01
1.250000e-01
1.250000e-01
1.250000e-01
1.250000e-01
1.250000e-01
1.250000e-01
1.250000e-01
1.250000e-01
1.250000e-01
1.250000e-01
1.250000e-01
1.250000e-01
1.250000e-01
1.250000e-01
1.250000e-01
1.250000e-01
1.250000e-01
1.250000e-01
1.250000e-01
1.250000e-01
1.250000e-01
1.250000e-01
1.250000e-01
1.250000e-01
1.250000e-01
1.250000e-01
1.250000e-01
1.250000e-01
1.250000e-01
1.250000e-01
1.250000e-01
1.250000e-01
1.250000e-01
1.250000e-01
1.250000e-01
1.250000e-01
1.250000e-01
1.250000e-01
1.250000e-01
1.250000e-01
1.250000e-01
1.250000e-01
1.250000e-01
1.250000e-01
1.250000e-01
1.250000e-01
1.250000e-01
1.250000e-01
1.250000e-01
1.250000e-01
1.250000e-01
1.250000e-01
1.250000e-01
1.250000e-01
1.250000e-01
1.250000e-01
1.250000e-01
1.250000e-01
1.250000e-01
1.250000e-01
1.250000e-01
1.250000e-01
1.250000e-01
1.250000e-01
1.250000e-01
1.250000e-01
1.250000e-01
1.250000e-01
1.250000e-01
1.250000e-01
1.250000e-01
1.250000e-01
1.250000e-01
1.250000e-01
1.250000e-01
1.250000e-01
1.250000e-01
1.250000e-01
1.250000e-01
1.250000e-01
1.250000e-01
1.250000e-01
1.250000e-01
1.250000e-01
1.250000e-01
1.250000e-01
1.250000e-01
1.250000e-01
1.250000e-01
1.250000e-01
1.250000e-01
1.250000e-01
1.250000e-01
1.250000e-01
1.250000e-01
1.250000e-01
1.250000e-01
1.250000e-01
1.250000e-01
1.250000e-01
1.250000e-01
1.250000e-01
1.250000e-01
1.250000e-01
1.250000e-01
1.250000e-01
1.250000e-01
1.250000e-01
1.250000e-01
1.250000e-01
1.250001e-01
1.250001e-01
1.250002e-01
1.250003e-01
1.250005e-01
1.250008e-01
1.250012e-01
1.250018e-01
1.250028e-01
1.250043e-01
1.250065e-01
1.250098e-01
1.250146e-01
1.250217e-01
1.250321e-01
1.250472e-01
1.250689e-01
1.250999e-01
1.251442e-01
1.252069e-01
1.252951e-01
1.254186e-01
1.255908e-01
1.258297e-01
1.261597e-01
1.266138e-01
1.272368e-01
1.280887e-01
1.292505e-01
1.308302e-01
1.329693e-01
1.358493e-01
1.396918e-01
1.447495e-01
1.512809e-01
1.595076e-01
1.695613e-01
1.814395e-01
1.949894e-01
2.099337e-01
2.259205e-01
2.425801e-01
2.595793e-01
2.766568e-01
2.936368e-01
3.104332e-01
3.270492e-01
3.435618e-01
3.601148e-01
3.769136e-01
3.941847e-01
4.121885e-01
4.311999e-01
4.514888e-01
4.732678e-01
4.967616e-01
