5.102528e-01
5.293284e-01
5.494481e-01
5.706881e-01
5.929432e-01
6.160983e-01
6.400968e-01
6.648104e-01
6.900552e-01
7.157047e-01
7.415537e-01
7.673862e-01
7.929702e-01
8.180509e-01
8.423525e-01
8.655709e-01
8.874142e-01
9.075936e-01
9.258477e-01
9.419660e-01
9.558111e-01
9.673440e-01
9.766270e-01
9.838260e-01
9.891891e-01
9.930219e-01
9.956468e-01
9.973702e-01
9.984567e-01
9.991164e-01
9.995039e-01
9.997253e-01
9.998491e-01
9.999173e-01
9.999546e-01
9.999749e-01
9.999861e-01
9.999922e-01
9.999956e-01
9.999974e-01
9.999985e-01
9.999991e-01
9.999995e-01
9.999997e-01
9.999998e-01
9.999999e-01
9.999999e-01
1.000000e+00
1.000000e+00
1.000000e+00
1.000000e+00
1.000000e+00
1.000000e+00
1.000000e+00
1.000000e+00
1.000000e+00
1.000000e+00
1.000000e+00
1.000000e+00
1.000000e+00
1.000000e+00
1.000000e+00
1.000000e+00
1.000000e+00
1.000000e+00
1.000000e+00
1.000000e+00
1.000000e+00
1.000000e+00
1.000000e+00
1.000000e+00
1.000000e+00
1.000000e+00
1.000000e+00
1.000000e+00
1.000000e+00
1.000000e+00
1.000000e+00
1.000000e+00
1.000000e+00
1.000000e+00
1.000000e+00
1.000000e+00
1.000000e+00
1.000000e+00
1.000000e+00
1.000000e+00
1.000000e+00
1.000000e+00
1.000000e+00
1.000000e+00
1.000000e+00
1.000000e+00
1.000000e+00
1.000000e+00
1.000000e+00
1.000000e+00
1.000000e+00
1.000000e+00
1.000000e+00
1.000000e+00
1.000000e+00
1.000000e+00
1.000000e+00
1.000000e+00
1.000000e+00
1.000000e+00
1.000000e+00
1.000000e+00
1.000000e+00
1.000000e+00
1.000000e+00
1.000000e+00
1.000000e+00
1.000000e+00
1.000000e+00
1.000000e+00
1.000000e+00
1.000000e+00
1.000000e+00
1.000000e+00
1.000000e+00
1.000000e+00
1.000000e+00
1.000000e+00
1.000000e+00
1.000000e+00
1.000000e+00
1.000000e+00
1.000000e+00
1.000000e+00
1.000000e+00
1.000000e+00
1.000000e+00
1.000000e+00
1.000000e+00
1.000000e+00
1.000000e+00
1.000000e+00
1.000000e+00
1.000000e+00
1.000000e+00
1.000000e+00
1.000000e+00
1.000000e+00
1.000000e+00
1.000000e+00
1.000000e+00
1.000000e+00
1.000000e+00
1.000000e+00
1.000000e+00
1.000000e+00
1.000000e+00
1.000000e+00
1.000000e+00
1.000000e+00
1.000000e+00
1.000000e+00
1.000000e+00
1.000000e+00
1.000000e+00
1.000000e+00
1.000000e+00
1.000000e+00
1.000000e+00
1.000000e+00
1.000000e+00
1.000000e+00
1.000000e+00
1.000000e+00
1.000000e+00
1.000000e+00
1.000000e+00
1.000000e+00
1.000000e+00
1.000000e+00
1.000000e+00
1.000000e+00
1.000000e+00
1.000000e+00
1.000000e+00
1.000000e+00
1.000000e+00
1.000000e+00
1.000000e+00
1.000000e+00
1.000000e+00
1.000000e+00
1.000000e+00
1.000000e+00
1.000000e+00
1.000000e+00
1.000000e+00
1.000000e+00
1.000000e+00
1.000000e+00
1.000000e+00
1.000000e+00
1.000000e+00
1.000000e+00
1.000000e+00
1.000000e+00
1.000000e+00
1.000000e+00
1.000000e+00
1.000000e+00
1.000000e+00
9.999999e-01
9.999999e-01
9.999999e-01
9.999998e-01
9.999996e-01
9.999993e-01
9.999989e-01
9.999981e-01
9.999966e-01
9.999942e-01
9.999897e-01
9.999818e-01
9.999677e-01
9.999424e-01
9.998973e-01
9.998171e-01
9.996760e-01
9.994315e-01
9.990155e-01
9.983245e-01
9.972087e-01
9.954644e-01
9.928335e-01
9.890141e-01
9.836835e-01
9.765317e-01
9.673012e-01
9.558158e-01
9.420043e-01
9.258997e-01
9.076388e-01
8.874326e-01
8.655474e-01
8.422763e-01
8.179188e-01
7.927827e-01
7.671500e-01
7.412767e-01
7.154001e-01
6.897356e-01
6.644868e-01
6.397827e-01
6.158031e-01
5.926768e-01
5.704555e-01
5.492590e-01
5.291790e-01
5.101610e-01
4.922617e-01
4.754713e-01
4.597116e-01
4.449431e-01
4.310069e-01
4.178535e-01
4.052965e-01
3.932661e-01
3.815921e-01
3.701798e-01
3.589128e-01
3.476933e-01
3.364412e-01
3.250883e-01
3.135727e-01
3.018543e-01
2.899120e-01
2.777345e-01
2.653370e-01
2.527698e-01
2.401137e-01
2.274924e-01
2.150707e-01
2.030477e-01
1.916368e-01
1.810494e-01
1.714643e-01
1.630016e-01
1.557119e-01
1.495749e-01
1.445115e-01
1.404027e-01
1.371111e-01
1.344981e-01
1.324369e-01
1.308168e-01
1.295462e-01
1.285507e-01
1.277708e-01
1.271605e-01
1.266823e-01
1.263084e-01
1.260158e-01
1.257872e-01
1.256089e-01
1.254697e-01
1.253617e-01
1.252775e-01
1.252126e-01
1.251623e-01
1.251235e-01
1.250938e-01
1.250708e-01
1.250535e-01
1.250401e-01
1.250301e-01
1.250225e-01
1.250167e-01
1.250124e-01
1.250091e-01
1.250067e-01
1.250049e-01
1.250036e-01
1.250026e-01
1.250019e-01
1.250014e-01
1.250010e-01
1.250007e-01
1.250005e-01
1.250004e-01
1.250003e-01
1.250002e-01
1.250001e-01
1.250001e-01
1.250001e-01
1.250000e-01
1.250000e-01
1.250000e-01
1.250000e-01
1.250000e-01
1.250000e-01
1.250000e-01
1.250000e-01
1.250000e-01
1.250000e-01
1.250000e-01
1.250000e-01
1.250000e-01
1.250000e-01
1.250000e-01
1.250000e-01
1.250000e-01
1.250000e-01
1.250000e-01
1.250000e-01
1.250000e-01
1.250000e-01
1.250000e-01
1.250000e-01
1.250000e-01
1.250000e-01
1.250000e-01
1.250000e-01
1.250000e-01
1.250000e-01
1.250000e-01
1.250000e-01
1.250000e-01
1.250000e-01
1.250000e-01
1.250000e-01
1.250000e-01
1.250000e-01
1.250000e-01
1.250000e-01
1.250000e-01
1.250000e-01
1.250000e-01
1.250000e-01
1.250000e-01
1.250000e-01
1.250000e-01
1.250000e-01
1.250000e-01
1.250000e-01
1.250000e-01
1.250000e-01
1.250000e-01
1.250000e-01
1.250000e-01
1.250000e-01
1.250000e-01
1.250000e-01
1.250000e-01
1.250000e-01
1.250000e-01
1.250000e-01
1.250000e-01
1.250000e-01
1.250000e-01
1.250000e-01
1.250000e-01
1.250000e-01
1.250000e-01
1.250000e-01
1.250000e-01
1.250000e-01
1.250000e-01
1.250000e-01
1.250000e-01
1.250000e-01
1.250000e-01
1.250000e-01
1.250000e-01
1.250000e-01
1.250000e-01
1.250000e-01
1.250000e-01
1.250000e-01
1.250000e-01
1.250000e-01
1.250000e-01
1.250000e-01
1.250000e-01
1.250000e-01
1.250000e-01
1.250000e-01
1.250000e-01
1.250000e-01
1.250000e-01
1.250000e-01
1.250000e-01
1.250000e-01
1.250000e-01
1.250000e-01
1.250000e-01
1.250000e-01
1.250000e-01
1.250000e-01
1.250000e-01
1.250000e-01
1.250001e-01
1.250001e-01
1.250001e-01
1.250002e-01
1.250003e-01
1.250004e-01
1.250005e-01
1.250007e-01
1.250010e-01
1.250014e-01
1.250020e-01
1.250027e-01
1.250037e-01
1.250051e-01
1.250069e-01
1.250093e-01
1.250126e-01
1.250170e-01
1.250228e-01
1.250305e-01
1.250406e-01
1.250540e-01
1.250715e-01
1.250945e-01
1.251244e-01
1.251634e-01
1.252139e-01
1.252793e-01
1.253636e-01
1.254723e-01
1.256120e-01
1.257912e-01
1.260208e-01
1.263146e-01
1.266900e-01
1.271695e-01
1.277816e-01
1.285624e-01
1.295584e-01
1.308278e-01
1.324439e-01
1.344970e-01
1.370955e-01
1.403651e-01
1.444429e-01
1.494669e-01
1.555588e-01
1.628029e-01
1.712254e-01
1.807810e-01
1.913516e-01
2.027593e-01
2.147928e-01
2.272351e-01
2.398812e-01
2.525633e-01
2.651538e-01
2.775699e-01
2.897620e-01
3.017132e-01
3.134364e-01
3.249538e-01
3.363058e-01
3.475538e-01
3.587697e-01
3.700303e-01
3.814443e-01
3.931209e-01
4.051609e-01
4.177333e-01
4.309083e-01
4.448766e-01
4.596805e-01
4.754857e-01
4.923208e-01
