5.121577e-01
5.324371e-01
5.538395e-01
5.764407e-01
6.001003e-01
6.247414e-01
6.502188e-01
6.763882e-01
7.030641e-01
7.300395e-01
7.570988e-01
7.839524e-01
8.103409e-01
8.359486e-01
8.604458e-01
8.834970e-01
9.047817e-01
9.240051e-01
9.409286e-01
9.553997e-01
9.673767e-01
9.769345e-01
9.842653e-01
9.896531e-01
9.934420e-01
9.959890e-01
9.976270e-01
9.986367e-01
9.992356e-01
9.995793e-01
9.997712e-01
9.998763e-01
9.999331e-01
9.999637e-01
9.999802e-01
9.999890e-01
9.999939e-01
9.999965e-01
9.999980e-01
9.999989e-01
9.999993e-01
9.999996e-01
9.999998e-01
9.999999e-01
9.999999e-01
1.000000e+00
1.000000e+00
1.000000e+00
1.000000e+00
1.000000e+00
1.000000e+00
1.000000e+00
1.000000e+00
1.000000e+00
1.000000e+00
1.000000e+00
1.000000e+00
1.000000e+00
1.000000e+00
1.000000e+00
1.000000e+00
1.000000e+00
1.000000e+00
1.000000e+00
1.000000e+00
1.000000e+00
1.000000e+00
1.000000e+00
1.000000e+00
1.000000e+00
1.000000e+00
1.000000e+00
1.000000e+00
1.000000e+00
1.000000e+00
1.000000e+00
1.000000e+00
1.000000e+00
1.000000e+00
1.000000e+00
1.000000e+00
1.000000e+00
1.000000e+00
1.000000e+00
1.000000e+00
1.000000e+00
1.000000e+00
1.000000e+00
1.000000e+00
1.000000e+00
1.000000e+00
1.000000e+00
1.000000e+00
1.000000e+00
1.000000e+00
1.000000e+00
1.000000e+00
1.000000e+00
1.000000e+00
1.000000e+00
1.000000e+00
1.000000e+00
1.000000e+00
1.000000e+00
1.000000e+00
1.000000e+00
1.000000e+00
1.000000e+00
1.000000e+00
1.000000e+00
1.000000e+00
1.000000e+00
1.000000e+00
1.000000e+00
1.000000e+00
1.000000e+00
1.000000e+00
1.000000e+00
1.000000e+00
1.000000e+00
1.000000e+00
1.000000e+00
1.000000e+00
1.000000e+00
1.000000e+00
1.000000e+00
1.000000e+00
1.000000e+00
1.000000e+00
1.000000e+00
1.000000e+00
1.000000e+00
1.000000e+00
1.000000e+00
1.000000e+00
1.000000e+00
1.000000e+00
1.000000e+00
1.000000e+00
1.000000e+00
1.000000e+00
1.000000e+00
1.000000e+00
1.000000e+00
1.000000e+00
1.000000e+00
1.000000e+00
1.000000e+00
1.000000e+00
1.000000e+00
1.000000e+00
1.000000e+00
1.000000e+00
1.000000e+00
1.000000e+00
1.000000e+00
1.000000e+00
1.000000e+00
1.000000e+00
1.000000e+00
1.000000e+00
1.000000e+00
1.000000e+00
1.000000e+00
1.000000e+00
1.000000e+00
1.000000e+00
1.000000e+00
1.000000e+00
1.000000e+00
1.000000e+00
1.000000e+00
1.000000e+00
1.000000e+00
1.000000e+00
1.000000e+00
1.000000e+00
1.000000e+00
1.000000e+00
1.000000e+00
1.000000e+00
1.000000e+00
1.000000e+00
1.000000e+00
1.000000e+00
1.000000e+00
1.000000e+00
1.000000e+00
1.000000e+00
1.000000e+00
1.000000e+00
1.000000e+00
1.000000e+00
1.000000e+00
1.000000e+00
1.000000e+00
1.000000e+00
1.000000e+00
1.000000e+00
1.000000e+00
1.000000e+00
1.000000e+00
1.000000e+00
1.000000e+00
1.000000e+00
1.000000e+00
1.000000e+00
1.000000e+00
1.000000e+00
1.000000e+00
9.999999e-01
9.999999e-01
9.999998e-01
9.999997e-01
9.999995e-01
9.999991e-01
9.999985e-01
9.999974e-01
9.999954e-01
9.999919e-01
9.999856e-01
9.999741e-01
9.999534e-01
9.999158e-01
9.998479e-01
9.997264e-01
9.995117e-01
9.991391e-01
9.985072e-01
9.974653e-01
9.958030e-01
9.932469e-01
9.894699e-01
9.841156e-01
9.768345e-01
9.673329e-01
9.554066e-01
9.409704e-01
9.240591e-01
9.048254e-01
8.835086e-01
8.604093e-01
8.358533e-01
8.101850e-01
7.837390e-01
7.568356e-01
7.297389e-01
7.027387e-01
6.760549e-01
6.498889e-01
6.244282e-01
5.998186e-01
5.761912e-01
5.536379e-01
5.322782e-01
5.120624e-01
4.930737e-01
4.752964e-01
4.586470e-01
4.430516e-01
4.283637e-01
4.144866e-01
4.012526e-01
3.885308e-01
3.761840e-01
3.640689e-01
3.520750e-01
3.400945e-01
3.280294e-01
3.158178e-01
3.034039e-01
2.907633e-01
2.778845e-01
2.647905e-01
2.515460e-01
2.382525e-01
2.250585e-01
2.121572e-01
1.997736e-01
1.881410e-01
1.774802e-01
1.679632e-01
1.596888e-01
1.526756e-01
1.468674e-01
1.421512e-01
1.383813e-01
1.354029e-01
1.330687e-01
1.312486e-01
1.298336e-01
1.287355e-01
1.278836e-01
1.272236e-01
1.267119e-01
1.263160e-01
1.260095e-01
1.257727e-01
1.255901e-01
1.254493e-01
1.253413e-01
1.252582e-01
1.251950e-01
1.251466e-01
1.251099e-01
1.250821e-01
1.250611e-01
1.250453e-01
1.250334e-01
1.250246e-01
1.250180e-01
1.250132e-01
1.250096e-01
1.250069e-01
1.250050e-01
1.250036e-01
1.250026e-01
1.250018e-01
1.250013e-01
1.250009e-01
1.250006e-01
1.250005e-01
1.250003e-01
1.250002e-01
1.250002e-01
1.250001e-01
1.250001e-01
1.250000e-01
1.250000e-01
1.250000e-01
1.250000e-01
1.250000e-01
1.250000e-01
1.250000e-01
1.250000e-01
1.250000e-01
1.250000e-01
1.250000e-01
1.250000e-01
1.250000e-01
1.250000e-01
1.250000e-01
1.250000e-01
1.250000e-01
1.250000e-01
1.250000e-01
1.250000e-01
1.250000e-01
1.250000e-01
1.250000e-01
1.250000e-01
1.250000e-01
1.250000e-01
1.250000e-01
1.250000e-01
1.250000e-01
1.250000e-01
1.250000e-01
1.250000e-01
1.250000e-01
1.250000e-01
1.250000e-01
1.250000e-01
1.250000e-01
1.250000e-01
1.250000e-01
1.250000e-01
1.250000e-01
1.250000e-01
1.250000e-01
1.250000e-01
1.250000e-01
1.250000e-01
1.250000e-01
1.250000e-01
1.250000e-01
1.250000e-01
1.250000e-01
1.250000e-01
1.250000e-01
1.250000e-01
1.250000e-01
1.250000e-01
1.250000e-01
1.250000e-01
1.250000e-01
1.250000e-01
1.250000e-01
1.250000e-01
1.250000e-01
1.250000e-01
1.250000e-01
1.250000e-01
1.250000e-01
1.250000e-01
1.250000e-01
1.250000e-01
1.250000e-01
1.250000e-01
1.250000e-01
1.250000e-01
1.250000e-01
1.250000e-01
1.250000e-01
1.250000e-01
1.250000e-01
1.250000e-01
1.250000e-01
1.250000e-01
1.250000e-01
1.250000e-01
1.250000e-01
1.250000e-01
1.250000e-01
1.250000e-01
1.250000e-01
1.250000e-01
1.250000e-01
1.250000e-01
1.250000e-01
1.250000e-01
1.250000e-01
1.250000e-01
1.250000e-01
1.250000e-01
1.250000e-01
1.250000e-01
1.250000e-01
1.250000e-01
1.250000e-01
1.250000e-01
1.250000e-01
1.250000e-01
1.250000e-01
1.250000e-01
1.250000e-01
1.250000e-01
1.250000e-01
1.250000e-01
1.250000e-01
1.250001e-01
1.250001e-01
1.250001e-01
1.250002e-01
1.250002e-01
1.250003e-01
1.250005e-01
1.250007e-01
1.250010e-01
1.250014e-01
1.250019e-01
1.250027e-01
1.250037e-01
1.250052e-01
1.250071e-01
1.250098e-01
1.250135e-01
1.250184e-01
1.250250e-01
1.250340e-01
1.250459e-01
1.250618e-01
1.250829e-01
1.251109e-01
1.251479e-01
1.251964e-01
1.252601e-01
1.253434e-01
1.254521e-01
1.255935e-01
1.257771e-01
1.260150e-01
1.263228e-01
1.267205e-01
1.272337e-01
1.278955e-01
1.287484e-01
1.298467e-01
1.312596e-01
1.330742e-01
1.353973e-01
1.383571e-01
1.420989e-01
1.467774e-01
1.525399e-01
1.595039e-01
1.677325e-01
1.772134e-01
1.878509e-01
1.994748e-01
2.118654e-01
2.247861e-01
2.380054e-01
2.513266e-01
2.645958e-01
2.777105e-01
2.906059e-01
3.032563e-01
3.156746e-01
3.278872e-01
3.399514e-01
3.519298e-01
3.639204e-01
3.760317e-01
3.883760e-01
4.011093e-01
4.143552e-01
4.282582e-01
4.429760e-01
4.586115e-01
4.753069e-01
4.931349e-01
