5.115074e-01
5.313706e-01
5.523292e-01
5.744581e-01
5.976340e-01
6.217641e-01
6.467280e-01
6.724025e-01
6.985882e-01
7.251145e-01
7.517704e-01
7.782860e-01
8.044190e-01
8.298677e-01
8.543310e-01
8.774725e-01
8.989867e-01
9.185746e-01
9.359910e-01
9.510531e-01
9.636868e-01
9.739235e-01
9.819106e-01
9.878922e-01
9.921843e-01
9.951314e-01
9.970679e-01
9.982873e-01
9.990255e-01
9.994569e-01
9.997018e-01
9.998377e-01
9.999119e-01
9.999521e-01
9.999738e-01
9.999855e-01
9.999919e-01
9.999955e-01
9.999974e-01
9.999985e-01
9.999991e-01
9.999995e-01
9.999997e-01
9.999998e-01
9.999999e-01
9.999999e-01
1.000000e+00
1.000000e+00
1.000000e+00
1.000000e+00
1.000000e+00
1.000000e+00
1.000000e+00
1.000000e+00
1.000000e+00
1.000000e+00
1.000000e+00
1.000000e+00
1.000000e+00
1.000000e+00
1.000000e+00
1.000000e+00
1.000000e+00
1.000000e+00
1.000000e+00
1.000000e+00
1.000000e+00
1.000000e+00
1.000000e+00
1.000000e+00
1.000000e+00
1.000000e+00
1.000000e+00
1.000000e+00
1.000000e+00
1.000000e+00
1.000000e+00
1.000000e+00
1.000000e+00
1.000000e+00
1.000000e+00
1.000000e+00
1.000000e+00
1.000000e+00
1.000000e+00
1.000000e+00
1.000000e+00
1.000000e+00
1.000000e+00
1.000000e+00
1.000000e+00
1.000000e+00
1.000000e+00
1.000000e+00
1.000000e+00
1.000000e+00
1.000000e+00
1.000000e+00
1.000000e+00
1.000000e+00
1.000000e+00
1.000000e+00
1.000000e+00
1.000000e+00
1.000000e+00
1.000000e+00
1.000000e+00
1.000000e+00
1.000000e+00
1.000000e+00
1.000000e+00
1.000000e+00
1.000000e+00
1.000000e+00
1.000000e+00
1.000000e+00
1.000000e+00
1.000000e+00
1.000000e+00
1.000000e+00
1.000000e+00
1.000000e+00
1.000000e+00
1.000000e+00
1.000000e+00
1.000000e+00
1.000000e+00
1.000000e+00
1.000000e+00
1.000000e+00
1.000000e+00
1.000000e+00
1.000000e+00
1.000000e+00
1.000000e+00
1.000000e+00
1.000000e+00
1.000000e+00
1.000000e+00
1.000000e+00
1.000000e+00
1.000000e+00
1.000000e+00
1.000000e+00
1.000000e+00
1.000000e+00
1.000000e+00
1.000000e+00
1.000000e+00
1.000000e+00
1.000000e+00
1.000000e+00
1.000000e+00
1.000000e+00
1.000000e+00
1.000000e+00
1.000000e+00
1.000000e+00
1.000000e+00
1.000000e+00
1.000000e+00
1.000000e+00
1.000000e+00
1.000000e+00
1.000000e+00
1.000000e+00
1.000000e+00
1.000000e+00
1.000000e+00
1.000000e+00
1.000000e+00
1.000000e+00
1.000000e+00
1.000000e+00
1.000000e+00
1.000000e+00
1.000000e+00
1.000000e+00
1.000000e+00
1.000000e+00
1.000000e+00
1.000000e+00
1.000000e+00
1.000000e+00
1.000000e+00
1.000000e+00
1.000000e+00
1.000000e+00
1.000000e+00
1.000000e+00
1.000000e+00
1.000000e+00
1.000000e+00
1.000000e+00
1.000000e+00
1.000000e+00
1.000000e+00
1.000000e+00
1.000000e+00
1.000000e+00
1.000000e+00
1.000000e+00
1.000000e+00
1.000000e+00
1.000000e+00
1.000000e+00
1.000000e+00
1.000000e+00
1.000000e+00
9.999999e-01
9.999999e-01
9.999999e-01
9.999998e-01
9.999996e-01
9.999993e-01
9.999989e-01
9.999980e-01
9.999966e-01
9.999940e-01
9.999894e-01
9.999811e-01
9.999661e-01
9.999391e-01
9.998903e-01
9.998031e-01
9.996485e-01
9.993787e-01
9.989168e-01
9.981460e-01
9.968971e-01
9.949418e-01
9.919932e-01
9.877207e-01
9.817782e-01
9.738435e-01
9.636610e-01
9.510728e-01
9.360384e-01
9.186276e-01
8.990229e-01
8.774728e-01
8.542811e-01
8.297597e-01
8.042513e-01
7.780642e-01
7.515018e-01
7.248122e-01
6.982644e-01
6.720725e-01
6.464033e-01
6.214564e-01
5.973580e-01
5.742141e-01
5.521319e-01
5.312151e-01
5.114133e-01
4.928008e-01
4.753639e-01
4.590205e-01
4.437109e-01
4.292827e-01
4.156553e-01
4.026553e-01
3.901728e-01
3.780614e-01
3.661901e-01
3.544490e-01
3.427370e-01
3.309556e-01
3.190453e-01
3.069434e-01
2.946223e-01
2.820638e-01
2.692780e-01
2.563110e-01
2.432436e-01
2.302012e-01
2.173530e-01
2.049061e-01
1.930859e-01
1.821166e-01
1.721910e-01
1.634403e-01
1.559205e-01
1.496114e-01
1.444282e-01
1.402434e-01
1.369097e-01
1.342790e-01
1.322167e-01
1.306058e-01
1.293506e-01
1.283733e-01
1.276130e-01
1.270217e-01
1.265618e-01
1.262049e-01
1.259273e-01
1.257125e-01
1.255459e-01
1.254173e-01
1.253181e-01
1.252417e-01
1.251832e-01
1.251382e-01
1.251042e-01
1.250781e-01
1.250584e-01
1.250435e-01
1.250323e-01
1.250239e-01
1.250176e-01
1.250129e-01
1.250094e-01
1.250069e-01
1.250050e-01
1.250036e-01
1.250026e-01
1.250019e-01
1.250013e-01
1.250009e-01
1.250007e-01
1.250005e-01
1.250003e-01
1.250002e-01
1.250002e-01
1.250001e-01
1.250001e-01
1.250001e-01
1.250000e-01
1.250000e-01
1.250000e-01
1.250000e-01
1.250000e-01
1.250000e-01
1.250000e-01
1.250000e-01
1.250000e-01
1.250000e-01
1.250000e-01
1.250000e-01
1.250000e-01
1.250000e-01
1.250000e-01
1.250000e-01
1.250000e-01
1.250000e-01
1.250000e-01
1.250000e-01
1.250000e-01
1.250000e-01
1.250000e-01
1.250000e-01
1.250000e-01
1.250000e-01
1.250000e-01
1.250000e-01
1.250000e-01
1.250000e-01
1.250000e-01
1.250000e-01
1.250000e-01
1.250000e-01
1.250000e-01
1.250000e-01
1.250000e-01
1.250000e-01
1.250000e-01
1.250000e-01
1.250000e-01
1.250000e-01
1.250000e-01
1.250000e-01
1.250000e-01
1.250000e-01
1.250000e-01
1.250000e-01
1.250000e-01
1.250000e-01
1.250000e-01
1.250000e-01
1.250000e-01
1.250000e-01
1.250000e-01
1.250000e-01
1.250000e-01
1.250000e-01
1.250000e-01
1.250000e-01
1.250000e-01
1.250000e-01
1.250000e-01
1.250000e-01
1.250000e-01
1.250000e-01
1.250000e-01
1.250000e-01
1.250000e-01
1.250000e-01
1.250000e-01
1.250000e-01
1.250000e-01
1.250000e-01
1.250000e-01
1.250000e-01
1.250000e-01
1.250000e-01
1.250000e-01
1.250000e-01
1.250000e-01
1.250000e-01
1.250000e-01
1.250000e-01
1.250000e-01
1.250000e-01
1.250000e-01
1.250000e-01
1.250000e-01
1.250000e-01
1.250000e-01
1.250000e-01
1.250000e-01
1.250000e-01
1.250000e-01
1.250000e-01
1.250000e-01
1.250000e-01
1.250000e-01
1.250000e-01
1.250000e-01
1.250000e-01
1.250000e-01
1.250000e-01
1.250000e-01
1.250000e-01
1.250000e-01
1.250000e-01
1.250000e-01
1.250000e-01
1.250001e-01
1.250001e-01
1.250001e-01
1.250002e-01
1.250002e-01
1.250004e-01
1.250005e-01
1.250007e-01
1.250010e-01
1.250014e-01
1.250019e-01
1.250027e-01
1.250037e-01
1.250051e-01
1.250070e-01
1.250097e-01
1.250132e-01
1.250179e-01
1.250243e-01
1.250327e-01
1.250440e-01
1.250590e-01
1.250789e-01
1.251050e-01
1.251394e-01
1.251845e-01
1.252434e-01
1.253201e-01
1.254198e-01
1.255491e-01
1.257163e-01
1.259324e-01
1.262109e-01
1.265696e-01
1.270309e-01
1.276239e-01
1.283856e-01
1.293634e-01
1.306178e-01
1.322248e-01
1.342792e-01
1.368952e-01
1.402062e-01
1.443587e-01
1.495006e-01
1.557628e-01
1.632351e-01
1.719446e-01
1.818404e-01
1.927934e-01
2.046120e-01
2.170714e-01
2.299421e-01
2.430107e-01
2.561040e-01
2.690945e-01
2.818998e-01
2.944708e-01
3.067995e-01
3.189047e-01
3.308163e-01
3.425977e-01
3.543039e-01
3.660395e-01
3.779110e-01
3.900210e-01
4.025147e-01
4.155280e-01
4.291794e-01
4.436386e-01
4.589865e-01
4.753757e-01
4.928612e-01
