5.265667e-01
5.572251e-01
5.898422e-01
6.240977e-01
6.597722e-01
6.962959e-01
7.332275e-01
7.699143e-01
8.056985e-01
8.398803e-01
8.716895e-01
9.004502e-01
9.255645e-01
9.466076e-01
9.634339e-01
9.761869e-01
9.852941e-01
9.913979e-01
9.952271e-01
9.974764e-01
9.987190e-01
9.993692e-01
9.996951e-01
9.998536e-01
9.999295e-01
9.999657e-01
9.999831e-01
9.999915e-01
9.999957e-01
9.999978e-01
9.999989e-01
9.999994e-01
9.999997e-01
9.999998e-01
9.999999e-01
1.000000e+00
1.000000e+00
1.000000e+00
1.000000e+00
1.000000e+00
1.000000e+00
1.000000e+00
1.000000e+00
1.000000e+00
1.000000e+00
1.000000e+00
1.000000e+00
1.000000e+00
1.000000e+00
1.000000e+00
1.000000e+00
1.000000e+00
1.000000e+00
1.000000e+00
1.000000e+00
1.000000e+00
1.000000e+00
1.000000e+00
1.000000e+00
1.000000e+00
1.000000e+00
1.000000e+00
1.000000e+00
1.000000e+00
1.000000e+00
1.000000e+00
1.000000e+00
1.000000e+00
1.000000e+00
1.000000e+00
1.000000e+00
1.000000e+00
1.000000e+00
1.000000e+00
1.000000e+00
1.000000e+00
1.000000e+00
1.000000e+00
1.000000e+00
1.000000e+00
1.000000e+00
1.000000e+00
1.000000e+00
1.000000e+00
1.000000e+00
1.000000e+00
1.000000e+00
1.000000e+00
1.000000e+00
1.000000e+00
1.000000e+00
1.000000e+00
1.000000e+00
1.000000e+00
1.000000e+00
1.000000e+00
1.000000e+00
1.000000e+00
1.000000e+00
1.000000e+00
1.000000e+00
1.000000e+00
1.000000e+00
1.000000e+00
1.000000e+00
1.000000e+00
1.000000e+00
1.000000e+00
1.000000e+00
1.000000e+00
1.000000e+00
1.000000e+00
1.000000e+00
1.000000e+00
1.000000e+00
1.000000e+00
1.000000e+00
1.000000e+00
1.000000e+00
1.000000e+00
1.000000e+00
1.000000e+00
1.000000e+00
1.000000e+00
1.000000e+00
1.000000e+00
1.000000e+00
1.000000e+00
1.000000e+00
1.000000e+00
1.000000e+00
1.000000e+00
1.000000e+00
1.000000e+00
1.000000e+00
1.000000e+00
1.000000e+00
1.000000e+00
1.000000e+00
1.000000e+00
1.000000e+00
1.000000e+00
1.000000e+00
1.000000e+00
1.000000e+00
1.000000e+00
1.000000e+00
1.000000e+00
1.000000e+00
1.000000e+00
1.000000e+00
1.000000e+00
1.000000e+00
1.000000e+00
1.000000e+00
1.000000e+00
1.000000e+00
1.000000e+00
1.000000e+00
1.000000e+00
1.000000e+00
1.000000e+00
1.000000e+00
1.000000e+00
1.000000e+00
1.000000e+00
1.000000e+00
1.000000e+00
1.000000e+00
1.000000e+00
1.000000e+00
1.000000e+00
1.000000e+00
1.000000e+00
1.000000e+00
1.000000e+00
1.000000e+00
1.000000e+00
1.000000e+00
1.000000e+00
1.000000e+00
1.000000e+00
1.000000e+00
1.000000e+00
1.000000e+00
1.000000e+00
1.000000e+00
1.000000e+00
1.000000e+00
1.000000e+00
1.000000e+00
1.000000e+00
1.000000e+00
1.000000e+00
1.000000e+00
1.000000e+00
1.000000e+00
1.000000e+00
1.000000e+00
1.000000e+00
1.000000e+00
1.000000e+00
1.000000e+00
1.000000e+00
1.000000e+00
1.000000e+00
1.000000e+00
1.000000e+00
1.000000e+00
1.000000e+00
1.000000e+00
1.000000e+00
1.000000e+00
1.000000e+00
1.000000e+00
1.000000e+00
1.000000e+00
1.000000e+00
1.000000e+00
1.000000e+00
9.999999e-01
9.999999e-01
9.999998e-01
9.999996e-01
9.999992e-01
9.999984e-01
9.999969e-01
9.999940e-01
9.999882e-01
9.999766e-01
9.999533e-01
9.999065e-01
9.998126e-01
9.996255e-01
9.992591e-01
9.985591e-01
9.972673e-01
9.949856e-01
9.911584e-01
9.850992e-01
9.760703e-01
9.634049e-01
9.466471e-01
9.256308e-01
9.004943e-01
8.716697e-01
8.397685e-01
8.054867e-01
7.696126e-01
7.328572e-01
6.958953e-01
6.593669e-01
6.237304e-01
5.895291e-01
5.569857e-01
5.264450e-01
4.979527e-01
4.717209e-01
4.474807e-01
4.249463e-01
4.037804e-01
3.836626e-01
3.642627e-01
3.452674e-01
3.264206e-01
3.075433e-01
2.885642e-01
2.695202e-01
2.505877e-01
2.320435e-01
2.142680e-01
1.976941e-01
1.827414e-01
1.697442e-01
1.588850e-01
1.501551e-01
1.433762e-01
1.382624e-01
1.344885e-01
1.317460e-01
1.297726e-01
1.283618e-01
1.273575e-01
1.266453e-01
1.261423e-01
1.257884e-01
1.255407e-01
1.253683e-01
1.252491e-01
1.251672e-01
1.251114e-01
1.250736e-01
1.250483e-01
1.250314e-01
1.250202e-01
1.250129e-01
1.250082e-01
1.250052e-01
1.250032e-01
1.250020e-01
1.250012e-01
1.250007e-01
1.250004e-01
1.250003e-01
1.250002e-01
1.250001e-01
1.250001e-01
1.250000e-01
1.250000e-01
1.250000e-01
1.250000e-01
1.250000e-01
1.250000e-01
1.250000e-01
1.250000e-01
1.250000e-01
1.250000e-01
1.250000e-01
1.250000e-01
1.250000e-01
1.250000e-01
1.250000e-01
1.250000e-01
1.250000e-01
1.250000e-01
1.250000e-01
1.250000e-01
1.250000e-01
1.250000e-01
1.250000e-01
1.250000e-01
1.250000e-01
1.250000e-01
1.250000e-01
1.250000e-01
1.250000e-01
1.250000e-01
1.250000e-01
1.250000e-01
1.250000e-01
1.250000e-01
1.250000e-01
1.250000e-01
1.250000e-01
1.250000e-01
1.250000e-01
1.250000e-01
1.250000e-01
1.250000e-01
1.250000e-01
1.250000e-01
1.250000e-01
1.250000e-01
1.250000e-01
1.250000e-01
1.250000e-01
1.250000e-01
1.250000e-01
1.250000e-01
1.250000e-01
1.250000e-01
1.250000e-01
1.250000e-01
1.250000e-01
1.250000e-01
1.250000e-01
1.250000e-01
1.250000e-01
1.250000e-01
1.250000e-01
1.250000e-01
1.250000e-01
1.250000e-01
1.250000e-01
1.250000e-01
1.250000e-01
1.250000e-01
1.250000e-01
1.250000e-01
1.250000e-01
1.250000e-01
1.250000e-01
1.250000e-01
1.250000e-01
1.250000e-01
1.250000e-01
1.250000e-01
1.250000e-01
1.250000e-01
1.250000e-01
1.250000e-01
1.250000e-01
1.250000e-01
1.250000e-01
1.250000e-01
1.250000e-01
1.250000e-01
1.250000e-01
1.250000e-01
1.250000e-01
1.250000e-01
1.250000e-01
1.250000e-01
1.250000e-01
1.250000e-01
1.250000e-01
1.250000e-01
1.250000e-01
1.250000e-01
1.250000e-01
1.250000e-01
1.250000e-01
1.250000e-01
1.250000e-01
1.250000e-01
1.250000e-01
1.250000e-01
1.250000e-01
1.250000e-01
1.250000e-01
1.250000e-01
1.250000e-01
1.250000e-01
1.250000e-01
1.250000e-01
1.250000e-01
1.250000e-01
1.250000e-01
1.250000e-01
1.250000e-01
1.250000e-01
1.250000e-01
1.250000e-01
1.250000e-01
1.250000e-01
1.250000e-01
1.250000e-01
1.250000e-01
1.250000e-01
1.250000e-01
1.250000e-01
1.250000e-01
1.250000e-01
1.250000e-01
1.250000e-01
1.250000e-01
1.250000e-01
1.250000e-01
1.250000e-01
1.250000e-01
1.250000e-01
1.250000e-01
1.250000e-01
1.250000e-01
1.250000e-01
1.250000e-01
1.250000e-01
1.250000e-01
1.250000e-01
1.250000e-01
1.250000e-01
1.250001e-01
1.250001e-01
1.250002e-01
1.250003e-01
1.250005e-01
1.250008e-01
1.250014e-01
1.250022e-01
1.250035e-01
1.250056e-01
1.250088e-01
1.250137e-01
1.250213e-01
1.250328e-01
1.250501e-01
1.250761e-01
1.251145e-01
1.251713e-01
1.252543e-01
1.253749e-01
1.255491e-01
1.257991e-01
1.261559e-01
1.266624e-01
1.273782e-01
1.283854e-01
1.297968e-01
1.317652e-01
1.344925e-01
1.382358e-01
1.433002e-01
1.500119e-01
1.586651e-01
1.694508e-01
1.823913e-01
1.973165e-01
2.138941e-01
2.316966e-01
2.502791e-01
2.692512e-01
2.883274e-01
3.073312e-01
3.262253e-01
3.450762e-01
3.640722e-01
3.834785e-01
4.036138e-01
4.248095e-01
4.473930e-01
4.717018e-01
4.980151e-01
