5.005046e-01
5.141915e-01
5.285864e-01
5.436932e-01
5.594977e-01
5.759764e-01
5.930888e-01
6.108154e-01
6.290977e-01
6.478853e-01
6.671270e-01
6.867418e-01
7.066666e-01
7.268181e-01
7.471015e-01
7.674118e-01
7.876377e-01
8.076564e-01
8.273327e-01
8.465182e-01
8.650608e-01
8.827932e-01
8.995578e-01
9.151958e-01
9.295629e-01
9.425384e-01
9.540309e-01
9.639942e-01
9.724295e-01
9.793889e-01
9.849729e-01
9.893236e-01
9.926103e-01
9.950165e-01
9.967231e-01
9.978965e-01
9.986793e-01
9.991870e-01
9.995079e-01
9.997062e-01
9.998263e-01
9.998980e-01
9.999403e-01
9.999651e-01
9.999796e-01
9.999880e-01
9.999929e-01
9.999958e-01
9.999974e-01
9.999985e-01
9.999991e-01
9.999994e-01
9.999996e-01
9.999998e-01
9.999999e-01
9.999999e-01
9.999999e-01
1.000000e+00
1.000000e+00
1.000000e+00
1.000000e+00
1.000000e+00
1.000000e+00
1.000000e+00
1.000000e+00
1.000000e+00
1.000000e+00
1.000000e+00
1.000000e+00
1.000000e+00
1.000000e+00
1.000000e+00
1.000000e+00
1.000000e+00
1.000000e+00
1.000000e+00
1.000000e+00
1.000000e+00
1.000000e+00
1.000000e+00
1.000000e+00
1.000000e+00
1.000000e+00
1.000000e+00
1.000000e+00
1.000000e+00
1.000000e+00
1.000000e+00
1.000000e+00
1.000000e+00
1.000000e+00
1.000000e+00
1.000000e+00
1.000000e+00
1.000000e+00
1.000000e+00
1.000000e+00
1.000000e+00
1.000000e+00
1.000000e+00
1.000000e+00
1.000000e+00
1.000000e+00
1.000000e+00
1.000000e+00
1.000000e+00
1.000000e+00
1.000000e+00
1.000000e+00
1.000000e+00
1.000000e+00
1.000000e+00
1.000000e+00
1.000000e+00
1.000000e+00
1.000000e+00
1.000000e+00
1.000000e+00
1.000000e+00
1.000000e+00
1.000000e+00
1.000000e+00
1.000000e+00
1.000000e+00
1.000000e+00
1.000000e+00
1.000000e+00
1.000000e+00
1.000000e+00
1.000000e+00
1.000000e+00
1.000000e+00
1.000000e+00
1.000000e+00
1.000000e+00
1.000000e+00
1.000000e+00
1.000000e+00
1.000000e+00
1.000000e+00
1.000000e+00
1.000000e+00
1.000000e+00
1.000000e+00
1.000000e+00
1.000000e+00
1.000000e+00
1.000000e+00
1.000000e+00
1.000000e+00
1.000000e+00
1.000000e+00
1.000000e+00
1.000000e+00
1.000000e+00
1.000000e+00
1.000000e+00
1.000000e+00
1.000000e+00
1.000000e+00
1.000000e+00
1.000000e+00
1.000000e+00
1.000000e+00
1.000000e+00
1.000000e+00
1.000000e+00
1.000000e+00
1.000000e+00
1.000000e+00
1.000000e+00
1.000000e+00
1.000000e+00
1.000000e+00
1.000000e+00
1.000000e+00
1.000000e+00
1.000000e+00
1.000000e+00
1.000000e+00
1.000000e+00
1.000000e+00
1.000000e+00
1.000000e+00
1.000000e+00
1.000000e+00
1.000000e+00
1.000000e+00
1.000000e+00
1.000000e+00
1.000000e+00
1.000000e+00
1.000000e+00
1.000000e+00
1.000000e+00
1.000000e+00
1.000000e+00
1.000000e+00
1.000000e+00
9.999999e-01
9.999999e-01
9.999998e-01
9.999997e-01
9.999995e-01
9.999993e-01
9.999988e-01
9.999980e-01
9.999967e-01
9.999945e-01
9.999909e-01
9.999847e-01
9.999743e-01
9.999567e-01
9.999272e-01
9.998779e-01
9.997964e-01
9.996631e-01
9.994480e-01
9.991071e-01
9.985773e-01
9.977726e-01
9.965806e-01
9.948620e-01
9.924535e-01
9.891757e-01
9.848457e-01
9.792913e-01
9.723670e-01
9.639672e-01
9.540352e-01
9.425657e-01
9.296029e-01
9.152367e-01
8.995884e-01
8.828039e-01
8.650438e-01
8.464678e-01
8.272464e-01
8.075337e-01
7.874799e-01
7.672226e-01
7.468844e-01
7.265796e-01
7.064123e-01
6.864776e-01
6.668599e-01
6.476194e-01
6.288394e-01
6.105697e-01
5.928610e-01
5.757673e-01
5.593119e-01
5.435328e-01
5.284535e-01
5.140853e-01
5.004320e-01
4.874850e-01
4.752449e-01
4.636537e-01
4.526955e-01
4.423335e-01
4.324778e-01
4.230988e-01
4.141261e-01
4.054636e-01
3.970749e-01
3.888732e-01
3.808085e-01
3.728320e-01
3.648819e-01
3.569389e-01
3.489609e-01
3.409331e-01
3.328317e-01
3.246483e-01
3.163595e-01
3.079564e-01
2.994166e-01
2.907235e-01
2.818568e-01
2.728006e-01
2.635434e-01
2.540900e-01
2.444584e-01
2.346892e-01
2.248492e-01
2.150312e-01
2.053533e-01
1.959496e-01
1.869636e-01
1.785312e-01
1.707673e-01
1.637554e-01
1.575401e-01
1.521262e-01
1.474832e-01
1.435537e-01
1.402637e-01
1.375317e-01
1.352766e-01
1.334226e-01
1.319024e-01
1.306572e-01
1.296378e-01
1.288035e-01
1.281199e-01
1.275594e-01
1.271002e-01
1.267231e-01
1.264132e-01
1.261590e-01
1.259502e-01
1.257781e-01
1.256371e-01
1.255213e-01
1.254258e-01
1.253476e-01
1.252838e-01
1.252309e-01
1.251878e-01
1.251528e-01
1.251238e-01
1.251003e-01
1.250813e-01
1.250656e-01
1.250528e-01
1.250426e-01
1.250342e-01
1.250274e-01
1.250220e-01
1.250176e-01
1.250140e-01
1.250112e-01
1.250089e-01
1.250070e-01
1.250056e-01
1.250044e-01
1.250035e-01
1.250027e-01
1.250022e-01
1.250017e-01
1.250013e-01
1.250010e-01
1.250008e-01
1.250006e-01
1.250005e-01
1.250004e-01
1.250003e-01
1.250002e-01
1.250002e-01
1.250001e-01
1.250001e-01
1.250001e-01
1.250001e-01
1.250000e-01
1.250000e-01
1.250000e-01
1.250000e-01
1.250000e-01
1.250000e-01
1.250000e-01
1.250000e-01
1.250000e-01
1.250000e-01
1.250000e-01
1.250000e-01
1.250000e-01
1.250000e-01
1.250000e-01
1.250000e-01
1.250000e-01
1.250000e-01
1.250000e-01
1.250000e-01
1.250000e-01
1.250000e-01
1.250000e-01
1.250000e-01
1.250000e-01
1.250000e-01
1.250000e-01
1.250000e-01
1.250000e-01
1.250000e-01
1.250000e-01
1.250000e-01
1.250000e-01
1.250000e-01
1.250000e-01
1.250000e-01
1.250000e-01
1.250000e-01
1.250000e-01
1.250000e-01
1.250000e-01
1.250000e-01
1.250000e-01
1.250000e-01
1.250000e-01
1.250000e-01
1.250000e-01
1.250000e-01
1.250000e-01
1.250000e-01
1.250000e-01
1.250000e-01
1.250000e-01
1.250000e-01
1.250000e-01
1.250000e-01
1.250000e-01
1.250000e-01
1.250000e-01
1.250000e-01
1.250001e-01
1.250001e-01
1.250001e-01
1.250001e-01
1.250002e-01
1.250002e-01
1.250003e-01
1.250004e-01
1.250005e-01
1.250006e-01
1.250008e-01
1.250011e-01
1.250013e-01
1.250017e-01
1.250022e-01
1.250028e-01
1.250035e-01
1.250045e-01
1.250056e-01
1.250071e-01
1.250089e-01
1.250112e-01
1.250141e-01
1.250177e-01
1.250221e-01
1.250276e-01
1.250344e-01
1.250427e-01
1.250531e-01
1.250658e-01
1.250815e-01
1.251007e-01
1.251243e-01
1.251531e-01
1.251885e-01
1.252317e-01
1.252844e-01
1.253488e-01
1.254272e-01
1.255228e-01
1.256392e-01
1.257807e-01
1.259530e-01
1.261627e-01
1.264178e-01
1.267281e-01
1.271061e-01
1.275664e-01
1.281273e-01
1.288114e-01
1.296460e-01
1.306645e-01
1.319075e-01
1.334239e-01
1.352709e-01
1.375156e-01
1.402325e-01
1.435022e-01
1.474060e-01
1.520188e-01
1.573997e-01
1.635821e-01
1.705646e-01
1.783057e-01
1.867241e-01
1.957052e-01
2.051122e-01
2.148015e-01
2.246368e-01
2.344967e-01
2.442861e-01
2.539366e-01
2.634061e-01
2.726764e-01
2.817430e-01
2.906163e-01
2.993131e-01
3.078546e-01
3.162576e-01
3.245446e-01
3.327239e-01
3.408234e-01
3.488441e-01
3.568213e-01
3.647591e-01
3.727086e-01
3.806824e-01
3.887475e-01
3.969548e-01
4.053482e-01
4.140238e-01
4.230099e-01
4.324059e-01
4.422826e-01
4.526657e-01
4.636516e-01
4.752695e-01
4.875364e-01
