5.256423e-01
5.555660e-01
5.873910e-01
6.208405e-01
6.556973e-01
6.914521e-01
7.276743e-01
7.637895e-01
7.991526e-01
8.331197e-01
8.649549e-01
8.939962e-01
9.196445e-01
9.414333e-01
9.591489e-01
9.728443e-01
9.828487e-01
9.897256e-01
9.941594e-01
9.968386e-01
9.983605e-01
9.991780e-01
9.995971e-01
9.998047e-01
9.999054e-01
9.999538e-01
9.999772e-01
9.999886e-01
9.999942e-01
9.999970e-01
9.999984e-01
9.999992e-01
9.999996e-01
9.999998e-01
9.999999e-01
9.999999e-01
1.000000e+00
1.000000e+00
1.000000e+00
1.000000e+00
1.000000e+00
1.000000e+00
1.000000e+00
1.000000e+00
1.000000e+00
1.000000e+00
1.000000e+00
1.000000e+00
1.000000e+00
1.000000e+00
1.000000e+00
1.000000e+00
1.000000e+00
1.000000e+00
1.000000e+00
1.000000e+00
1.000000e+00
1.000000e+00
1.000000e+00
1.000000e+00
1.000000e+00
1.000000e+00
1.000000e+00
1.000000e+00
1.000000e+00
1.000000e+00
1.000000e+00
1.000000e+00
1.000000e+00
1.000000e+00
1.000000e+00
1.000000e+00
1.000000e+00
1.000000e+00
1.000000e+00
1.000000e+00
1.000000e+00
1.000000e+00
1.000000e+00
1.000000e+00
1.000000e+00
1.000000e+00
1.000000e+00
1.000000e+00
1.000000e+00
1.000000e+00
1.000000e+00
1.000000e+00
1.000000e+00
1.000000e+00
1.000000e+00
1.000000e+00
1.000000e+00
1.000000e+00
1.000000e+00
1.000000e+00
1.000000e+00
1.000000e+00
1.000000e+00
1.000000e+00
1.000000e+00
1.000000e+00
1.000000e+00
1.000000e+00
1.000000e+00
1.000000e+00
1.000000e+00
1.000000e+00
1.000000e+00
1.000000e+00
1.000000e+00
1.000000e+00
1.000000e+00
1.000000e+00
1.000000e+00
1.000000e+00
1.000000e+00
1.000000e+00
1.000000e+00
1.000000e+00
1.000000e+00
1.000000e+00
1.000000e+00
1.000000e+00
1.000000e+00
1.000000e+00
1.000000e+00
1.000000e+00
1.000000e+00
1.000000e+00
1.000000e+00
1.000000e+00
1.000000e+00
1.000000e+00
1.000000e+00
1.000000e+00
1.000000e+00
1.000000e+00
1.000000e+00
1.000000e+00
1.000000e+00
1.000000e+00
1.000000e+00
1.000000e+00
1.000000e+00
1.000000e+00
1.000000e+00
1.000000e+00
1.000000e+00
1.000000e+00
1.000000e+00
1.000000e+00
1.000000e+00
1.000000e+00
1.000000e+00
1.000000e+00
1.000000e+00
1.000000e+00
1.000000e+00
1.000000e+00
1.000000e+00
1.000000e+00
1.000000e+00
1.000000e+00
1.000000e+00
1.000000e+00
1.000000e+00
1.000000e+00
1.000000e+00
1.000000e+00
1.000000e+00
1.000000e+00
1.000000e+00
1.000000e+00
1.000000e+00
1.000000e+00
1.000000e+00
1.000000e+00
1.000000e+00
1.000000e+00
1.000000e+00
1.000000e+00
1.000000e+00
1.000000e+00
1.000000e+00
1.000000e+00
1.000000e+00
1.000000e+00
1.000000e+00
1.000000e+00
1.000000e+00
1.000000e+00
1.000000e+00
1.000000e+00
1.000000e+00
1.000000e+00
1.000000e+00
1.000000e+00
1.000000e+00
1.000000e+00
1.000000e+00
1.000000e+00
1.000000e+00
1.000000e+00
1.000000e+00
1.000000e+00
1.000000e+00
1.000000e+00
1.000000e+00
1.000000e+00
1.000000e+00
1.000000e+00
1.000000e+00
1.000000e+00
1.000000e+00
1.000000e+00
1.000000e+00
1.000000e+00
1.000000e+00
9.999999e-01
9.999999e-01
9.999998e-01
9.999997e-01
9.999994e-01
9.999989e-01
9.999978e-01
9.999958e-01
9.999919e-01
9.999841e-01
9.999688e-01
9.999380e-01
9.998767e-01
9.997546e-01
9.995147e-01
9.990520e-01
9.981847e-01
9.966185e-01
9.939172e-01
9.894989e-01
9.826774e-01
9.727549e-01
9.591426e-01
9.414840e-01
9.197091e-01
8.940287e-01
8.649173e-01
8.329891e-01
7.989260e-01
7.634788e-01
7.273009e-01
6.910532e-01
6.552981e-01
6.204805e-01
5.870856e-01
5.553319e-01
5.255222e-01
4.977159e-01
4.720721e-01
4.483593e-01
4.263120e-01
4.056008e-01
3.859363e-01
3.669925e-01
3.484676e-01
3.301030e-01
3.117218e-01
2.932299e-01
2.746254e-01
2.560455e-01
2.377254e-01
2.199994e-01
2.032738e-01
1.879654e-01
1.744360e-01
1.629263e-01
1.535029e-01
1.460572e-01
1.403518e-01
1.360847e-01
1.329488e-01
1.306711e-01
1.290289e-01
1.278505e-01
1.270083e-01
1.264082e-01
1.259822e-01
1.256813e-01
1.254695e-01
1.253215e-01
1.252186e-01
1.251476e-01
1.250989e-01
1.250658e-01
1.250434e-01
1.250284e-01
1.250184e-01
1.250119e-01
1.250076e-01
1.250048e-01
1.250030e-01
1.250019e-01
1.250012e-01
1.250007e-01
1.250004e-01
1.250003e-01
1.250002e-01
1.250001e-01
1.250001e-01
1.250000e-01
1.250000e-01
1.250000e-01
1.250000e-01
1.250000e-01
1.250000e-01
1.250000e-01
1.250000e-01
1.250000e-01
1.250000e-01
1.250000e-01
1.250000e-01
1.250000e-01
1.250000e-01
1.250000e-01
1.250000e-01
1.250000e-01
1.250000e-01
1.250000e-01
1.250000e-01
1.250000e-01
1.250000e-01
1.250000e-01
1.250000e-01
1.250000e-01
1.250000e-01
1.250000e-01
1.250000e-01
1.250000e-01
1.250000e-01
1.250000e-01
1.250000e-01
1.250000e-01
1.250000e-01
1.250000e-01
1.250000e-01
1.250000e-01
1.250000e-01
1.250000e-01
1.250000e-01
1.250000e-01
1.250000e-01
1.250000e-01
1.250000e-01
1.250000e-01
1.250000e-01
1.250000e-01
1.250000e-01
1.250000e-01
1.250000e-01
1.250000e-01
1.250000e-01
1.250000e-01
1.250000e-01
1.250000e-01
1.250000e-01
1.250000e-01
1.250000e-01
1.250000e-01
1.250000e-01
1.250000e-01
1.250000e-01
1.250000e-01
1.250000e-01
1.250000e-01
1.250000e-01
1.250000e-01
1.250000e-01
1.250000e-01
1.250000e-01
1.250000e-01
1.250000e-01
1.250000e-01
1.250000e-01
1.250000e-01
1.250000e-01
1.250000e-01
1.250000e-01
1.250000e-01
1.250000e-01
1.250000e-01
1.250000e-01
1.250000e-01
1.250000e-01
1.250000e-01
1.250000e-01
1.250000e-01
1.250000e-01
1.250000e-01
1.250000e-01
1.250000e-01
1.250000e-01
1.250000e-01
1.250000e-01
1.250000e-01
1.250000e-01
1.250000e-01
1.250000e-01
1.250000e-01
1.250000e-01
1.250000e-01
1.250000e-01
1.250000e-01
1.250000e-01
1.250000e-01
1.250000e-01
1.250000e-01
1.250000e-01
1.250000e-01
1.250000e-01
1.250000e-01
1.250000e-01
1.250000e-01
1.250000e-01
1.250000e-01
1.250000e-01
1.250000e-01
1.250000e-01
1.250000e-01
1.250000e-01
1.250000e-01
1.250000e-01
1.250000e-01
1.250000e-01
1.250000e-01
1.250000e-01
1.250000e-01
1.250000e-01
1.250000e-01
1.250000e-01
1.250000e-01
1.250000e-01
1.250000e-01
1.250000e-01
1.250000e-01
1.250000e-01
1.250000e-01
1.250000e-01
1.250000e-01
1.250000e-01
1.250000e-01
1.250000e-01
1.250000e-01
1.250000e-01
1.250000e-01
1.250000e-01
1.250000e-01
1.250000e-01
1.250000e-01
1.250000e-01
1.250000e-01
1.250000e-01
1.250001e-01
1.250001e-01
1.250002e-01
1.250003e-01
1.250005e-01
1.250008e-01
1.250013e-01
1.250021e-01
1.250033e-01
1.250052e-01
1.250081e-01
1.250126e-01
1.250194e-01
1.250297e-01
1.250450e-01
1.250679e-01
1.251017e-01
1.251511e-01
1.252231e-01
1.253272e-01
1.254768e-01
1.256905e-01
1.259940e-01
1.264229e-01
1.270264e-01
1.278720e-01
1.290523e-01
1.306928e-01
1.329616e-01
1.360765e-01
1.403059e-01
1.459552e-01
1.533303e-01
1.626790e-01
1.741225e-01
1.876067e-01
2.028997e-01
2.196379e-01
2.373955e-01
2.557547e-01
2.743709e-01
2.930052e-01
3.115216e-01
3.299105e-01
3.482774e-01
3.668050e-01
3.857564e-01
4.054389e-01
4.261804e-01
4.482740e-01
4.720535e-01
4.977799e-01
