5.003654e-01
5.139843e-01
5.283072e-01
5.433365e-01
5.590595e-01
5.754526e-01
5.924777e-01
6.101133e-01
6.283026e-01
6.469966e-01
6.661464e-01
6.856686e-01
7.055046e-01
7.255713e-01
7.457747e-01
7.660147e-01
7.861784e-01
8.061473e-01
8.257876e-01
8.449532e-01
8.634953e-01
8.812467e-01
8.980523e-01
9.137534e-01
9.282056e-01
9.412857e-01
9.529002e-01
9.629975e-01
9.715735e-01
9.786739e-01
9.843934e-01
9.888681e-01
9.922638e-01
9.947613e-01
9.965412e-01
9.977708e-01
9.985951e-01
9.991321e-01
9.994730e-01
9.996845e-01
9.998131e-01
9.998901e-01
9.999356e-01
9.999623e-01
9.999779e-01
9.999870e-01
9.999923e-01
9.999954e-01
9.999972e-01
9.999983e-01
9.999990e-01
9.999994e-01
9.999996e-01
9.999998e-01
9.999998e-01
9.999999e-01
9.999999e-01
1.000000e+00
1.000000e+00
1.000000e+00
1.000000e+00
1.000000e+00
1.000000e+00
1.000000e+00
1.000000e+00
1.000000e+00
1.000000e+00
1.000000e+00
1.000000e+00
1.000000e+00
1.000000e+00
1.000000e+00
1.000000e+00
1.000000e+00
1.000000e+00
1.000000e+00
1.000000e+00
1.000000e+00
1.000000e+00
1.000000e+00
1.000000e+00
1.000000e+00
1.000000e+00
1.000000e+00
1.000000e+00
1.000000e+00
1.000000e+00
1.000000e+00
1.000000e+00
1.000000e+00
1.000000e+00
1.000000e+00
1.000000e+00
1.000000e+00
1.000000e+00
1.000000e+00
1.000000e+00
1.000000e+00
1.000000e+00
1.000000e+00
1.000000e+00
1.000000e+00
1.000000e+00
1.000000e+00
1.000000e+00
1.000000e+00
1.000000e+00
1.000000e+00
1.000000e+00
1.000000e+00
1.000000e+00
1.000000e+00
1.000000e+00
1.000000e+00
1.000000e+00
1.000000e+00
1.000000e+00
1.000000e+00
1.000000e+00
1.000000e+00
1.000000e+00
1.000000e+00
1.000000e+00
1.000000e+00
1.000000e+00
1.000000e+00
1.000000e+00
1.000000e+00
1.000000e+00
1.000000e+00
1.000000e+00
1.000000e+00
1.000000e+00
1.000000e+00
1.000000e+00
1.000000e+00
1.000000e+00
1.000000e+00
1.000000e+00
1.000000e+00
1.000000e+00
1.000000e+00
1.000000e+00
1.000000e+00
1.000000e+00
1.000000e+00
1.000000e+00
1.000000e+00
1.000000e+00
1.000000e+00
1.000000e+00
1.000000e+00
1.000000e+00
1.000000e+00
1.000000e+00
1.000000e+00
1.000000e+00
1.000000e+00
1.000000e+00
1.000000e+00
1.000000e+00
1.000000e+00
1.000000e+00
1.000000e+00
1.000000e+00
1.000000e+00
1.000000e+00
1.000000e+00
1.000000e+00
1.000000e+00
1.000000e+00
1.000000e+00
1.000000e+00
1.000000e+00
1.000000e+00
1.000000e+00
1.000000e+00
1.000000e+00
1.000000e+00
1.000000e+00
1.000000e+00
1.000000e+00
1.000000e+00
1.000000e+00
1.000000e+00
1.000000e+00
1.000000e+00
1.000000e+00
1.000000e+00
1.000000e+00
1.000000e+00
1.000000e+00
1.000000e+00
1.000000e+00
1.000000e+00
1.000000e+00
1.000000e+00
1.000000e+00
1.000000e+00
9.999999e-01
9.999999e-01
9.999998e-01
9.999997e-01
9.999995e-01
9.999992e-01
9.999987e-01
9.999979e-01
9.999965e-01
9.999941e-01
9.999902e-01
9.999835e-01
9.999723e-01
9.999534e-01
9.999217e-01
9.998689e-01
9.997817e-01
9.996395e-01
9.994108e-01
9.990496e-01
9.984905e-01
9.976447e-01
9.963972e-01
9.946064e-01
9.921079e-01
9.887225e-01
9.842694e-01
9.785803e-01
9.715150e-01
9.629741e-01
9.529073e-01
9.413146e-01
9.282460e-01
9.137936e-01
8.980813e-01
8.812553e-01
8.634757e-01
8.449002e-01
8.256987e-01
8.060223e-01
7.860188e-01
7.658242e-01
7.455567e-01
7.253324e-01
7.052504e-01
6.854050e-01
6.658799e-01
6.467320e-01
6.280454e-01
6.098688e-01
5.922511e-01
5.752447e-01
5.588747e-01
5.431771e-01
5.281750e-01
5.138787e-01
5.002931e-01
4.874093e-01
4.752280e-01
4.636911e-01
4.527829e-01
4.424677e-01
4.326561e-01
4.233180e-01
4.143855e-01
4.057619e-01
3.974107e-01
3.892485e-01
3.812210e-01
3.732833e-01
3.653724e-01
3.574692e-01
3.495341e-01
3.415478e-01
3.334915e-01
3.253537e-01
3.171143e-01
3.087630e-01
3.002780e-01
2.916433e-01
2.828383e-01
2.738463e-01
2.646548e-01
2.552656e-01
2.456944e-01
2.359781e-01
2.261788e-01
2.163853e-01
2.067114e-01
1.972888e-01
1.882594e-01
1.797605e-01
1.719104e-01
1.647975e-01
1.584725e-01
1.529463e-01
1.481941e-01
1.441623e-01
1.407797e-01
1.379661e-01
1.356404e-01
1.337264e-01
1.321555e-01
1.308680e-01
1.298132e-01
1.289495e-01
1.282416e-01
1.276609e-01
1.271847e-01
1.267938e-01
1.264722e-01
1.262083e-01
1.259914e-01
1.258126e-01
1.256658e-01
1.255454e-01
1.254459e-01
1.253643e-01
1.252977e-01
1.252426e-01
1.251974e-01
1.251609e-01
1.251306e-01
1.251058e-01
1.250858e-01
1.250694e-01
1.250559e-01
1.250452e-01
1.250364e-01
1.250291e-01
1.250234e-01
1.250188e-01
1.250149e-01
1.250119e-01
1.250095e-01
1.250075e-01
1.250060e-01
1.250048e-01
1.250037e-01
1.250029e-01
1.250023e-01
1.250018e-01
1.250014e-01
1.250011e-01
1.250009e-01
1.250007e-01
1.250005e-01
1.250004e-01
1.250003e-01
1.250002e-01
1.250002e-01
1.250001e-01
1.250001e-01
1.250001e-01
1.250001e-01
1.250000e-01
1.250000e-01
1.250000e-01
1.250000e-01
1.250000e-01
1.250000e-01
1.250000e-01
1.250000e-01
1.250000e-01
1.250000e-01
1.250000e-01
1.250000e-01
1.250000e-01
1.250000e-01
1.250000e-01
1.250000e-01
1.250000e-01
1.250000e-01
1.250000e-01
1.250000e-01
1.250000e-01
1.250000e-01
1.250000e-01
1.250000e-01
1.250000e-01
1.250000e-01
1.250000e-01
1.250000e-01
1.250000e-01
1.250000e-01
1.250000e-01
1.250000e-01
1.250000e-01
1.250000e-01
1.250000e-01
1.250000e-01
1.250000e-01
1.250000e-01
1.250000e-01
1.250000e-01
1.250000e-01
1.250000e-01
1.250000e-01
1.250000e-01
1.250000e-01
1.250000e-01
1.250000e-01
1.250000e-01
1.250000e-01
1.250000e-01
1.250000e-01
1.250000e-01
1.250000e-01
1.250000e-01
1.250000e-01
1.250000e-01
1.250000e-01
1.250000e-01
1.250000e-01
1.250001e-01
1.250001e-01
1.250001e-01
1.250001e-01
1.250002e-01
1.250002e-01
1.250003e-01
1.250003e-01
1.250004e-01
1.250005e-01
1.250007e-01
1.250009e-01
1.250011e-01
1.250015e-01
1.250019e-01
1.250024e-01
1.250030e-01
1.250038e-01
1.250048e-01
1.250061e-01
1.250076e-01
1.250096e-01
1.250120e-01
1.250151e-01
1.250188e-01
1.250235e-01
1.250293e-01
1.250365e-01
1.250453e-01
1.250562e-01
1.250696e-01
1.250861e-01
1.251062e-01
1.251310e-01
1.251612e-01
1.251982e-01
1.252434e-01
1.252985e-01
1.253656e-01
1.254474e-01
1.255469e-01
1.256680e-01
1.258153e-01
1.259943e-01
1.262121e-01
1.264769e-01
1.267989e-01
1.271909e-01
1.276680e-01
1.282491e-01
1.289575e-01
1.298212e-01
1.308748e-01
1.321600e-01
1.337266e-01
1.356332e-01
1.379478e-01
1.407456e-01
1.441070e-01
1.481124e-01
1.528339e-01
1.583270e-01
1.646196e-01
1.717041e-01
1.795328e-01
1.880191e-01
1.970449e-01
2.064721e-01
2.161584e-01
2.259696e-01
2.357889e-01
2.455254e-01
2.551150e-01
2.645198e-01
2.737243e-01
2.827260e-01
2.915372e-01
3.001754e-01
3.086615e-01
3.170124e-01
3.252505e-01
3.333838e-01
3.414379e-01
3.494173e-01
3.573519e-01
3.652498e-01
3.731602e-01
3.810947e-01
3.891233e-01
3.972912e-01
4.056473e-01
4.142841e-01
4.232296e-01
4.325849e-01
4.424172e-01
4.527536e-01
4.636893e-01
4.752526e-01
4.874606e-01
