5.002269e-01
5.137785e-01
5.280300e-01
5.429826e-01
5.586247e-01
5.749330e-01
5.918717e-01
6.094171e-01
6.275139e-01
6.461155e-01
6.651737e-01
6.846041e-01
7.043517e-01
7.243339e-01
7.444574e-01
7.646272e-01
7.847283e-01
8.046467e-01
8.242500e-01
8.433946e-01
8.619343e-01
8.797029e-01
8.965470e-01
9.123088e-01
9.268434e-01
9.400255e-01
9.517599e-01
9.619891e-01
9.707045e-01
9.779455e-01
9.838005e-01
9.884002e-01
9.919062e-01
9.944966e-01
9.963516e-01
9.976392e-01
9.985064e-01
9.990741e-01
9.994360e-01
9.996614e-01
9.997990e-01
9.998816e-01
9.999305e-01
9.999593e-01
9.999761e-01
9.999860e-01
9.999917e-01
9.999950e-01
9.999970e-01
9.999982e-01
9.999989e-01
9.999993e-01
9.999996e-01
9.999997e-01
9.999998e-01
9.999999e-01
9.999999e-01
1.000000e+00
1.000000e+00
1.000000e+00
1.000000e+00
1.000000e+00
1.000000e+00
1.000000e+00
1.000000e+00
1.000000e+00
1.000000e+00
1.000000e+00
1.000000e+00
1.000000e+00
1.000000e+00
1.000000e+00
1.000000e+00
1.000000e+00
1.000000e+00
1.000000e+00
1.000000e+00
1.000000e+00
1.000000e+00
1.000000e+00
1.000000e+00
1.000000e+00
1.000000e+00
1.000000e+00
1.000000e+00
1.000000e+00
1.000000e+00
1.000000e+00
1.000000e+00
1.000000e+00
1.000000e+00
1.000000e+00
1.000000e+00
1.000000e+00
1.000000e+00
1.000000e+00
1.000000e+00
1.000000e+00
1.000000e+00
1.000000e+00
1.000000e+00
1.000000e+00
1.000000e+00
1.000000e+00
1.000000e+00
1.000000e+00
1.000000e+00
1.000000e+00
1.000000e+00
1.000000e+00
1.000000e+00
1.000000e+00
1.000000e+00
1.000000e+00
1.000000e+00
1.000000e+00
1.000000e+00
1.000000e+00
1.000000e+00
1.000000e+00
1.000000e+00
1.000000e+00
1.000000e+00
1.000000e+00
1.000000e+00
1.000000e+00
1.000000e+00
1.000000e+00
1.000000e+00
1.000000e+00
1.000000e+00
1.000000e+00
1.000000e+00
1.000000e+00
1.000000e+00
1.000000e+00
1.000000e+00
1.000000e+00
1.000000e+00
1.000000e+00
1.000000e+00
1.000000e+00
1.000000e+00
1.000000e+00
1.000000e+00
1.000000e+00
1.000000e+00
1.000000e+00
1.000000e+00
1.000000e+00
1.000000e+00
1.000000e+00
1.000000e+00
1.000000e+00
1.000000e+00
1.000000e+00
1.000000e+00
1.000000e+00
1.000000e+00
1.000000e+00
1.000000e+00
1.000000e+00
1.000000e+00
1.000000e+00
1.000000e+00
1.000000e+00
1.000000e+00
1.000000e+00
1.000000e+00
1.000000e+00
1.000000e+00
1.000000e+00
1.000000e+00
1.000000e+00
1.000000e+00
1.000000e+00
1.000000e+00
1.000000e+00
1.000000e+00
1.000000e+00
1.000000e+00
1.000000e+00
1.000000e+00
1.000000e+00
1.000000e+00
1.000000e+00
1.000000e+00
1.000000e+00
1.000000e+00
1.000000e+00
1.000000e+00
1.000000e+00
1.000000e+00
1.000000e+00
1.000000e+00
1.000000e+00
1.000000e+00
1.000000e+00
9.999999e-01
9.999999e-01
9.999999e-01
9.999998e-01
9.999997e-01
9.999995e-01
9.999991e-01
9.999986e-01
9.999977e-01
9.999962e-01
9.999936e-01
9.999894e-01
9.999822e-01
9.999701e-01
9.999498e-01
9.999157e-01
9.998592e-01
9.997660e-01
9.996144e-01
9.993714e-01
9.989890e-01
9.983993e-01
9.975109e-01
9.962062e-01
9.943414e-01
9.917513e-01
9.882569e-01
9.836800e-01
9.778559e-01
9.706501e-01
9.619692e-01
9.517696e-01
9.400559e-01
9.268841e-01
9.123483e-01
8.965745e-01
8.797092e-01
8.619121e-01
8.433390e-01
8.241585e-01
8.045195e-01
7.845669e-01
7.644354e-01
7.442385e-01
7.240946e-01
7.040976e-01
6.843410e-01
6.649079e-01
6.458521e-01
6.272579e-01
6.091736e-01
5.916463e-01
5.747264e-01
5.584409e-01
5.428240e-01
5.278985e-01
5.136735e-01
5.001550e-01
4.873338e-01
4.752107e-01
4.637278e-01
4.528691e-01
4.426004e-01
4.328325e-01
4.235351e-01
4.146424e-01
4.060573e-01
3.977434e-01
3.896204e-01
3.816297e-01
3.737303e-01
3.658585e-01
3.579944e-01
3.501017e-01
3.421565e-01
3.341448e-01
3.260517e-01
3.178612e-01
3.095608e-01
3.011295e-01
2.925526e-01
2.838086e-01
2.748799e-01
2.657538e-01
2.564289e-01
2.469186e-01
2.372561e-01
2.274995e-01
2.177330e-01
2.080663e-01
1.986284e-01
1.895594e-01
1.809977e-01
1.730646e-01
1.658531e-01
1.594199e-01
1.537821e-01
1.489203e-01
1.447855e-01
1.413090e-01
1.384123e-01
1.360146e-01
1.340390e-01
1.324161e-01
1.310851e-01
1.299940e-01
1.291001e-01
1.283672e-01
1.277657e-01
1.272721e-01
1.268668e-01
1.265333e-01
1.262592e-01
1.260340e-01
1.258483e-01
1.256955e-01
1.255703e-01
1.254668e-01
1.253816e-01
1.253122e-01
1.252548e-01
1.252075e-01
1.251692e-01
1.251376e-01
1.251116e-01
1.250906e-01
1.250734e-01
1.250592e-01
1.250478e-01
1.250386e-01
1.250310e-01
1.250249e-01
1.250200e-01
1.250160e-01
1.250127e-01
1.250102e-01
1.250081e-01
1.250064e-01
1.250051e-01
1.250040e-01
1.250032e-01
1.250025e-01
1.250020e-01
1.250015e-01
1.250012e-01
1.250010e-01
1.250007e-01
1.250006e-01
1.250005e-01
1.250003e-01
1.250003e-01
1.250002e-01
1.250002e-01
1.250001e-01
1.250001e-01
1.250001e-01
1.250001e-01
1.250000e-01
1.250000e-01
1.250000e-01
1.250000e-01
1.250000e-01
1.250000e-01
1.250000e-01
1.250000e-01
1.250000e-01
1.250000e-01
1.250000e-01
1.250000e-01
1.250000e-01
1.250000e-01
1.250000e-01
1.250000e-01
1.250000e-01
1.250000e-01
1.250000e-01
1.250000e-01
1.250000e-01
1.250000e-01
1.250000e-01
1.250000e-01
1.250000e-01
1.250000e-01
1.250000e-01
1.250000e-01
1.250000e-01
1.250000e-01
1.250000e-01
1.250000e-01
1.250000e-01
1.250000e-01
1.250000e-01
1.250000e-01
1.250000e-01
1.250000e-01
1.250000e-01
1.250000e-01
1.250000e-01
1.250000e-01
1.250000e-01
1.250000e-01
1.250000e-01
1.250000e-01
1.250000e-01
1.250000e-01
1.250000e-01
1.250000e-01
1.250000e-01
1.250000e-01
1.250000e-01
1.250000e-01
1.250000e-01
1.250000e-01
1.250000e-01
1.250000e-01
1.250001e-01
1.250001e-01
1.250001e-01
1.250001e-01
1.250002e-01
1.250002e-01
1.250003e-01
1.250004e-01
1.250005e-01
1.250006e-01
1.250008e-01
1.250010e-01
1.250012e-01
1.250016e-01
1.250020e-01
1.250025e-01
1.250032e-01
1.250041e-01
1.250052e-01
1.250065e-01
1.250082e-01
1.250103e-01
1.250129e-01
1.250161e-01
1.250201e-01
1.250250e-01
1.250312e-01
1.250387e-01
1.250480e-01
1.250595e-01
1.250736e-01
1.250909e-01
1.251120e-01
1.251379e-01
1.251696e-01
1.252083e-01
1.252555e-01
1.253130e-01
1.253830e-01
1.254682e-01
1.255719e-01
1.256979e-01
1.258510e-01
1.260371e-01
1.262633e-01
1.265380e-01
1.268721e-01
1.272784e-01
1.277728e-01
1.283747e-01
1.291081e-01
1.300019e-01
1.310916e-01
1.324200e-01
1.340381e-01
1.360057e-01
1.383917e-01
1.412718e-01
1.447262e-01
1.488340e-01
1.536648e-01
1.592695e-01
1.656709e-01
1.728549e-01
1.807680e-01
1.893186e-01
1.983852e-01
2.078289e-01
2.175089e-01
2.272936e-01
2.370704e-01
2.467527e-01
2.562809e-01
2.656212e-01
2.747600e-01
2.836976e-01
2.924475e-01
3.010280e-01
3.094596e-01
3.177593e-01
3.259490e-01
3.340372e-01
3.420463e-01
3.499851e-01
3.578774e-01
3.657360e-01
3.736075e-01
3.815033e-01
3.894957e-01
3.976245e-01
4.059436e-01
4.145418e-01
4.234473e-01
4.327621e-01
4.425504e-01
4.528403e-01
4.637263e-01
4.752354e-01
4.873850e-01
