5.171052e-01
5.406845e-01
5.656520e-01
5.920328e-01
6.195788e-01
6.481978e-01
6.776349e-01
7.076347e-01
7.379000e-01
7.680832e-01
7.978165e-01
8.266882e-01
8.542696e-01
8.801040e-01
9.037741e-01
9.249032e-01
9.431916e-01
9.584851e-01
9.707805e-01
9.802444e-01
9.871896e-01
9.920378e-01
9.952518e-01
9.972757e-01
9.984891e-01
9.991850e-01
9.995692e-01
9.997750e-01
9.998830e-01
9.999390e-01
9.999680e-01
9.999830e-01
9.999909e-01
9.999951e-01
9.999973e-01
9.999985e-01
9.999992e-01
9.999995e-01
9.999997e-01
9.999998e-01
9.999999e-01
9.999999e-01
1.000000e+00
1.000000e+00
1.000000e+00
1.000000e+00
1.000000e+00
1.000000e+00
1.000000e+00
1.000000e+00
1.000000e+00
1.000000e+00
1.000000e+00
1.000000e+00
1.000000e+00
1.000000e+00
1.000000e+00
1.000000e+00
1.000000e+00
1.000000e+00
1.000000e+00
1.000000e+00
1.000000e+00
1.000000e+00
1.000000e+00
1.000000e+00
1.000000e+00
1.000000e+00
1.000000e+00
1.000000e+00
1.000000e+00
1.000000e+00
1.000000e+00
1.000000e+00
1.000000e+00
1.000000e+00
1.000000e+00
1.000000e+00
1.000000e+00
1.000000e+00
1.000000e+00
1.000000e+00
1.000000e+00
1.000000e+00
1.000000e+00
1.000000e+00
1.000000e+00
1.000000e+00
1.000000e+00
1.000000e+00
1.000000e+00
1.000000e+00
1.000000e+00
1.000000e+00
1.000000e+00
1.000000e+00
1.000000e+00
1.000000e+00
1.000000e+00
1.000000e+00
1.000000e+00
1.000000e+00
1.000000e+00
1.000000e+00
1.000000e+00
1.000000e+00
1.000000e+00
1.000000e+00
1.000000e+00
1.000000e+00
1.000000e+00
1.000000e+00
1.000000e+00
1.000000e+00
1.000000e+00
1.000000e+00
1.000000e+00
1.000000e+00
1.000000e+00
1.000000e+00
1.000000e+00
1.000000e+00
1.000000e+00
1.000000e+00
1.000000e+00
1.000000e+00
1.000000e+00
1.000000e+00
1.000000e+00
1.000000e+00
1.000000e+00
1.000000e+00
1.000000e+00
1.000000e+00
1.000000e+00
1.000000e+00
1.000000e+00
1.000000e+00
1.000000e+00
1.000000e+00
1.000000e+00
1.000000e+00
1.000000e+00
1.000000e+00
1.000000e+00
1.000000e+00
1.000000e+00
1.000000e+00
1.000000e+00
1.000000e+00
1.000000e+00
1.000000e+00
1.000000e+00
1.000000e+00
1.000000e+00
1.000000e+00
1.000000e+00
1.000000e+00
1.000000e+00
1.000000e+00
1.000000e+00
1.000000e+00
1.000000e+00
1.000000e+00
1.000000e+00
1.000000e+00
1.000000e+00
1.000000e+00
1.000000e+00
1.000000e+00
1.000000e+00
1.000000e+00
1.000000e+00
1.000000e+00
1.000000e+00
1.000000e+00
1.000000e+00
1.000000e+00
1.000000e+00
1.000000e+00
1.000000e+00
1.000000e+00
1.000000e+00
1.000000e+00
1.000000e+00
1.000000e+00
1.000000e+00
1.000000e+00
1.000000e+00
1.000000e+00
1.000000e+00
1.000000e+00
1.000000e+00
1.000000e+00
1.000000e+00
1.000000e+00
1.000000e+00
1.000000e+00
1.000000e+00
1.000000e+00
1.000000e+00
1.000000e+00
1.000000e+00
1.000000e+00
1.000000e+00
1.000000e+00
1.000000e+00
1.000000e+00
1.000000e+00
1.000000e+00
1.000000e+00
1.000000e+00
1.000000e+00
1.000000e+00
9.999999e-01
9.999999e-01
9.999998e-01
9.999996e-01
9.999994e-01
9.999989e-01
9.999980e-01
9.999963e-01
9.999934e-01
9.999878e-01
9.999774e-01
9.999580e-01
9.999216e-01
9.998534e-01
9.997268e-01
9.994944e-01
9.990760e-01
9.983412e-01
9.970914e-01
9.950436e-01
9.918284e-01
9.870066e-01
9.801129e-01
9.707144e-01
9.584819e-01
9.432335e-01
9.249620e-01
9.038195e-01
8.801079e-01
8.542124e-01
8.265582e-01
7.976141e-01
7.678173e-01
7.375823e-01
7.072861e-01
6.772760e-01
6.478425e-01
6.192518e-01
5.917422e-01
5.654155e-01
5.404979e-01
5.170010e-01
4.950207e-01
4.745293e-01
4.554466e-01
4.375786e-01
4.208325e-01
4.049684e-01
3.898384e-01
3.752170e-01
3.609110e-01
3.467655e-01
3.326237e-01
3.183834e-01
3.039509e-01
2.892991e-01
2.744250e-01
2.593954e-01
2.443310e-01
2.294129e-01
2.148818e-01
2.010189e-01
1.881147e-01
1.764354e-01
1.661800e-01
1.574439e-01
1.502141e-01
1.443832e-01
1.397804e-01
1.362063e-01
1.334633e-01
1.313744e-01
1.297909e-01
1.285940e-01
1.276908e-01
1.270103e-01
1.264980e-01
1.261133e-01
1.258246e-01
1.256087e-01
1.254476e-01
1.253279e-01
1.252391e-01
1.251736e-01
1.251255e-01
1.250903e-01
1.250646e-01
1.250460e-01
1.250326e-01
1.250230e-01
1.250161e-01
1.250113e-01
1.250078e-01
1.250054e-01
1.250037e-01
1.250025e-01
1.250017e-01
1.250012e-01
1.250008e-01
1.250005e-01
1.250003e-01
1.250002e-01
1.250002e-01
1.250001e-01
1.250001e-01
1.250000e-01
1.250000e-01
1.250000e-01
1.250000e-01
1.250000e-01
1.250000e-01
1.250000e-01
1.250000e-01
1.250000e-01
1.250000e-01
1.250000e-01
1.250000e-01
1.250000e-01
1.250000e-01
1.250000e-01
1.250000e-01
1.250000e-01
1.250000e-01
1.250000e-01
1.250000e-01
1.250000e-01
1.250000e-01
1.250000e-01
1.250000e-01
1.250000e-01
1.250000e-01
1.250000e-01
1.250000e-01
1.250000e-01
1.250000e-01
1.250000e-01
1.250000e-01
1.250000e-01
1.250000e-01
1.250000e-01
1.250000e-01
1.250000e-01
1.250000e-01
1.250000e-01
1.250000e-01
1.250000e-01
1.250000e-01
1.250000e-01
1.250000e-01
1.250000e-01
1.250000e-01
1.250000e-01
1.250000e-01
1.250000e-01
1.250000e-01
1.250000e-01
1.250000e-01
1.250000e-01
1.250000e-01
1.250000e-01
1.250000e-01
1.250000e-01
1.250000e-01
1.250000e-01
1.250000e-01
1.250000e-01
1.250000e-01
1.250000e-01
1.250000e-01
1.250000e-01
1.250000e-01
1.250000e-01
1.250000e-01
1.250000e-01
1.250000e-01
1.250000e-01
1.250000e-01
1.250000e-01
1.250000e-01
1.250000e-01
1.250000e-01
1.250000e-01
1.250000e-01
1.250000e-01
1.250000e-01
1.250000e-01
1.250000e-01
1.250000e-01
1.250000e-01
1.250000e-01
1.250000e-01
1.250000e-01
1.250000e-01
1.250000e-01
1.250000e-01
1.250000e-01
1.250000e-01
1.250000e-01
1.250000e-01
1.250000e-01
1.250000e-01
1.250000e-01
1.250000e-01
1.250000e-01
1.250000e-01
1.250000e-01
1.250000e-01
1.250000e-01
1.250000e-01
1.250000e-01
1.250000e-01
1.250000e-01
1.250000e-01
1.250000e-01
1.250000e-01
1.250000e-01
1.250000e-01
1.250000e-01
1.250000e-01
1.250000e-01
1.250000e-01
1.250000e-01
1.250000e-01
1.250000e-01
1.250000e-01
1.250000e-01
1.250000e-01
1.250000e-01
1.250000e-01
1.250000e-01
1.250000e-01
1.250000e-01
1.250000e-01
1.250000e-01
1.250000e-01
1.250001e-01
1.250001e-01
1.250002e-01
1.250003e-01
1.250004e-01
1.250006e-01
1.250008e-01
1.250012e-01
1.250018e-01
1.250027e-01
1.250039e-01
1.250056e-01
1.250081e-01
1.250116e-01
1.250166e-01
1.250236e-01
1.250334e-01
1.250470e-01
1.250657e-01
1.250917e-01
1.251272e-01
1.251757e-01
1.252417e-01
1.253310e-01
1.254516e-01
1.256137e-01
1.258309e-01
1.261211e-01
1.265079e-01
1.270223e-01
1.277051e-01
1.286099e-01
1.298070e-01
1.313878e-01
1.334689e-01
1.361960e-01
1.397435e-01
1.443072e-01
1.500875e-01
1.572603e-01
1.659410e-01
1.761511e-01
1.878002e-01
2.006933e-01
2.145650e-01
2.291198e-01
2.440677e-01
2.591629e-01
2.742198e-01
2.891163e-01
3.037822e-01
3.182213e-01
3.324638e-01
3.466047e-01
3.607500e-01
3.750535e-01
3.896791e-01
4.048213e-01
4.206996e-01
4.374753e-01
4.553955e-01
4.745289e-01
4.950888e-01
