5.172390e-01
5.409106e-01
5.659780e-01
5.924642e-01
6.201194e-01
6.488493e-01
6.783923e-01
7.084947e-01
7.388537e-01
7.691145e-01
7.989087e-01
8.278192e-01
8.554104e-01
8.812260e-01
9.048452e-01
9.258929e-01
9.440729e-01
9.592387e-01
9.713966e-01
9.807240e-01
9.875441e-01
9.922863e-01
9.954168e-01
9.973796e-01
9.985515e-01
9.992209e-01
9.995891e-01
9.997858e-01
9.998887e-01
9.999421e-01
9.999696e-01
9.999839e-01
9.999914e-01
9.999953e-01
9.999974e-01
9.999986e-01
9.999992e-01
9.999995e-01
9.999997e-01
9.999998e-01
9.999999e-01
9.999999e-01
1.000000e+00
1.000000e+00
1.000000e+00
1.000000e+00
1.000000e+00
1.000000e+00
1.000000e+00
1.000000e+00
1.000000e+00
1.000000e+00
1.000000e+00
1.000000e+00
1.000000e+00
1.000000e+00
1.000000e+00
1.000000e+00
1.000000e+00
1.000000e+00
1.000000e+00
1.000000e+00
1.000000e+00
1.000000e+00
1.000000e+00
1.000000e+00
1.000000e+00
1.000000e+00
1.000000e+00
1.000000e+00
1.000000e+00
1.000000e+00
1.000000e+00
1.000000e+00
1.000000e+00
1.000000e+00
1.000000e+00
1.000000e+00
1.000000e+00
1.000000e+00
1.000000e+00
1.000000e+00
1.000000e+00
1.000000e+00
1.000000e+00
1.000000e+00
1.000000e+00
1.000000e+00
1.000000e+00
1.000000e+00
1.000000e+00
1.000000e+00
1.000000e+00
1.000000e+00
1.000000e+00
1.000000e+00
1.000000e+00
1.000000e+00
1.000000e+00
1.000000e+00
1.000000e+00
1.000000e+00
1.000000e+00
1.000000e+00
1.000000e+00
1.000000e+00
1.000000e+00
1.000000e+00
1.000000e+00
1.000000e+00
1.000000e+00
1.000000e+00
1.000000e+00
1.000000e+00
1.000000e+00
1.000000e+00
1.000000e+00
1.000000e+00
1.000000e+00
1.000000e+00
1.000000e+00
1.000000e+00
1.000000e+00
1.000000e+00
1.000000e+00
1.000000e+00
1.000000e+00
1.000000e+00
1.000000e+00
1.000000e+00
1.000000e+00
1.000000e+00
1.000000e+00
1.000000e+00
1.000000e+00
1.000000e+00
1.000000e+00
1.000000e+00
1.000000e+00
1.000000e+00
1.000000e+00
1.000000e+00
1.000000e+00
1.000000e+00
1.000000e+00
1.000000e+00
1.000000e+00
1.000000e+00
1.000000e+00
1.000000e+00
1.000000e+00
1.000000e+00
1.000000e+00
1.000000e+00
1.000000e+00
1.000000e+00
1.000000e+00
1.000000e+00
1.000000e+00
1.000000e+00
1.000000e+00
1.000000e+00
1.000000e+00
1.000000e+00
1.000000e+00
1.000000e+00
1.000000e+00
1.000000e+00
1.000000e+00
1.000000e+00
1.000000e+00
1.000000e+00
1.000000e+00
1.000000e+00
1.000000e+00
1.000000e+00
1.000000e+00
1.000000e+00
1.000000e+00
1.000000e+00
1.000000e+00
1.000000e+00
1.000000e+00
1.000000e+00
1.000000e+00
1.000000e+00
1.000000e+00
1.000000e+00
1.000000e+00
1.000000e+00
1.000000e+00
1.000000e+00
1.000000e+00
1.000000e+00
1.000000e+00
1.000000e+00
1.000000e+00
1.000000e+00
1.000000e+00
1.000000e+00
1.000000e+00
1.000000e+00
1.000000e+00
1.000000e+00
1.000000e+00
1.000000e+00
1.000000e+00
1.000000e+00
1.000000e+00
1.000000e+00
1.000000e+00
1.000000e+00
1.000000e+00
1.000000e+00
9.999999e-01
9.999999e-01
9.999998e-01
9.999997e-01
9.999994e-01
9.999989e-01
9.999981e-01
9.999965e-01
9.999937e-01
9.999884e-01
9.999785e-01
9.999600e-01
9.999253e-01
9.998602e-01
9.997391e-01
9.995163e-01
9.991142e-01
9.984060e-01
9.971971e-01
9.952091e-01
9.920756e-01
9.873584e-01
9.805887e-01
9.713265e-01
9.592324e-01
9.441132e-01
9.259518e-01
9.048920e-01
8.812323e-01
8.553559e-01
8.276916e-01
7.987085e-01
7.688499e-01
7.385367e-01
7.081460e-01
6.780327e-01
6.484930e-01
6.197913e-01
5.921724e-01
5.657404e-01
5.407231e-01
5.171346e-01
4.950695e-01
4.745019e-01
4.553515e-01
4.374201e-01
4.206157e-01
4.046980e-01
3.895133e-01
3.748369e-01
3.604742e-01
3.462695e-01
3.320649e-01
3.177588e-01
3.032589e-01
2.885396e-01
2.736001e-01
2.585124e-01
2.434017e-01
2.284543e-01
2.139163e-01
2.000724e-01
1.872142e-01
1.756056e-01
1.654400e-01
1.568043e-01
1.496766e-01
1.439424e-01
1.394257e-01
1.359248e-01
1.332420e-01
1.312015e-01
1.296563e-01
1.284895e-01
1.276098e-01
1.269475e-01
1.264496e-01
1.260758e-01
1.257959e-01
1.255867e-01
1.254308e-01
1.253150e-01
1.252294e-01
1.251663e-01
1.251200e-01
1.250861e-01
1.250616e-01
1.250438e-01
1.250310e-01
1.250218e-01
1.250153e-01
1.250106e-01
1.250074e-01
1.250051e-01
1.250035e-01
1.250024e-01
1.250016e-01
1.250011e-01
1.250007e-01
1.250005e-01
1.250003e-01
1.250002e-01
1.250001e-01
1.250001e-01
1.250001e-01
1.250000e-01
1.250000e-01
1.250000e-01
1.250000e-01
1.250000e-01
1.250000e-01
1.250000e-01
1.250000e-01
1.250000e-01
1.250000e-01
1.250000e-01
1.250000e-01
1.250000e-01
1.250000e-01
1.250000e-01
1.250000e-01
1.250000e-01
1.250000e-01
1.250000e-01
1.250000e-01
1.250000e-01
1.250000e-01
1.250000e-01
1.250000e-01
1.250000e-01
1.250000e-01
1.250000e-01
1.250000e-01
1.250000e-01
1.250000e-01
1.250000e-01
1.250000e-01
1.250000e-01
1.250000e-01
1.250000e-01
1.250000e-01
1.250000e-01
1.250000e-01
1.250000e-01
1.250000e-01
1.250000e-01
1.250000e-01
1.250000e-01
1.250000e-01
1.250000e-01
1.250000e-01
1.250000e-01
1.250000e-01
1.250000e-01
1.250000e-01
1.250000e-01
1.250000e-01
1.250000e-01
1.250000e-01
1.250000e-01
1.250000e-01
1.250000e-01
1.250000e-01
1.250000e-01
1.250000e-01
1.250000e-01
1.250000e-01
1.250000e-01
1.250000e-01
1.250000e-01
1.250000e-01
1.250000e-01
1.250000e-01
1.250000e-01
1.250000e-01
1.250000e-01
1.250000e-01
1.250000e-01
1.250000e-01
1.250000e-01
1.250000e-01
1.250000e-01
1.250000e-01
1.250000e-01
1.250000e-01
1.250000e-01
1.250000e-01
1.250000e-01
1.250000e-01
1.250000e-01
1.250000e-01
1.250000e-01
1.250000e-01
1.250000e-01
1.250000e-01
1.250000e-01
1.250000e-01
1.250000e-01
1.250000e-01
1.250000e-01
1.250000e-01
1.250000e-01
1.250000e-01
1.250000e-01
1.250000e-01
1.250000e-01
1.250000e-01
1.250000e-01
1.250000e-01
1.250000e-01
1.250000e-01
1.250000e-01
1.250000e-01
1.250000e-01
1.250000e-01
1.250000e-01
1.250000e-01
1.250000e-01
1.250000e-01
1.250000e-01
1.250000e-01
1.250000e-01
1.250000e-01
1.250000e-01
1.250000e-01
1.250000e-01
1.250000e-01
1.250000e-01
1.250000e-01
1.250000e-01
1.250000e-01
1.250000e-01
1.250000e-01
1.250000e-01
1.250000e-01
1.250001e-01
1.250001e-01
1.250002e-01
1.250002e-01
1.250004e-01
1.250005e-01
1.250008e-01
1.250012e-01
1.250017e-01
1.250025e-01
1.250036e-01
1.250053e-01
1.250077e-01
1.250110e-01
1.250157e-01
1.250224e-01
1.250317e-01
1.250447e-01
1.250627e-01
1.250875e-01
1.251217e-01
1.251683e-01
1.252319e-01
1.253182e-01
1.254347e-01
1.255915e-01
1.258020e-01
1.260836e-01
1.264592e-01
1.269594e-01
1.276239e-01
1.285053e-01
1.296726e-01
1.312154e-01
1.332487e-01
1.359164e-01
1.393915e-01
1.438701e-01
1.495543e-01
1.566249e-01
1.652046e-01
1.753238e-01
1.869006e-01
1.997461e-01
2.135977e-01
2.281586e-01
2.431356e-01
2.582776e-01
2.733927e-01
2.883548e-01
3.030895e-01
3.175961e-01
3.319045e-01
3.461082e-01
3.603128e-01
3.746727e-01
3.893536e-01
4.045508e-01
4.204822e-01
4.373162e-01
4.552995e-01
4.745012e-01
4.951377e-01
