5.061875e-01
5.228703e-01
5.404516e-01
5.589701e-01
5.783560e-01
5.985636e-01
6.195408e-01
6.412021e-01
6.634732e-01
6.862163e-01
7.093410e-01
7.327010e-01
7.561583e-01
7.795241e-01
8.026313e-01
8.252747e-01
8.472407e-01
8.682923e-01
8.882017e-01
9.067401e-01
9.236953e-01
9.388914e-01
9.521943e-01
9.635439e-01
9.729510e-01
9.805053e-01
9.863695e-01
9.907599e-01
9.939271e-01
9.961272e-01
9.975996e-01
9.985502e-01
9.991438e-01
9.995036e-01
9.997161e-01
9.998392e-01
9.999093e-01
9.999488e-01
9.999711e-01
9.999835e-01
9.999906e-01
9.999945e-01
9.999968e-01
9.999981e-01
9.999989e-01
9.999993e-01
9.999996e-01
9.999998e-01
9.999998e-01
9.999999e-01
9.999999e-01
1.000000e+00
1.000000e+00
1.000000e+00
1.000000e+00
1.000000e+00
1.000000e+00
1.000000e+00
1.000000e+00
1.000000e+00
1.000000e+00
1.000000e+00
1.000000e+00
1.000000e+00
1.000000e+00
1.000000e+00
1.000000e+00
1.000000e+00
1.000000e+00
1.000000e+00
1.000000e+00
1.000000e+00
1.000000e+00
1.000000e+00
1.000000e+00
1.000000e+00
1.000000e+00
1.000000e+00
1.000000e+00
1.000000e+00
1.000000e+00
1.000000e+00
1.000000e+00
1.000000e+00
1.000000e+00
1.000000e+00
1.000000e+00
1.000000e+00
1.000000e+00
1.000000e+00
1.000000e+00
1.000000e+00
1.000000e+00
1.000000e+00
1.000000e+00
1.000000e+00
1.000000e+00
1.000000e+00
1.000000e+00
1.000000e+00
1.000000e+00
1.000000e+00
1.000000e+00
1.000000e+00
1.000000e+00
1.000000e+00
1.000000e+00
1.000000e+00
1.000000e+00
1.000000e+00
1.000000e+00
1.000000e+00
1.000000e+00
1.000000e+00
1.000000e+00
1.000000e+00
1.000000e+00
1.000000e+00
1.000000e+00
1.000000e+00
1.000000e+00
1.000000e+00
1.000000e+00
1.000000e+00
1.000000e+00
1.000000e+00
1.000000e+00
1.000000e+00
1.000000e+00
1.000000e+00
1.000000e+00
1.000000e+00
1.000000e+00
1.000000e+00
1.000000e+00
1.000000e+00
1.000000e+00
1.000000e+00
1.000000e+00
1.000000e+00
1.000000e+00
1.000000e+00
1.000000e+00
1.000000e+00
1.000000e+00
1.000000e+00
1.000000e+00
1.000000e+00
1.000000e+00
1.000000e+00
1.000000e+00
1.000000e+00
1.000000e+00
1.000000e+00
1.000000e+00
1.000000e+00
1.000000e+00
1.000000e+00
1.000000e+00
1.000000e+00
1.000000e+00
1.000000e+00
1.000000e+00
1.000000e+00
1.000000e+00
1.000000e+00
1.000000e+00
1.000000e+00
1.000000e+00
1.000000e+00
1.000000e+00
1.000000e+00
1.000000e+00
1.000000e+00
1.000000e+00
1.000000e+00
1.000000e+00
1.000000e+00
1.000000e+00
1.000000e+00
1.000000e+00
1.000000e+00
1.000000e+00
1.000000e+00
1.000000e+00
1.000000e+00
1.000000e+00
1.000000e+00
1.000000e+00
1.000000e+00
1.000000e+00
1.000000e+00
1.000000e+00
1.000000e+00
1.000000e+00
1.000000e+00
1.000000e+00
1.000000e+00
1.000000e+00
1.000000e+00
1.000000e+00
1.000000e+00
1.000000e+00
1.000000e+00
1.000000e+00
9.999999e-01
9.999999e-01
9.999998e-01
9.999997e-01
9.999995e-01
9.999991e-01
9.999986e-01
9.999976e-01
9.999959e-01
9.999929e-01
9.999878e-01
9.999789e-01
9.999633e-01
9.999362e-01
9.998891e-01
9.998079e-01
9.996693e-01
9.994364e-01
9.990520e-01
9.984311e-01
9.974543e-01
9.959616e-01
9.937520e-01
9.905902e-01
9.862211e-01
9.803923e-01
9.728814e-01
9.635188e-01
9.522073e-01
9.389298e-01
9.237435e-01
9.067813e-01
8.882209e-01
8.682773e-01
8.471826e-01
8.251699e-01
8.024790e-01
7.793278e-01
7.559238e-01
7.324363e-01
7.090543e-01
6.859185e-01
6.631726e-01
6.409087e-01
6.192602e-01
5.983054e-01
5.781248e-01
5.587690e-01
5.402877e-01
5.227412e-01
5.061043e-01
4.903954e-01
4.756086e-01
4.616659e-01
4.485690e-01
4.361736e-01
4.244498e-01
4.132967e-01
4.025931e-01
3.922738e-01
3.822079e-01
3.723383e-01
3.625663e-01
3.528359e-01
3.430815e-01
3.332529e-01
3.233173e-01
3.132328e-01
3.029693e-01
2.925079e-01
2.818301e-01
2.709313e-01
2.598252e-01
2.485483e-01
2.371648e-01
2.257724e-01
2.145028e-01
2.035181e-01
1.929949e-01
1.831140e-01
1.740352e-01
1.658779e-01
1.587099e-01
1.525426e-01
1.473361e-01
1.430111e-01
1.394648e-01
1.365857e-01
1.342642e-01
1.324012e-01
1.309098e-01
1.297177e-01
1.287655e-01
1.280044e-01
1.273965e-01
1.269107e-01
1.265219e-01
1.262116e-01
1.259632e-01
1.257648e-01
1.256068e-01
1.254801e-01
1.253796e-01
1.252995e-01
1.252356e-01
1.251854e-01
1.251452e-01
1.251136e-01
1.250887e-01
1.250690e-01
1.250536e-01
1.250416e-01
1.250320e-01
1.250248e-01
1.250190e-01
1.250146e-01
1.250112e-01
1.250085e-01
1.250065e-01
1.250049e-01
1.250037e-01
1.250028e-01
1.250021e-01
1.250016e-01
1.250012e-01
1.250009e-01
1.250006e-01
1.250005e-01
1.250004e-01
1.250003e-01
1.250002e-01
1.250001e-01
1.250001e-01
1.250001e-01
1.250001e-01
1.250000e-01
1.250000e-01
1.250000e-01
1.250000e-01
1.250000e-01
1.250000e-01
1.250000e-01
1.250000e-01
1.250000e-01
1.250000e-01
1.250000e-01
1.250000e-01
1.250000e-01
1.250000e-01
1.250000e-01
1.250000e-01
1.250000e-01
1.250000e-01
1.250000e-01
1.250000e-01
1.250000e-01
1.250000e-01
1.250000e-01
1.250000e-01
1.250000e-01
1.250000e-01
1.250000e-01
1.250000e-01
1.250000e-01
1.250000e-01
1.250000e-01
1.250000e-01
1.250000e-01
1.250000e-01
1.250000e-01
1.250000e-01
1.250000e-01
1.250000e-01
1.250000e-01
1.250000e-01
1.250000e-01
1.250000e-01
1.250000e-01
1.250000e-01
1.250000e-01
1.250000e-01
1.250000e-01
1.250000e-01
1.250000e-01
1.250000e-01
1.250000e-01
1.250000e-01
1.250000e-01
1.250000e-01
1.250000e-01
1.250000e-01
1.250000e-01
1.250000e-01
1.250000e-01
1.250000e-01
1.250000e-01
1.250000e-01
1.250000e-01
1.250000e-01
1.250000e-01
1.250000e-01
1.250000e-01
1.250000e-01
1.250000e-01
1.250000e-01
1.250000e-01
1.250000e-01
1.250000e-01
1.250000e-01
1.250000e-01
1.250000e-01
1.250000e-01
1.250000e-01
1.250000e-01
1.250000e-01
1.250000e-01
1.250000e-01
1.250000e-01
1.250000e-01
1.250000e-01
1.250000e-01
1.250000e-01
1.250000e-01
1.250001e-01
1.250001e-01
1.250001e-01
1.250001e-01
1.250002e-01
1.250003e-01
1.250004e-01
1.250005e-01
1.250007e-01
1.250009e-01
1.250012e-01
1.250016e-01
1.250021e-01
1.250028e-01
1.250038e-01
1.250050e-01
1.250066e-01
1.250086e-01
1.250113e-01
1.250147e-01
1.250192e-01
1.250250e-01
1.250324e-01
1.250418e-01
1.250540e-01
1.250695e-01
1.250892e-01
1.251142e-01
1.251459e-01
1.251861e-01
1.252368e-01
1.253007e-01
1.253812e-01
1.254822e-01
1.256091e-01
1.257681e-01
1.259672e-01
1.262163e-01
1.265280e-01
1.269176e-01
1.274048e-01
1.280139e-01
1.287755e-01
1.297280e-01
1.309188e-01
1.324068e-01
1.342634e-01
1.365737e-01
1.394359e-01
1.429580e-01
1.472517e-01
1.524211e-01
1.585482e-01
1.656773e-01
1.738019e-01
1.828580e-01
1.927274e-01
2.032501e-01
2.142453e-01
2.255336e-01
2.369484e-01
2.483553e-01
2.596532e-01
2.707771e-01
2.816904e-01
2.923782e-01
3.028459e-01
3.131125e-01
3.231962e-01
3.331291e-01
3.429555e-01
3.527035e-01
3.624319e-01
3.722002e-01
3.820692e-01
3.921377e-01
4.024640e-01
4.131789e-01
4.243498e-01
4.360932e-01
4.485202e-01
4.616463e-01
4.756298e-01
4.904507e-01
