5.169720e-01
5.404599e-01
5.653281e-01
5.916042e-01
6.190417e-01
6.475505e-01
6.768823e-01
7.067799e-01
7.369517e-01
7.670573e-01
7.967291e-01
8.255615e-01
8.531318e-01
8.789835e-01
9.027027e-01
9.239113e-01
9.423063e-01
9.577261e-01
9.701580e-01
9.797581e-01
9.868287e-01
9.917839e-01
9.950825e-01
9.971686e-01
9.984246e-01
9.991478e-01
9.995485e-01
9.997638e-01
9.998770e-01
9.999359e-01
9.999663e-01
9.999822e-01
9.999904e-01
9.999948e-01
9.999971e-01
9.999984e-01
9.999991e-01
9.999995e-01
9.999997e-01
9.999998e-01
9.999999e-01
9.999999e-01
1.000000e+00
1.000000e+00
1.000000e+00
1.000000e+00
1.000000e+00
1.000000e+00
1.000000e+00
1.000000e+00
1.000000e+00
1.000000e+00
1.000000e+00
1.000000e+00
1.000000e+00
1.000000e+00
1.000000e+00
1.000000e+00
1.000000e+00
1.000000e+00
1.000000e+00
1.000000e+00
1.000000e+00
1.000000e+00
1.000000e+00
1.000000e+00
1.000000e+00
1.000000e+00
1.000000e+00
1.000000e+00
1.000000e+00
1.000000e+00
1.000000e+00
1.000000e+00
1.000000e+00
1.000000e+00
1.000000e+00
1.000000e+00
1.000000e+00
1.000000e+00
1.000000e+00
1.000000e+00
1.000000e+00
1.000000e+00
1.000000e+00
1.000000e+00
1.000000e+00
1.000000e+00
1.000000e+00
1.000000e+00
1.000000e+00
1.000000e+00
1.000000e+00
1.000000e+00
1.000000e+00
1.000000e+00
1.000000e+00
1.000000e+00
1.000000e+00
1.000000e+00
1.000000e+00
1.000000e+00
1.000000e+00
1.000000e+00
1.000000e+00
1.000000e+00
1.000000e+00
1.000000e+00
1.000000e+00
1.000000e+00
1.000000e+00
1.000000e+00
1.000000e+00
1.000000e+00
1.000000e+00
1.000000e+00
1.000000e+00
1.000000e+00
1.000000e+00
1.000000e+00
1.000000e+00
1.000000e+00
1.000000e+00
1.000000e+00
1.000000e+00
1.000000e+00
1.000000e+00
1.000000e+00
1.000000e+00
1.000000e+00
1.000000e+00
1.000000e+00
1.000000e+00
1.000000e+00
1.000000e+00
1.000000e+00
1.000000e+00
1.000000e+00
1.000000e+00
1.000000e+00
1.000000e+00
1.000000e+00
1.000000e+00
1.000000e+00
1.000000e+00
1.000000e+00
1.000000e+00
1.000000e+00
1.000000e+00
1.000000e+00
1.000000e+00
1.000000e+00
1.000000e+00
1.000000e+00
1.000000e+00
1.000000e+00
1.000000e+00
1.000000e+00
1.000000e+00
1.000000e+00
1.000000e+00
1.000000e+00
1.000000e+00
1.000000e+00
1.000000e+00
1.000000e+00
1.000000e+00
1.000000e+00
1.000000e+00
1.000000e+00
1.000000e+00
1.000000e+00
1.000000e+00
1.000000e+00
1.000000e+00
1.000000e+00
1.000000e+00
1.000000e+00
1.000000e+00
1.000000e+00
1.000000e+00
1.000000e+00
1.000000e+00
1.000000e+00
1.000000e+00
1.000000e+00
1.000000e+00
1.000000e+00
1.000000e+00
1.000000e+00
1.000000e+00
1.000000e+00
1.000000e+00
1.000000e+00
1.000000e+00
1.000000e+00
1.000000e+00
1.000000e+00
1.000000e+00
1.000000e+00
1.000000e+00
1.000000e+00
1.000000e+00
1.000000e+00
1.000000e+00
1.000000e+00
1.000000e+00
1.000000e+00
1.000000e+00
1.000000e+00
1.000000e+00
1.000000e+00
1.000000e+00
1.000000e+00
9.999999e-01
9.999999e-01
9.999998e-01
9.999996e-01
9.999993e-01
9.999988e-01
9.999979e-01
9.999962e-01
9.999930e-01
9.999872e-01
9.999763e-01
9.999559e-01
9.999177e-01
9.998464e-01
9.997140e-01
9.994716e-01
9.990363e-01
9.982744e-01
9.969826e-01
9.948739e-01
9.915757e-01
9.866486e-01
9.796305e-01
9.700959e-01
9.577260e-01
9.423498e-01
9.239700e-01
9.027467e-01
8.789850e-01
8.530718e-01
8.254290e-01
7.965244e-01
7.667900e-01
7.366333e-01
7.064313e-01
6.765242e-01
6.471961e-01
6.187158e-01
5.913146e-01
5.650926e-01
5.402740e-01
5.168680e-01
4.949720e-01
4.745561e-01
4.555408e-01
4.377358e-01
4.210476e-01
4.052368e-01
3.901609e-01
3.755940e-01
3.613442e-01
3.472575e-01
3.331779e-01
3.190028e-01
3.046373e-01
2.900525e-01
2.752439e-01
2.602726e-01
2.452551e-01
2.303676e-01
2.158450e-01
2.019652e-01
1.890172e-01
1.772692e-01
1.669256e-01
1.580902e-01
1.507585e-01
1.448307e-01
1.401412e-01
1.364930e-01
1.336890e-01
1.315509e-01
1.299284e-01
1.287010e-01
1.277738e-01
1.270746e-01
1.265477e-01
1.261517e-01
1.258541e-01
1.256314e-01
1.254649e-01
1.253411e-01
1.252491e-01
1.251812e-01
1.251312e-01
1.250945e-01
1.250678e-01
1.250484e-01
1.250343e-01
1.250243e-01
1.250171e-01
1.250119e-01
1.250083e-01
1.250057e-01
1.250040e-01
1.250027e-01
1.250018e-01
1.250012e-01
1.250008e-01
1.250006e-01
1.250004e-01
1.250002e-01
1.250002e-01
1.250001e-01
1.250001e-01
1.250000e-01
1.250000e-01
1.250000e-01
1.250000e-01
1.250000e-01
1.250000e-01
1.250000e-01
1.250000e-01
1.250000e-01
1.250000e-01
1.250000e-01
1.250000e-01
1.250000e-01
1.250000e-01
1.250000e-01
1.250000e-01
1.250000e-01
1.250000e-01
1.250000e-01
1.250000e-01
1.250000e-01
1.250000e-01
1.250000e-01
1.250000e-01
1.250000e-01
1.250000e-01
1.250000e-01
1.250000e-01
1.250000e-01
1.250000e-01
1.250000e-01
1.250000e-01
1.250000e-01
1.250000e-01
1.250000e-01
1.250000e-01
1.250000e-01
1.250000e-01
1.250000e-01
1.250000e-01
1.250000e-01
1.250000e-01
1.250000e-01
1.250000e-01
1.250000e-01
1.250000e-01
1.250000e-01
1.250000e-01
1.250000e-01
1.250000e-01
1.250000e-01
1.250000e-01
1.250000e-01
1.250000e-01
1.250000e-01
1.250000e-01
1.250000e-01
1.250000e-01
1.250000e-01
1.250000e-01
1.250000e-01
1.250000e-01
1.250000e-01
1.250000e-01
1.250000e-01
1.250000e-01
1.250000e-01
1.250000e-01
1.250000e-01
1.250000e-01
1.250000e-01
1.250000e-01
1.250000e-01
1.250000e-01
1.250000e-01
1.250000e-01
1.250000e-01
1.250000e-01
1.250000e-01
1.250000e-01
1.250000e-01
1.250000e-01
1.250000e-01
1.250000e-01
1.250000e-01
1.250000e-01
1.250000e-01
1.250000e-01
1.250000e-01
1.250000e-01
1.250000e-01
1.250000e-01
1.250000e-01
1.250000e-01
1.250000e-01
1.250000e-01
1.250000e-01
1.250000e-01
1.250000e-01
1.250000e-01
1.250000e-01
1.250000e-01
1.250000e-01
1.250000e-01
1.250000e-01
1.250000e-01
1.250000e-01
1.250000e-01
1.250000e-01
1.250000e-01
1.250000e-01
1.250000e-01
1.250000e-01
1.250000e-01
1.250000e-01
1.250000e-01
1.250000e-01
1.250000e-01
1.250000e-01
1.250000e-01
1.250000e-01
1.250000e-01
1.250000e-01
1.250000e-01
1.250000e-01
1.250000e-01
1.250000e-01
1.250000e-01
1.250000e-01
1.250001e-01
1.250001e-01
1.250001e-01
1.250002e-01
1.250003e-01
1.250004e-01
1.250006e-01
1.250009e-01
1.250013e-01
1.250020e-01
1.250028e-01
1.250041e-01
1.250060e-01
1.250086e-01
1.250123e-01
1.250176e-01
1.250249e-01
1.250351e-01
1.250493e-01
1.250689e-01
1.250959e-01
1.251329e-01
1.251833e-01
1.252517e-01
1.253443e-01
1.254690e-01
1.256364e-01
1.258605e-01
1.261596e-01
1.265578e-01
1.270867e-01
1.277882e-01
1.287168e-01
1.299444e-01
1.315637e-01
1.336934e-01
1.364808e-01
1.401014e-01
1.447509e-01
1.506275e-01
1.579023e-01
1.666831e-01
1.769826e-01
1.887019e-01
2.016404e-01
2.155302e-01
2.300770e-01
2.449946e-01
2.600424e-01
2.750409e-01
2.898715e-01
3.044694e-01
3.188413e-01
3.330184e-01
3.470971e-01
3.611835e-01
3.754313e-01
3.900020e-01
4.050897e-01
4.209152e-01
4.376331e-01
4.554904e-01
4.745561e-01
4.950399e-01
