5.151782e-01
5.374518e-01
5.609981e-01
5.858773e-01
6.118684e-01
6.389180e-01
6.668217e-01
6.953258e-01
7.242230e-01
7.532337e-01
7.820088e-01
8.102326e-01
8.375268e-01
8.634849e-01
8.877190e-01
9.098504e-01
9.295562e-01
9.465843e-01
9.608177e-01
9.722726e-01
9.811156e-01
9.876387e-01
9.922274e-01
9.953008e-01
9.972616e-01
9.984554e-01
9.991520e-01
9.995438e-01
9.997577e-01
9.998721e-01
9.999324e-01
9.999641e-01
9.999807e-01
9.999896e-01
9.999943e-01
9.999968e-01
9.999982e-01
9.999990e-01
9.999994e-01
9.999997e-01
9.999998e-01
9.999999e-01
9.999999e-01
1.000000e+00
1.000000e+00
1.000000e+00
1.000000e+00
1.000000e+00
1.000000e+00
1.000000e+00
1.000000e+00
1.000000e+00
1.000000e+00
1.000000e+00
1.000000e+00
1.000000e+00
1.000000e+00
1.000000e+00
1.000000e+00
1.000000e+00
1.000000e+00
1.000000e+00
1.000000e+00
1.000000e+00
1.000000e+00
1.000000e+00
1.000000e+00
1.000000e+00
1.000000e+00
1.000000e+00
1.000000e+00
1.000000e+00
1.000000e+00
1.000000e+00
1.000000e+00
1.000000e+00
1.000000e+00
1.000000e+00
1.000000e+00
1.000000e+00
1.000000e+00
1.000000e+00
1.000000e+00
1.000000e+00
1.000000e+00
1.000000e+00
1.000000e+00
1.000000e+00
1.000000e+00
1.000000e+00
1.000000e+00
1.000000e+00
1.000000e+00
1.000000e+00
1.000000e+00
1.000000e+00
1.000000e+00
1.000000e+00
1.000000e+00
1.000000e+00
1.000000e+00
1.000000e+00
1.000000e+00
1.000000e+00
1.000000e+00
1.000000e+00
1.000000e+00
1.000000e+00
1.000000e+00
1.000000e+00
1.000000e+00
1.000000e+00
1.000000e+00
1.000000e+00
1.000000e+00
1.000000e+00
1.000000e+00
1.000000e+00
1.000000e+00
1.000000e+00
1.000000e+00
1.000000e+00
1.000000e+00
1.000000e+00
1.000000e+00
1.000000e+00
1.000000e+00
1.000000e+00
1.000000e+00
1.000000e+00
1.000000e+00
1.000000e+00
1.000000e+00
1.000000e+00
1.000000e+00
1.000000e+00
1.000000e+00
1.000000e+00
1.000000e+00
1.000000e+00
1.000000e+00
1.000000e+00
1.000000e+00
1.000000e+00
1.000000e+00
1.000000e+00
1.000000e+00
1.000000e+00
1.000000e+00
1.000000e+00
1.000000e+00
1.000000e+00
1.000000e+00
1.000000e+00
1.000000e+00
1.000000e+00
1.000000e+00
1.000000e+00
1.000000e+00
1.000000e+00
1.000000e+00
1.000000e+00
1.000000e+00
1.000000e+00
1.000000e+00
1.000000e+00
1.000000e+00
1.000000e+00
1.000000e+00
1.000000e+00
1.000000e+00
1.000000e+00
1.000000e+00
1.000000e+00
1.000000e+00
1.000000e+00
1.000000e+00
1.000000e+00
1.000000e+00
1.000000e+00
1.000000e+00
1.000000e+00
1.000000e+00
1.000000e+00
1.000000e+00
1.000000e+00
1.000000e+00
1.000000e+00
1.000000e+00
1.000000e+00
1.000000e+00
1.000000e+00
1.000000e+00
1.000000e+00
1.000000e+00
1.000000e+00
1.000000e+00
1.000000e+00
1.000000e+00
1.000000e+00
1.000000e+00
1.000000e+00
1.000000e+00
1.000000e+00
1.000000e+00
1.000000e+00
1.000000e+00
1.000000e+00
1.000000e+00
1.000000e+00
1.000000e+00
1.000000e+00
9.999999e-01
9.999999e-01
9.999999e-01
9.999997e-01
9.999996e-01
9.999992e-01
9.999987e-01
9.999976e-01
9.999958e-01
9.999924e-01
9.999861e-01
9.999746e-01
9.999533e-01
9.999140e-01
9.998413e-01
9.997085e-01
9.994688e-01
9.990443e-01
9.983110e-01
9.970830e-01
9.950996e-01
9.920239e-01
9.874583e-01
9.809814e-01
9.721990e-01
9.608045e-01
9.466178e-01
9.296120e-01
9.099012e-01
8.877381e-01
8.634524e-01
8.374291e-01
8.100668e-01
7.817787e-01
7.529491e-01
7.238998e-01
6.949802e-01
6.664717e-01
6.385797e-01
6.115586e-01
5.856015e-01
5.607761e-01
5.372763e-01
5.150774e-01
4.942932e-01
4.748834e-01
4.567653e-01
4.398016e-01
4.238767e-01
4.087914e-01
3.944218e-01
3.805635e-01
3.670598e-01
3.537413e-01
3.404787e-01
3.271537e-01
3.136805e-01
3.000000e-01
2.860853e-01
2.719445e-01
2.576422e-01
2.432850e-01
2.290361e-01
2.151126e-01
2.017701e-01
1.892757e-01
1.778805e-01
1.677805e-01
1.590827e-01
1.517969e-01
1.458453e-01
1.410854e-01
1.373414e-01
1.344320e-01
1.321897e-01
1.304700e-01
1.291553e-01
1.281516e-01
1.273865e-01
1.268036e-01
1.263602e-01
1.260230e-01
1.257674e-01
1.255738e-01
1.254276e-01
1.253176e-01
1.252349e-01
1.251731e-01
1.251270e-01
1.250928e-01
1.250675e-01
1.250489e-01
1.250353e-01
1.250253e-01
1.250181e-01
1.250129e-01
1.250091e-01
1.250064e-01
1.250045e-01
1.250031e-01
1.250022e-01
1.250015e-01
1.250010e-01
1.250007e-01
1.250005e-01
1.250003e-01
1.250002e-01
1.250001e-01
1.250001e-01
1.250001e-01
1.250000e-01
1.250000e-01
1.250000e-01
1.250000e-01
1.250000e-01
1.250000e-01
1.250000e-01
1.250000e-01
1.250000e-01
1.250000e-01
1.250000e-01
1.250000e-01
1.250000e-01
1.250000e-01
1.250000e-01
1.250000e-01
1.250000e-01
1.250000e-01
1.250000e-01
1.250000e-01
1.250000e-01
1.250000e-01
1.250000e-01
1.250000e-01
1.250000e-01
1.250000e-01
1.250000e-01
1.250000e-01
1.250000e-01
1.250000e-01
1.250000e-01
1.250000e-01
1.250000e-01
1.250000e-01
1.250000e-01
1.250000e-01
1.250000e-01
1.250000e-01
1.250000e-01
1.250000e-01
1.250000e-01
1.250000e-01
1.250000e-01
1.250000e-01
1.250000e-01
1.250000e-01
1.250000e-01
1.250000e-01
1.250000e-01
1.250000e-01
1.250000e-01
1.250000e-01
1.250000e-01
1.250000e-01
1.250000e-01
1.250000e-01
1.250000e-01
1.250000e-01
1.250000e-01
1.250000e-01
1.250000e-01
1.250000e-01
1.250000e-01
1.250000e-01
1.250000e-01
1.250000e-01
1.250000e-01
1.250000e-01
1.250000e-01
1.250000e-01
1.250000e-01
1.250000e-01
1.250000e-01
1.250000e-01
1.250000e-01
1.250000e-01
1.250000e-01
1.250000e-01
1.250000e-01
1.250000e-01
1.250000e-01
1.250000e-01
1.250000e-01
1.250000e-01
1.250000e-01
1.250000e-01
1.250000e-01
1.250000e-01
1.250000e-01
1.250000e-01
1.250000e-01
1.250000e-01
1.250000e-01
1.250000e-01
1.250000e-01
1.250000e-01
1.250000e-01
1.250000e-01
1.250000e-01
1.250000e-01
1.250000e-01
1.250000e-01
1.250000e-01
1.250000e-01
1.250000e-01
1.250000e-01
1.250000e-01
1.250000e-01
1.250000e-01
1.250000e-01
1.250000e-01
1.250000e-01
1.250000e-01
1.250000e-01
1.250000e-01
1.250000e-01
1.250000e-01
1.250000e-01
1.250000e-01
1.250000e-01
1.250000e-01
1.250000e-01
1.250000e-01
1.250000e-01
1.250001e-01
1.250001e-01
1.250002e-01
1.250002e-01
1.250004e-01
1.250005e-01
1.250008e-01
1.250011e-01
1.250016e-01
1.250023e-01
1.250033e-01
1.250047e-01
1.250066e-01
1.250094e-01
1.250132e-01
1.250185e-01
1.250259e-01
1.250360e-01
1.250497e-01
1.250685e-01
1.250940e-01
1.251285e-01
1.251749e-01
1.252371e-01
1.253202e-01
1.254310e-01
1.255780e-01
1.257726e-01
1.260297e-01
1.263684e-01
1.268138e-01
1.273987e-01
1.281656e-01
1.291702e-01
1.304842e-01
1.321995e-01
1.344322e-01
1.373236e-01
1.410391e-01
1.457591e-01
1.516613e-01
1.588930e-01
1.675400e-01
1.775997e-01
1.889691e-01
2.014552e-01
2.148074e-01
2.287536e-01
2.430305e-01
2.574176e-01
2.717464e-01
2.859067e-01
2.998364e-01
3.135258e-01
3.270010e-01
3.403246e-01
3.535841e-01
3.669023e-01
3.804105e-01
3.942668e-01
4.086447e-01
4.237545e-01
4.397083e-01
4.567231e-01
4.748876e-01
4.943583e-01
