5.011409e-01
5.151418e-01
5.298692e-01
5.453326e-01
5.615140e-01
5.783882e-01
5.959040e-01
6.140489e-01
6.327584e-01
6.519791e-01
6.716418e-01
6.916802e-01
7.120113e-01
7.325473e-01
7.531912e-01
7.738183e-01
7.943184e-01
8.145533e-01
8.343776e-01
8.536368e-01
8.721590e-01
8.897794e-01
9.063298e-01
9.216514e-01
9.356029e-01
9.480746e-01
9.589906e-01
9.683288e-01
9.761169e-01
9.824361e-01
9.874153e-01
9.912196e-01
9.940348e-01
9.960520e-01
9.974517e-01
9.983932e-01
9.990080e-01
9.993986e-01
9.996408e-01
9.997880e-01
9.998758e-01
9.999276e-01
9.999578e-01
9.999754e-01
9.999856e-01
9.999915e-01
9.999950e-01
9.999970e-01
9.999982e-01
9.999989e-01
9.999993e-01
9.999996e-01
9.999997e-01
9.999998e-01
9.999999e-01
9.999999e-01
1.000000e+00
1.000000e+00
1.000000e+00
1.000000e+00
1.000000e+00
1.000000e+00
1.000000e+00
1.000000e+00
1.000000e+00
1.000000e+00
1.000000e+00
1.000000e+00
1.000000e+00
1.000000e+00
1.000000e+00
1.000000e+00
1.000000e+00
1.000000e+00
1.000000e+00
1.000000e+00
1.000000e+00
1.000000e+00
1.000000e+00
1.000000e+00
1.000000e+00
1.000000e+00
1.000000e+00
1.000000e+00
1.000000e+00
1.000000e+00
1.000000e+00
1.000000e+00
1.000000e+00
1.000000e+00
1.000000e+00
1.000000e+00
1.000000e+00
1.000000e+00
1.000000e+00
1.000000e+00
1.000000e+00
1.000000e+00
1.000000e+00
1.000000e+00
1.000000e+00
1.000000e+00
1.000000e+00
1.000000e+00
1.000000e+00
1.000000e+00
1.000000e+00
1.000000e+00
1.000000e+00
1.000000e+00
1.000000e+00
1.000000e+00
1.000000e+00
1.000000e+00
1.000000e+00
1.000000e+00
1.000000e+00
1.000000e+00
1.000000e+00
1.000000e+00
1.000000e+00
1.000000e+00
1.000000e+00
1.000000e+00
1.000000e+00
1.000000e+00
1.000000e+00
1.000000e+00
1.000000e+00
1.000000e+00
1.000000e+00
1.000000e+00
1.000000e+00
1.000000e+00
1.000000e+00
1.000000e+00
1.000000e+00
1.000000e+00
1.000000e+00
1.000000e+00
1.000000e+00
1.000000e+00
1.000000e+00
1.000000e+00
1.000000e+00
1.000000e+00
1.000000e+00
1.000000e+00
1.000000e+00
1.000000e+00
1.000000e+00
1.000000e+00
1.000000e+00
1.000000e+00
1.000000e+00
1.000000e+00
1.000000e+00
1.000000e+00
1.000000e+00
1.000000e+00
1.000000e+00
1.000000e+00
1.000000e+00
1.000000e+00
1.000000e+00
1.000000e+00
1.000000e+00
1.000000e+00
1.000000e+00
1.000000e+00
1.000000e+00
1.000000e+00
1.000000e+00
1.000000e+00
1.000000e+00
1.000000e+00
1.000000e+00
1.000000e+00
1.000000e+00
1.000000e+00
1.000000e+00
1.000000e+00
1.000000e+00
1.000000e+00
1.000000e+00
1.000000e+00
1.000000e+00
1.000000e+00
1.000000e+00
1.000000e+00
1.000000e+00
1.000000e+00
1.000000e+00
1.000000e+00
1.000000e+00
1.000000e+00
1.000000e+00
1.000000e+00
1.000000e+00
9.999999e-01
9.999999e-01
9.999999e-01
9.999998e-01
9.999997e-01
9.999995e-01
9.999991e-01
9.999986e-01
9.999977e-01
9.999961e-01
9.999935e-01
9.999891e-01
9.999817e-01
9.999691e-01
9.999478e-01
9.999120e-01
9.998522e-01
9.997531e-01
9.995911e-01
9.993303e-01
9.989181e-01
9.982805e-01
9.973176e-01
9.959013e-01
9.938759e-01
9.910636e-01
9.872742e-01
9.823211e-01
9.760356e-01
9.682844e-01
9.589810e-01
9.480931e-01
9.356394e-01
9.216940e-01
9.063667e-01
8.897995e-01
8.721534e-01
8.535987e-01
8.343034e-01
8.144412e-01
7.941694e-01
7.736357e-01
7.529786e-01
7.323110e-01
7.117567e-01
6.914138e-01
6.713711e-01
6.517084e-01
6.324954e-01
6.137977e-01
5.956705e-01
5.781736e-01
5.613235e-01
5.451683e-01
5.297330e-01
5.150330e-01
5.010670e-01
4.878281e-01
4.753174e-01
4.634757e-01
4.522876e-01
4.417107e-01
4.316523e-01
4.220852e-01
4.129254e-01
4.040856e-01
3.955235e-01
3.871410e-01
3.789052e-01
3.707484e-01
3.626160e-01
3.544872e-01
3.463130e-01
3.380895e-01
3.297787e-01
3.213783e-01
3.128621e-01
3.042132e-01
2.954162e-01
2.864499e-01
2.772959e-01
2.679422e-01
2.583876e-01
2.486457e-01
2.387501e-01
2.287601e-01
2.187622e-01
2.088692e-01
1.992150e-01
1.899443e-01
1.812017e-01
1.731128e-01
1.657741e-01
1.592433e-01
1.535364e-01
1.486309e-01
1.444738e-01
1.409916e-01
1.381013e-01
1.357180e-01
1.337618e-01
1.321611e-01
1.308530e-01
1.297847e-01
1.289126e-01
1.282000e-01
1.276174e-01
1.271413e-01
1.267516e-01
1.264321e-01
1.261709e-01
1.259568e-01
1.257809e-01
1.256374e-01
1.255198e-01
1.254230e-01
1.253442e-01
1.252799e-01
1.252269e-01
1.251840e-01
1.251491e-01
1.251202e-01
1.250970e-01
1.250783e-01
1.250628e-01
1.250505e-01
1.250405e-01
1.250324e-01
1.250258e-01
1.250207e-01
1.250164e-01
1.250130e-01
1.250103e-01
1.250082e-01
1.250064e-01
1.250051e-01
1.250040e-01
1.250031e-01
1.250025e-01
1.250019e-01
1.250015e-01
1.250012e-01
1.250009e-01
1.250007e-01
1.250005e-01
1.250004e-01
1.250003e-01
1.250002e-01
1.250002e-01
1.250001e-01
1.250001e-01
1.250001e-01
1.250001e-01
1.250000e-01
1.250000e-01
1.250000e-01
1.250000e-01
1.250000e-01
1.250000e-01
1.250000e-01
1.250000e-01
1.250000e-01
1.250000e-01
1.250000e-01
1.250000e-01
1.250000e-01
1.250000e-01
1.250000e-01
1.250000e-01
1.250000e-01
1.250000e-01
1.250000e-01
1.250000e-01
1.250000e-01
1.250000e-01
1.250000e-01
1.250000e-01
1.250000e-01
1.250000e-01
1.250000e-01
1.250000e-01
1.250000e-01
1.250000e-01
1.250000e-01
1.250000e-01
1.250000e-01
1.250000e-01
1.250000e-01
1.250000e-01
1.250000e-01
1.250000e-01
1.250000e-01
1.250000e-01
1.250000e-01
1.250000e-01
1.250000e-01
1.250000e-01
1.250000e-01
1.250000e-01
1.250000e-01
1.250000e-01
1.250000e-01
1.250000e-01
1.250000e-01
1.250000e-01
1.250000e-01
1.250000e-01
1.250000e-01
1.250000e-01
1.250000e-01
1.250000e-01
1.250000e-01
1.250000e-01
1.250000e-01
1.250000e-01
1.250000e-01
1.250001e-01
1.250001e-01
1.250001e-01
1.250001e-01
1.250001e-01
1.250002e-01
1.250003e-01
1.250003e-01
1.250004e-01
1.250006e-01
1.250007e-01
1.250009e-01
1.250012e-01
1.250015e-01
1.250019e-01
1.250025e-01
1.250032e-01
1.250040e-01
1.250051e-01
1.250065e-01
1.250082e-01
1.250104e-01
1.250131e-01
1.250165e-01
1.250207e-01
1.250260e-01
1.250325e-01
1.250407e-01
1.250507e-01
1.250631e-01
1.250785e-01
1.250974e-01
1.251207e-01
1.251494e-01
1.251846e-01
1.252277e-01
1.252806e-01
1.253454e-01
1.254245e-01
1.255213e-01
1.256395e-01
1.257837e-01
1.259597e-01
1.261746e-01
1.264368e-01
1.267568e-01
1.271475e-01
1.276247e-01
1.282077e-01
1.289208e-01
1.297930e-01
1.308601e-01
1.321658e-01
1.337621e-01
1.357105e-01
1.380820e-01
1.409558e-01
1.444157e-01
1.485452e-01
1.534188e-01
1.590917e-01
1.655896e-01
1.729001e-01
1.809683e-01
1.896997e-01
1.989680e-01
2.086287e-01
2.185356e-01
2.285524e-01
2.385630e-01
2.484786e-01
2.582386e-01
2.678089e-01
2.771742e-01
2.863370e-01
2.953091e-01
3.041090e-01
3.127585e-01
3.212728e-01
3.296714e-01
3.379791e-01
3.461976e-01
3.543677e-01
3.624923e-01
3.706228e-01
3.787799e-01
3.870141e-01
3.954007e-01
4.039665e-01
4.128192e-01
4.219936e-01
4.315766e-01
4.416573e-01
4.522557e-01
4.634720e-01
4.753413e-01
4.878797e-01
