5.066281e-01
5.235594e-01
5.414056e-01
5.602087e-01
5.798939e-01
6.004094e-01
6.217068e-01
6.436882e-01
6.662798e-01
6.893380e-01
7.127654e-01
7.364064e-01
7.601159e-01
7.836996e-01
8.069785e-01
8.297374e-01
8.517563e-01
8.727855e-01
8.925949e-01
9.109511e-01
9.276432e-01
9.425022e-01
9.554081e-01
9.663199e-01
9.752716e-01
9.823784e-01
9.878259e-01
9.918494e-01
9.947108e-01
9.966693e-01
9.979606e-01
9.987822e-01
9.992881e-01
9.995909e-01
9.997677e-01
9.998691e-01
9.999264e-01
9.999586e-01
9.999766e-01
9.999867e-01
9.999924e-01
9.999956e-01
9.999974e-01
9.999985e-01
9.999991e-01
9.999995e-01
9.999997e-01
9.999998e-01
9.999999e-01
9.999999e-01
1.000000e+00
1.000000e+00
1.000000e+00
1.000000e+00
1.000000e+00
1.000000e+00
1.000000e+00
1.000000e+00
1.000000e+00
1.000000e+00
1.000000e+00
1.000000e+00
1.000000e+00
1.000000e+00
1.000000e+00
1.000000e+00
1.000000e+00
1.000000e+00
1.000000e+00
1.000000e+00
1.000000e+00
1.000000e+00
1.000000e+00
1.000000e+00
1.000000e+00
1.000000e+00
1.000000e+00
1.000000e+00
1.000000e+00
1.000000e+00
1.000000e+00
1.000000e+00
1.000000e+00
1.000000e+00
1.000000e+00
1.000000e+00
1.000000e+00
1.000000e+00
1.000000e+00
1.000000e+00
1.000000e+00
1.000000e+00
1.000000e+00
1.000000e+00
1.000000e+00
1.000000e+00
1.000000e+00
1.000000e+00
1.000000e+00
1.000000e+00
1.000000e+00
1.000000e+00
1.000000e+00
1.000000e+00
1.000000e+00
1.000000e+00
1.000000e+00
1.000000e+00
1.000000e+00
1.000000e+00
1.000000e+00
1.000000e+00
1.000000e+00
1.000000e+00
1.000000e+00
1.000000e+00
1.000000e+00
1.000000e+00
1.000000e+00
1.000000e+00
1.000000e+00
1.000000e+00
1.000000e+00
1.000000e+00
1.000000e+00
1.000000e+00
1.000000e+00
1.000000e+00
1.000000e+00
1.000000e+00
1.000000e+00
1.000000e+00
1.000000e+00
1.000000e+00
1.000000e+00
1.000000e+00
1.000000e+00
1.000000e+00
1.000000e+00
1.000000e+00
1.000000e+00
1.000000e+00
1.000000e+00
1.000000e+00
1.000000e+00
1.000000e+00
1.000000e+00
1.000000e+00
1.000000e+00
1.000000e+00
1.000000e+00
1.000000e+00
1.000000e+00
1.000000e+00
1.000000e+00
1.000000e+00
1.000000e+00
1.000000e+00
1.000000e+00
1.000000e+00
1.000000e+00
1.000000e+00
1.000000e+00
1.000000e+00
1.000000e+00
1.000000e+00
1.000000e+00
1.000000e+00
1.000000e+00
1.000000e+00
1.000000e+00
1.000000e+00
1.000000e+00
1.000000e+00
1.000000e+00
1.000000e+00
1.000000e+00
1.000000e+00
1.000000e+00
1.000000e+00
1.000000e+00
1.000000e+00
1.000000e+00
1.000000e+00
1.000000e+00
1.000000e+00
1.000000e+00
1.000000e+00
1.000000e+00
1.000000e+00
1.000000e+00
1.000000e+00
1.000000e+00
1.000000e+00
1.000000e+00
1.000000e+00
1.000000e+00
1.000000e+00
1.000000e+00
1.000000e+00
1.000000e+00
1.000000e+00
1.000000e+00
1.000000e+00
1.000000e+00
9.999999e-01
9.999999e-01
9.999998e-01
9.999997e-01
9.999996e-01
9.999993e-01
9.999988e-01
9.999980e-01
9.999966e-01
9.999942e-01
9.999901e-01
9.999828e-01
9.999701e-01
9.999479e-01
9.999092e-01
9.998420e-01
9.997266e-01
9.995309e-01
9.992044e-01
9.986714e-01
9.978224e-01
9.965079e-01
9.945358e-01
9.916750e-01
9.876683e-01
9.822529e-01
9.751888e-01
9.662829e-01
9.554123e-01
9.425360e-01
9.276910e-01
9.109958e-01
8.926205e-01
8.727787e-01
8.517072e-01
8.296411e-01
8.068334e-01
7.835090e-01
7.598854e-01
7.361433e-01
7.124786e-01
6.890387e-01
6.659768e-01
6.433911e-01
6.214220e-01
6.001475e-01
5.796591e-01
5.600042e-01
5.412391e-01
5.234284e-01
5.065440e-01
4.906069e-01
4.756100e-01
4.614752e-01
4.482027e-01
4.356422e-01
4.237701e-01
4.124698e-01
4.016268e-01
3.911659e-01
3.809650e-01
3.709507e-01
3.610337e-01
3.511495e-01
3.412371e-01
3.312390e-01
3.211263e-01
3.108548e-01
3.003953e-01
2.897290e-01
2.788416e-01
2.677328e-01
2.564274e-01
2.449701e-01
2.334390e-01
2.219469e-01
2.106404e-01
1.996921e-01
1.892853e-01
1.795995e-01
1.707833e-01
1.629391e-01
1.561127e-01
1.502934e-01
1.454219e-01
1.414050e-01
1.381318e-01
1.354878e-01
1.333648e-01
1.316666e-01
1.303109e-01
1.292299e-01
1.283680e-01
1.276806e-01
1.271328e-01
1.266954e-01
1.263468e-01
1.260689e-01
1.258468e-01
1.256705e-01
1.255297e-01
1.254177e-01
1.253291e-01
1.252584e-01
1.252027e-01
1.251586e-01
1.251237e-01
1.250965e-01
1.250748e-01
1.250580e-01
1.250449e-01
1.250345e-01
1.250266e-01
1.250204e-01
1.250155e-01
1.250119e-01
1.250090e-01
1.250068e-01
1.250052e-01
1.250039e-01
1.250029e-01
1.250022e-01
1.250016e-01
1.250012e-01
1.250009e-01
1.250007e-01
1.250005e-01
1.250004e-01
1.250003e-01
1.250002e-01
1.250001e-01
1.250001e-01
1.250001e-01
1.250001e-01
1.250000e-01
1.250000e-01
1.250000e-01
1.250000e-01
1.250000e-01
1.250000e-01
1.250000e-01
1.250000e-01
1.250000e-01
1.250000e-01
1.250000e-01
1.250000e-01
1.250000e-01
1.250000e-01
1.250000e-01
1.250000e-01
1.250000e-01
1.250000e-01
1.250000e-01
1.250000e-01
1.250000e-01
1.250000e-01
1.250000e-01
1.250000e-01
1.250000e-01
1.250000e-01
1.250000e-01
1.250000e-01
1.250000e-01
1.250000e-01
1.250000e-01
1.250000e-01
1.250000e-01
1.250000e-01
1.250000e-01
1.250000e-01
1.250000e-01
1.250000e-01
1.250000e-01
1.250000e-01
1.250000e-01
1.250000e-01
1.250000e-01
1.250000e-01
1.250000e-01
1.250000e-01
1.250000e-01
1.250000e-01
1.250000e-01
1.250000e-01
1.250000e-01
1.250000e-01
1.250000e-01
1.250000e-01
1.250000e-01
1.250000e-01
1.250000e-01
1.250000e-01
1.250000e-01
1.250000e-01
1.250000e-01
1.250000e-01
1.250000e-01
1.250000e-01
1.250000e-01
1.250000e-01
1.250000e-01
1.250000e-01
1.250000e-01
1.250000e-01
1.250000e-01
1.250000e-01
1.250000e-01
1.250000e-01
1.250000e-01
1.250000e-01
1.250000e-01
1.250000e-01
1.250000e-01
1.250000e-01
1.250000e-01
1.250000e-01
1.250000e-01
1.250000e-01
1.250000e-01
1.250000e-01
1.250000e-01
1.250000e-01
1.250000e-01
1.250000e-01
1.250001e-01
1.250001e-01
1.250001e-01
1.250002e-01
1.250002e-01
1.250003e-01
1.250004e-01
1.250005e-01
1.250007e-01
1.250009e-01
1.250013e-01
1.250017e-01
1.250022e-01
1.250030e-01
1.250040e-01
1.250053e-01
1.250070e-01
1.250092e-01
1.250120e-01
1.250158e-01
1.250206e-01
1.250268e-01
1.250348e-01
1.250452e-01
1.250584e-01
1.250753e-01
1.250969e-01
1.251244e-01
1.251593e-01
1.252036e-01
1.252597e-01
1.253304e-01
1.254196e-01
1.255319e-01
1.256732e-01
1.258506e-01
1.260731e-01
1.263523e-01
1.267021e-01
1.271404e-01
1.276897e-01
1.283779e-01
1.292403e-01
1.303209e-01
1.316743e-01
1.333676e-01
1.354815e-01
1.381109e-01
1.413628e-01
1.453509e-01
1.501869e-01
1.559661e-01
1.627519e-01
1.705601e-01
1.793490e-01
1.890188e-01
1.994208e-01
2.103759e-01
2.216989e-01
2.332127e-01
2.447675e-01
2.562472e-01
2.675720e-01
2.786958e-01
2.895950e-01
3.002685e-01
3.107321e-01
3.210046e-01
3.311157e-01
3.411100e-01
3.510161e-01
3.608991e-01
3.708110e-01
3.808260e-01
3.910278e-01
4.014962e-01
4.123489e-01
4.236690e-01
4.355598e-01
4.481519e-01
4.614543e-01
4.756306e-01
4.906627e-01
