5.010694e-01
5.150348e-01
5.297245e-01
5.451476e-01
5.612863e-01
5.781158e-01
5.955858e-01
6.136835e-01
6.323448e-01
6.515166e-01
6.711317e-01
6.911225e-01
7.114080e-01
7.319010e-01
7.525048e-01
7.730967e-01
7.935669e-01
8.137784e-01
8.335874e-01
8.528400e-01
8.713661e-01
8.890013e-01
9.055780e-01
9.209375e-01
9.349378e-01
9.474682e-01
9.584504e-01
9.678597e-01
9.757208e-01
9.821114e-01
9.871573e-01
9.910212e-01
9.938871e-01
9.959457e-01
9.973777e-01
9.983433e-01
9.989752e-01
9.993777e-01
9.996278e-01
9.997800e-01
9.998710e-01
9.999247e-01
9.999561e-01
9.999744e-01
9.999850e-01
9.999912e-01
9.999948e-01
9.999969e-01
9.999981e-01
9.999989e-01
9.999993e-01
9.999996e-01
9.999997e-01
9.999998e-01
9.999999e-01
9.999999e-01
1.000000e+00
1.000000e+00
1.000000e+00
1.000000e+00
1.000000e+00
1.000000e+00
1.000000e+00
1.000000e+00
1.000000e+00
1.000000e+00
1.000000e+00
1.000000e+00
1.000000e+00
1.000000e+00
1.000000e+00
1.000000e+00
1.000000e+00
1.000000e+00
1.000000e+00
1.000000e+00
1.000000e+00
1.000000e+00
1.000000e+00
1.000000e+00
1.000000e+00
1.000000e+00
1.000000e+00
1.000000e+00
1.000000e+00
1.000000e+00
1.000000e+00
1.000000e+00
1.000000e+00
1.000000e+00
1.000000e+00
1.000000e+00
1.000000e+00
1.000000e+00
1.000000e+00
1.000000e+00
1.000000e+00
1.000000e+00
1.000000e+00
1.000000e+00
1.000000e+00
1.000000e+00
1.000000e+00
1.000000e+00
1.000000e+00
1.000000e+00
1.000000e+00
1.000000e+00
1.000000e+00
1.000000e+00
1.000000e+00
1.000000e+00
1.000000e+00
1.000000e+00
1.000000e+00
1.000000e+00
1.000000e+00
1.000000e+00
1.000000e+00
1.000000e+00
1.000000e+00
1.000000e+00
1.000000e+00
1.000000e+00
1.000000e+00
1.000000e+00
1.000000e+00
1.000000e+00
1.000000e+00
1.000000e+00
1.000000e+00
1.000000e+00
1.000000e+00
1.000000e+00
1.000000e+00
1.000000e+00
1.000000e+00
1.000000e+00
1.000000e+00
1.000000e+00
1.000000e+00
1.000000e+00
1.000000e+00
1.000000e+00
1.000000e+00
1.000000e+00
1.000000e+00
1.000000e+00
1.000000e+00
1.000000e+00
1.000000e+00
1.000000e+00
1.000000e+00
1.000000e+00
1.000000e+00
1.000000e+00
1.000000e+00
1.000000e+00
1.000000e+00
1.000000e+00
1.000000e+00
1.000000e+00
1.000000e+00
1.000000e+00
1.000000e+00
1.000000e+00
1.000000e+00
1.000000e+00
1.000000e+00
1.000000e+00
1.000000e+00
1.000000e+00
1.000000e+00
1.000000e+00
1.000000e+00
1.000000e+00
1.000000e+00
1.000000e+00
1.000000e+00
1.000000e+00
1.000000e+00
1.000000e+00
1.000000e+00
1.000000e+00
1.000000e+00
1.000000e+00
1.000000e+00
1.000000e+00
1.000000e+00
1.000000e+00
1.000000e+00
1.000000e+00
1.000000e+00
1.000000e+00
1.000000e+00
1.000000e+00
1.000000e+00
1.000000e+00
1.000000e+00
9.999999e-01
9.999999e-01
9.999999e-01
9.999998e-01
9.999997e-01
9.999994e-01
9.999991e-01
9.999985e-01
9.999976e-01
9.999960e-01
9.999933e-01
9.999887e-01
9.999810e-01
9.999679e-01
9.999459e-01
9.999087e-01
9.998468e-01
9.997443e-01
9.995770e-01
9.993082e-01
9.988840e-01
9.982293e-01
9.972426e-01
9.957945e-01
9.937283e-01
9.908659e-01
9.870176e-01
9.819982e-01
9.756416e-01
9.678173e-01
9.584424e-01
9.474877e-01
9.349748e-01
9.209799e-01
9.056142e-01
8.890204e-01
8.713594e-01
8.528005e-01
8.335119e-01
8.136651e-01
7.934169e-01
7.729133e-01
7.522916e-01
7.316644e-01
7.111534e-01
6.908564e-01
6.708614e-01
6.512464e-01
6.320823e-01
6.134329e-01
5.953529e-01
5.779017e-01
5.610963e-01
5.449837e-01
5.295886e-01
5.149262e-01
5.009957e-01
4.877898e-01
4.753096e-01
4.634963e-01
4.523341e-01
4.417815e-01
4.317460e-01
4.222000e-01
4.130616e-01
4.042417e-01
3.956992e-01
3.873370e-01
3.791206e-01
3.709843e-01
3.628727e-01
3.547651e-01
3.466128e-01
3.384120e-01
3.301249e-01
3.217495e-01
3.132592e-01
3.046385e-01
2.958710e-01
2.869359e-01
2.778146e-01
2.684944e-01
2.589731e-01
2.492632e-01
2.393960e-01
2.294290e-01
2.194464e-01
2.095587e-01
1.998983e-01
1.906089e-01
1.818353e-01
1.737048e-01
1.663160e-01
1.597298e-01
1.539655e-01
1.490035e-01
1.447930e-01
1.412623e-01
1.383289e-01
1.359084e-01
1.339206e-01
1.322931e-01
1.309626e-01
1.298757e-01
1.289882e-01
1.282629e-01
1.276697e-01
1.271848e-01
1.267878e-01
1.264623e-01
1.261960e-01
1.259778e-01
1.257984e-01
1.256519e-01
1.255319e-01
1.254331e-01
1.253526e-01
1.252869e-01
1.252327e-01
1.251887e-01
1.251530e-01
1.251236e-01
1.250997e-01
1.250806e-01
1.250647e-01
1.250520e-01
1.250418e-01
1.250334e-01
1.250266e-01
1.250213e-01
1.250170e-01
1.250134e-01
1.250107e-01
1.250085e-01
1.250067e-01
1.250053e-01
1.250042e-01
1.250032e-01
1.250026e-01
1.250020e-01
1.250016e-01
1.250012e-01
1.250009e-01
1.250007e-01
1.250006e-01
1.250004e-01
1.250003e-01
1.250003e-01
1.250002e-01
1.250002e-01
1.250001e-01
1.250001e-01
1.250001e-01
1.250001e-01
1.250000e-01
1.250000e-01
1.250000e-01
1.250000e-01
1.250000e-01
1.250000e-01
1.250000e-01
1.250000e-01
1.250000e-01
1.250000e-01
1.250000e-01
1.250000e-01
1.250000e-01
1.250000e-01
1.250000e-01
1.250000e-01
1.250000e-01
1.250000e-01
1.250000e-01
1.250000e-01
1.250000e-01
1.250000e-01
1.250000e-01
1.250000e-01
1.250000e-01
1.250000e-01
1.250000e-01
1.250000e-01
1.250000e-01
1.250000e-01
1.250000e-01
1.250000e-01
1.250000e-01
1.250000e-01
1.250000e-01
1.250000e-01
1.250000e-01
1.250000e-01
1.250000e-01
1.250000e-01
1.250000e-01
1.250000e-01
1.250000e-01
1.250000e-01
1.250000e-01
1.250000e-01
1.250000e-01
1.250000e-01
1.250000e-01
1.250000e-01
1.250000e-01
1.250000e-01
1.250000e-01
1.250000e-01
1.250000e-01
1.250000e-01
1.250000e-01
1.250000e-01
1.250000e-01
1.250000e-01
1.250000e-01
1.250000e-01
1.250001e-01
1.250001e-01
1.250001e-01
1.250001e-01
1.250002e-01
1.250002e-01
1.250003e-01
1.250003e-01
1.250004e-01
1.250006e-01
1.250007e-01
1.250010e-01
1.250012e-01
1.250016e-01
1.250020e-01
1.250026e-01
1.250033e-01
1.250042e-01
1.250053e-01
1.250067e-01
1.250085e-01
1.250108e-01
1.250136e-01
1.250171e-01
1.250214e-01
1.250268e-01
1.250336e-01
1.250419e-01
1.250522e-01
1.250650e-01
1.250807e-01
1.251002e-01
1.251240e-01
1.251534e-01
1.251894e-01
1.252335e-01
1.252876e-01
1.253538e-01
1.254346e-01
1.255334e-01
1.256541e-01
1.258012e-01
1.259808e-01
1.261999e-01
1.264671e-01
1.267931e-01
1.271911e-01
1.276770e-01
1.282707e-01
1.289965e-01
1.298840e-01
1.309696e-01
1.322975e-01
1.339203e-01
1.359001e-01
1.383085e-01
1.412248e-01
1.447328e-01
1.489154e-01
1.538453e-01
1.595757e-01
1.661293e-01
1.734904e-01
1.816011e-01
1.903641e-01
1.996518e-01
2.093192e-01
2.192213e-01
2.292230e-01
2.392106e-01
2.490975e-01
2.588256e-01
2.683623e-01
2.776938e-01
2.868237e-01
2.957643e-01
3.045345e-01
3.131560e-01
3.216441e-01
3.300174e-01
3.383019e-01
3.464971e-01
3.546457e-01
3.627490e-01
3.708591e-01
3.789953e-01
3.872101e-01
3.955767e-01
4.041230e-01
4.129558e-01
4.221088e-01
4.316707e-01
4.417284e-01
4.523024e-01
4.634927e-01
4.753337e-01
4.878414e-01
