5.228737e-01
5.506536e-01
5.801598e-01
6.112379e-01
6.436561e-01
6.771021e-01
7.111614e-01
7.454296e-01
7.793547e-01
8.124138e-01
8.440203e-01
8.735390e-01
9.004071e-01
9.241179e-01
9.442864e-01
9.607470e-01
9.735603e-01
9.830205e-01
9.896200e-01
9.939576e-01
9.966412e-01
9.982078e-01
9.990750e-01
9.995337e-01
9.997680e-01
9.998850e-01
9.999427e-01
9.999712e-01
9.999853e-01
9.999924e-01
9.999960e-01
9.999979e-01
9.999989e-01
9.999994e-01
9.999997e-01
9.999998e-01
9.999999e-01
9.999999e-01
1.000000e+00
1.000000e+00
1.000000e+00
1.000000e+00
1.000000e+00
1.000000e+00
1.000000e+00
1.000000e+00
1.000000e+00
1.000000e+00
1.000000e+00
1.000000e+00
1.000000e+00
1.000000e+00
1.000000e+00
1.000000e+00
1.000000e+00
1.000000e+00
1.000000e+00
1.000000e+00
1.000000e+00
1.000000e+00
1.000000e+00
1.000000e+00
1.000000e+00
1.000000e+00
1.000000e+00
1.000000e+00
1.000000e+00
1.000000e+00
1.000000e+00
1.000000e+00
1.000000e+00
1.000000e+00
1.000000e+00
1.000000e+00
1.000000e+00
1.000000e+00
1.000000e+00
1.000000e+00
1.000000e+00
1.000000e+00
1.000000e+00
1.000000e+00
1.000000e+00
1.000000e+00
1.000000e+00
1.000000e+00
1.000000e+00
1.000000e+00
1.000000e+00
1.000000e+00
1.000000e+00
1.000000e+00
1.000000e+00
1.000000e+00
1.000000e+00
1.000000e+00
1.000000e+00
1.000000e+00
1.000000e+00
1.000000e+00
1.000000e+00
1.000000e+00
1.000000e+00
1.000000e+00
1.000000e+00
1.000000e+00
1.000000e+00
1.000000e+00
1.000000e+00
1.000000e+00
1.000000e+00
1.000000e+00
1.000000e+00
1.000000e+00
1.000000e+00
1.000000e+00
1.000000e+00
1.000000e+00
1.000000e+00
1.000000e+00
1.000000e+00
1.000000e+00
1.000000e+00
1.000000e+00
1.000000e+00
1.000000e+00
1.000000e+00
1.000000e+00
1.000000e+00
1.000000e+00
1.000000e+00
1.000000e+00
1.000000e+00
1.000000e+00
1.000000e+00
1.000000e+00
1.000000e+00
1.000000e+00
1.000000e+00
1.000000e+00
1.000000e+00
1.000000e+00
1.000000e+00
1.000000e+00
1.000000e+00
1.000000e+00
1.000000e+00
1.000000e+00
1.000000e+00
1.000000e+00
1.000000e+00
1.000000e+00
1.000000e+00
1.000000e+00
1.000000e+00
1.000000e+00
1.000000e+00
1.000000e+00
1.000000e+00
1.000000e+00
1.000000e+00
1.000000e+00
1.000000e+00
1.000000e+00
1.000000e+00
1.000000e+00
1.000000e+00
1.000000e+00
1.000000e+00
1.000000e+00
1.000000e+00
1.000000e+00
1.000000e+00
1.000000e+00
1.000000e+00
1.000000e+00
1.000000e+00
1.000000e+00
1.000000e+00
1.000000e+00
1.000000e+00
1.000000e+00
1.000000e+00
1.000000e+00
1.000000e+00
1.000000e+00
1.000000e+00
1.000000e+00
1.000000e+00
1.000000e+00
1.000000e+00
1.000000e+00
1.000000e+00
1.000000e+00
1.000000e+00
1.000000e+00
1.000000e+00
1.000000e+00
1.000000e+00
1.000000e+00
1.000000e+00
1.000000e+00
1.000000e+00
1.000000e+00
1.000000e+00
1.000000e+00
1.000000e+00
1.000000e+00
1.000000e+00
1.000000e+00
1.000000e+00
1.000000e+00
1.000000e+00
1.000000e+00
1.000000e+00
1.000000e+00
1.000000e+00
1.000000e+00
9.999999e-01
9.999999e-01
9.999997e-01
9.999995e-01
9.999992e-01
9.999984e-01
9.999971e-01
9.999945e-01
9.999896e-01
9.999800e-01
9.999612e-01
9.999246e-01
9.998529e-01
9.997138e-01
9.994472e-01
9.989465e-01
9.980331e-01
9.964271e-01
9.937251e-01
9.894031e-01
9.828545e-01
9.734692e-01
9.607337e-01
9.443298e-01
9.241816e-01
9.004502e-01
8.735257e-01
8.439266e-01
8.122309e-01
7.790880e-01
7.450959e-01
7.107866e-01
6.767141e-01
6.432774e-01
6.108987e-01
5.798769e-01
5.504353e-01
5.227597e-01
4.969383e-01
4.730278e-01
4.508668e-01
4.302193e-01
4.108541e-01
3.925001e-01
3.748668e-01
3.576892e-01
3.407363e-01
3.238156e-01
3.067790e-01
2.895782e-01
2.722269e-01
2.548455e-01
2.376382e-01
2.208967e-01
2.049768e-01
1.902522e-01
1.770616e-01
1.656536e-01
1.561337e-01
1.484534e-01
1.424396e-01
1.378438e-01
1.343950e-01
1.318391e-01
1.299599e-01
1.285853e-01
1.275831e-01
1.268543e-01
1.263258e-01
1.259437e-01
1.256685e-01
1.254709e-01
1.253299e-01
1.252298e-01
1.251590e-01
1.251094e-01
1.250747e-01
1.250507e-01
1.250342e-01
1.250229e-01
1.250152e-01
1.250100e-01
1.250066e-01
1.250043e-01
1.250028e-01
1.250018e-01
1.250011e-01
1.250007e-01
1.250004e-01
1.250003e-01
1.250002e-01
1.250001e-01
1.250001e-01
1.250000e-01
1.250000e-01
1.250000e-01
1.250000e-01
1.250000e-01
1.250000e-01
1.250000e-01
1.250000e-01
1.250000e-01
1.250000e-01
1.250000e-01
1.250000e-01
1.250000e-01
1.250000e-01
1.250000e-01
1.250000e-01
1.250000e-01
1.250000e-01
1.250000e-01
1.250000e-01
1.250000e-01
1.250000e-01
1.250000e-01
1.250000e-01
1.250000e-01
1.250000e-01
1.250000e-01
1.250000e-01
1.250000e-01
1.250000e-01
1.250000e-01
1.250000e-01
1.250000e-01
1.250000e-01
1.250000e-01
1.250000e-01
1.250000e-01
1.250000e-01
1.250000e-01
1.250000e-01
1.250000e-01
1.250000e-01
1.250000e-01
1.250000e-01
1.250000e-01
1.250000e-01
1.250000e-01
1.250000e-01
1.250000e-01
1.250000e-01
1.250000e-01
1.250000e-01
1.250000e-01
1.250000e-01
1.250000e-01
1.250000e-01
1.250000e-01
1.250000e-01
1.250000e-01
1.250000e-01
1.250000e-01
1.250000e-01
1.250000e-01
1.250000e-01
1.250000e-01
1.250000e-01
1.250000e-01
1.250000e-01
1.250000e-01
1.250000e-01
1.250000e-01
1.250000e-01
1.250000e-01
1.250000e-01
1.250000e-01
1.250000e-01
1.250000e-01
1.250000e-01
1.250000e-01
1.250000e-01
1.250000e-01
1.250000e-01
1.250000e-01
1.250000e-01
1.250000e-01
1.250000e-01
1.250000e-01
1.250000e-01
1.250000e-01
1.250000e-01
1.250000e-01
1.250000e-01
1.250000e-01
1.250000e-01
1.250000e-01
1.250000e-01
1.250000e-01
1.250000e-01
1.250000e-01
1.250000e-01
1.250000e-01
1.250000e-01
1.250000e-01
1.250000e-01
1.250000e-01
1.250000e-01
1.250000e-01
1.250000e-01
1.250000e-01
1.250000e-01
1.250000e-01
1.250000e-01
1.250000e-01
1.250000e-01
1.250000e-01
1.250000e-01
1.250000e-01
1.250000e-01
1.250000e-01
1.250000e-01
1.250000e-01
1.250000e-01
1.250000e-01
1.250000e-01
1.250000e-01
1.250000e-01
1.250000e-01
1.250000e-01
1.250000e-01
1.250000e-01
1.250000e-01
1.250000e-01
1.250000e-01
1.250000e-01
1.250000e-01
1.250000e-01
1.250000e-01
1.250000e-01
1.250000e-01
1.250000e-01
1.250000e-01
1.250000e-01
1.250000e-01
1.250000e-01
1.250000e-01
1.250000e-01
1.250001e-01
1.250001e-01
1.250002e-01
1.250003e-01
1.250005e-01
1.250008e-01
1.250012e-01
1.250019e-01
1.250030e-01
1.250046e-01
1.250070e-01
1.250106e-01
1.250159e-01
1.250238e-01
1.250353e-01
1.250522e-01
1.250766e-01
1.251118e-01
1.251621e-01
1.252336e-01
1.253348e-01
1.254770e-01
1.256761e-01
1.259534e-01
1.263380e-01
1.268694e-01
1.276012e-01
1.286057e-01
1.299804e-01
1.318549e-01
1.343978e-01
1.378210e-01
1.423754e-01
1.483321e-01
1.559450e-01
1.653977e-01
1.767494e-01
1.899038e-01
2.046192e-01
2.205538e-01
2.373252e-01
2.545688e-01
2.719862e-01
2.893658e-01
3.065840e-01
3.236317e-01
3.405577e-01
3.575099e-01
3.746884e-01
3.923292e-01
4.107022e-01
4.301010e-01
4.507883e-01
4.730142e-01
4.970070e-01
