5.222232e-01
5.495110e-01
5.784834e-01
6.090121e-01
6.408662e-01
6.737691e-01
7.073108e-01
7.411183e-01
7.746712e-01
8.074688e-01
8.389515e-01
8.685050e-01
8.955780e-01
9.196606e-01
9.403465e-01
9.574276e-01
9.709076e-01
9.810199e-01
9.881999e-01
9.930104e-01
9.960476e-01
9.978568e-01
9.988779e-01
9.994278e-01
9.997129e-01
9.998568e-01
9.999285e-01
9.999640e-01
9.999816e-01
9.999905e-01
9.999950e-01
9.999974e-01
9.999986e-01
9.999992e-01
9.999996e-01
9.999998e-01
9.999999e-01
9.999999e-01
1.000000e+00
1.000000e+00
1.000000e+00
1.000000e+00
1.000000e+00
1.000000e+00
1.000000e+00
1.000000e+00
1.000000e+00
1.000000e+00
1.000000e+00
1.000000e+00
1.000000e+00
1.000000e+00
1.000000e+00
1.000000e+00
1.000000e+00
1.000000e+00
1.000000e+00
1.000000e+00
1.000000e+00
1.000000e+00
1.000000e+00
1.000000e+00
1.000000e+00
1.000000e+00
1.000000e+00
1.000000e+00
1.000000e+00
1.000000e+00
1.000000e+00
1.000000e+00
1.000000e+00
1.000000e+00
1.000000e+00
1.000000e+00
1.000000e+00
1.000000e+00
1.000000e+00
1.000000e+00
1.000000e+00
1.000000e+00
1.000000e+00
1.000000e+00
1.000000e+00
1.000000e+00
1.000000e+00
1.000000e+00
1.000000e+00
1.000000e+00
1.000000e+00
1.000000e+00
1.000000e+00
1.000000e+00
1.000000e+00
1.000000e+00
1.000000e+00
1.000000e+00
1.000000e+00
1.000000e+00
1.000000e+00
1.000000e+00
1.000000e+00
1.000000e+00
1.000000e+00
1.000000e+00
1.000000e+00
1.000000e+00
1.000000e+00
1.000000e+00
1.000000e+00
1.000000e+00
1.000000e+00
1.000000e+00
1.000000e+00
1.000000e+00
1.000000e+00
1.000000e+00
1.000000e+00
1.000000e+00
1.000000e+00
1.000000e+00
1.000000e+00
1.000000e+00
1.000000e+00
1.000000e+00
1.000000e+00
1.000000e+00
1.000000e+00
1.000000e+00
1.000000e+00
1.000000e+00
1.000000e+00
1.000000e+00
1.000000e+00
1.000000e+00
1.000000e+00
1.000000e+00
1.000000e+00
1.000000e+00
1.000000e+00
1.000000e+00
1.000000e+00
1.000000e+00
1.000000e+00
1.000000e+00
1.000000e+00
1.000000e+00
1.000000e+00
1.000000e+00
1.000000e+00
1.000000e+00
1.000000e+00
1.000000e+00
1.000000e+00
1.000000e+00
1.000000e+00
1.000000e+00
1.000000e+00
1.000000e+00
1.000000e+00
1.000000e+00
1.000000e+00
1.000000e+00
1.000000e+00
1.000000e+00
1.000000e+00
1.000000e+00
1.000000e+00
1.000000e+00
1.000000e+00
1.000000e+00
1.000000e+00
1.000000e+00
1.000000e+00
1.000000e+00
1.000000e+00
1.000000e+00
1.000000e+00
1.000000e+00
1.000000e+00
1.000000e+00
1.000000e+00
1.000000e+00
1.000000e+00
1.000000e+00
1.000000e+00
1.000000e+00
1.000000e+00
1.000000e+00
1.000000e+00
1.000000e+00
1.000000e+00
1.000000e+00
1.000000e+00
1.000000e+00
1.000000e+00
1.000000e+00
1.000000e+00
1.000000e+00
1.000000e+00
1.000000e+00
1.000000e+00
1.000000e+00
1.000000e+00
1.000000e+00
1.000000e+00
1.000000e+00
1.000000e+00
1.000000e+00
1.000000e+00
1.000000e+00
1.000000e+00
1.000000e+00
1.000000e+00
1.000000e+00
1.000000e+00
1.000000e+00
1.000000e+00
9.999999e-01
9.999999e-01
9.999998e-01
9.999997e-01
9.999994e-01
9.999989e-01
9.999981e-01
9.999964e-01
9.999932e-01
9.999870e-01
9.999751e-01
9.999519e-01
9.999068e-01
9.998192e-01
9.996506e-01
9.993307e-01
9.987378e-01
9.976718e-01
9.958280e-01
9.927807e-01
9.879946e-01
9.808721e-01
9.708356e-01
9.574294e-01
9.403972e-01
9.197227e-01
8.956128e-01
8.684794e-01
8.388443e-01
8.072745e-01
7.743968e-01
7.407805e-01
7.069363e-01
6.733839e-01
6.404936e-01
6.086781e-01
5.782051e-01
5.492963e-01
5.221105e-01
4.967414e-01
4.732311e-01
4.514282e-01
4.311005e-01
4.120465e-01
3.939894e-01
3.766534e-01
3.597805e-01
3.431486e-01
3.265577e-01
3.098661e-01
2.930036e-01
2.759676e-01
2.588550e-01
2.418411e-01
2.251868e-01
2.092253e-01
1.943198e-01
1.808156e-01
1.689882e-01
1.589885e-01
1.508165e-01
1.443404e-01
1.393389e-01
1.355521e-01
1.327248e-01
1.306333e-01
1.290949e-01
1.279674e-01
1.271433e-01
1.265424e-01
1.261055e-01
1.257888e-01
1.255600e-01
1.253955e-01
1.252777e-01
1.251939e-01
1.251345e-01
1.250928e-01
1.250636e-01
1.250433e-01
1.250293e-01
1.250196e-01
1.250131e-01
1.250087e-01
1.250057e-01
1.250037e-01
1.250024e-01
1.250016e-01
1.250010e-01
1.250006e-01
1.250004e-01
1.250003e-01
1.250002e-01
1.250001e-01
1.250001e-01
1.250000e-01
1.250000e-01
1.250000e-01
1.250000e-01
1.250000e-01
1.250000e-01
1.250000e-01
1.250000e-01
1.250000e-01
1.250000e-01
1.250000e-01
1.250000e-01
1.250000e-01
1.250000e-01
1.250000e-01
1.250000e-01
1.250000e-01
1.250000e-01
1.250000e-01
1.250000e-01
1.250000e-01
1.250000e-01
1.250000e-01
1.250000e-01
1.250000e-01
1.250000e-01
1.250000e-01
1.250000e-01
1.250000e-01
1.250000e-01
1.250000e-01
1.250000e-01
1.250000e-01
1.250000e-01
1.250000e-01
1.250000e-01
1.250000e-01
1.250000e-01
1.250000e-01
1.250000e-01
1.250000e-01
1.250000e-01
1.250000e-01
1.250000e-01
1.250000e-01
1.250000e-01
1.250000e-01
1.250000e-01
1.250000e-01
1.250000e-01
1.250000e-01
1.250000e-01
1.250000e-01
1.250000e-01
1.250000e-01
1.250000e-01
1.250000e-01
1.250000e-01
1.250000e-01
1.250000e-01
1.250000e-01
1.250000e-01
1.250000e-01
1.250000e-01
1.250000e-01
1.250000e-01
1.250000e-01
1.250000e-01
1.250000e-01
1.250000e-01
1.250000e-01
1.250000e-01
1.250000e-01
1.250000e-01
1.250000e-01
1.250000e-01
1.250000e-01
1.250000e-01
1.250000e-01
1.250000e-01
1.250000e-01
1.250000e-01
1.250000e-01
1.250000e-01
1.250000e-01
1.250000e-01
1.250000e-01
1.250000e-01
1.250000e-01
1.250000e-01
1.250000e-01
1.250000e-01
1.250000e-01
1.250000e-01
1.250000e-01
1.250000e-01
1.250000e-01
1.250000e-01
1.250000e-01
1.250000e-01
1.250000e-01
1.250000e-01
1.250000e-01
1.250000e-01
1.250000e-01
1.250000e-01
1.250000e-01
1.250000e-01
1.250000e-01
1.250000e-01
1.250000e-01
1.250000e-01
1.250000e-01
1.250000e-01
1.250000e-01
1.250000e-01
1.250000e-01
1.250000e-01
1.250000e-01
1.250000e-01
1.250000e-01
1.250000e-01
1.250000e-01
1.250000e-01
1.250000e-01
1.250000e-01
1.250000e-01
1.250000e-01
1.250000e-01
1.250000e-01
1.250000e-01
1.250000e-01
1.250000e-01
1.250000e-01
1.250000e-01
1.250000e-01
1.250000e-01
1.250000e-01
1.250000e-01
1.250000e-01
1.250000e-01
1.250000e-01
1.250000e-01
1.250000e-01
1.250001e-01
1.250001e-01
1.250002e-01
1.250003e-01
1.250004e-01
1.250007e-01
1.250011e-01
1.250017e-01
1.250026e-01
1.250040e-01
1.250061e-01
1.250091e-01
1.250137e-01
1.250204e-01
1.250303e-01
1.250446e-01
1.250652e-01
1.250949e-01
1.251372e-01
1.251972e-01
1.252819e-01
1.254007e-01
1.255665e-01
1.257970e-01
1.261159e-01
1.265555e-01
1.271593e-01
1.279861e-01
1.291151e-01
1.306522e-01
1.327365e-01
1.355469e-01
1.393035e-01
1.442589e-01
1.506747e-01
1.587795e-01
1.687158e-01
1.804931e-01
1.939694e-01
2.088736e-01
2.248550e-01
2.415406e-01
2.585912e-01
2.757377e-01
2.927974e-01
3.096774e-01
3.263788e-01
3.429722e-01
3.596036e-01
3.764768e-01
3.938206e-01
4.118967e-01
4.309843e-01
4.513517e-01
4.732188e-01
4.968108e-01
