5.018669e-01
5.162338e-01
5.313478e-01
5.472245e-01
5.638424e-01
5.811770e-01
5.991628e-01
6.177914e-01
6.369935e-01
6.567135e-01
6.768632e-01
6.973839e-01
7.181795e-01
7.391491e-01
7.601917e-01
7.811698e-01
8.019620e-01
8.224188e-01
8.423795e-01
8.616804e-01
8.801364e-01
8.975770e-01
9.138282e-01
9.287322e-01
9.421583e-01
9.540070e-01
9.642315e-01
9.728369e-01
9.798849e-01
9.854906e-01
9.898133e-01
9.930404e-01
9.953718e-01
9.970013e-01
9.981041e-01
9.988278e-01
9.992892e-01
9.995759e-01
9.997502e-01
9.998541e-01
9.999153e-01
9.999509e-01
9.999715e-01
9.999834e-01
9.999903e-01
9.999943e-01
9.999966e-01
9.999980e-01
9.999988e-01
9.999992e-01
9.999995e-01
9.999997e-01
9.999998e-01
9.999999e-01
9.999999e-01
1.000000e+00
1.000000e+00
1.000000e+00
1.000000e+00
1.000000e+00
1.000000e+00
1.000000e+00
1.000000e+00
1.000000e+00
1.000000e+00
1.000000e+00
1.000000e+00
1.000000e+00
1.000000e+00
1.000000e+00
1.000000e+00
1.000000e+00
1.000000e+00
1.000000e+00
1.000000e+00
1.000000e+00
1.000000e+00
1.000000e+00
1.000000e+00
1.000000e+00
1.000000e+00
1.000000e+00
1.000000e+00
1.000000e+00
1.000000e+00
1.000000e+00
1.000000e+00
1.000000e+00
1.000000e+00
1.000000e+00
1.000000e+00
1.000000e+00
1.000000e+00
1.000000e+00
1.000000e+00
1.000000e+00
1.000000e+00
1.000000e+00
1.000000e+00
1.000000e+00
1.000000e+00
1.000000e+00
1.000000e+00
1.000000e+00
1.000000e+00
1.000000e+00
1.000000e+00
1.000000e+00
1.000000e+00
1.000000e+00
1.000000e+00
1.000000e+00
1.000000e+00
1.000000e+00
1.000000e+00
1.000000e+00
1.000000e+00
1.000000e+00
1.000000e+00
1.000000e+00
1.000000e+00
1.000000e+00
1.000000e+00
1.000000e+00
1.000000e+00
1.000000e+00
1.000000e+00
1.000000e+00
1.000000e+00
1.000000e+00
1.000000e+00
1.000000e+00
1.000000e+00
1.000000e+00
1.000000e+00
1.000000e+00
1.000000e+00
1.000000e+00
1.000000e+00
1.000000e+00
1.000000e+00
1.000000e+00
1.000000e+00
1.000000e+00
1.000000e+00
1.000000e+00
1.000000e+00
1.000000e+00
1.000000e+00
1.000000e+00
1.000000e+00
1.000000e+00
1.000000e+00
1.000000e+00
1.000000e+00
1.000000e+00
1.000000e+00
1.000000e+00
1.000000e+00
1.000000e+00
1.000000e+00
1.000000e+00
1.000000e+00
1.000000e+00
1.000000e+00
1.000000e+00
1.000000e+00
1.000000e+00
1.000000e+00
1.000000e+00
1.000000e+00
1.000000e+00
1.000000e+00
1.000000e+00
1.000000e+00
1.000000e+00
1.000000e+00
1.000000e+00
1.000000e+00
1.000000e+00
1.000000e+00
1.000000e+00
1.000000e+00
1.000000e+00
1.000000e+00
1.000000e+00
1.000000e+00
1.000000e+00
1.000000e+00
1.000000e+00
1.000000e+00
1.000000e+00
1.000000e+00
1.000000e+00
1.000000e+00
1.000000e+00
1.000000e+00
1.000000e+00
1.000000e+00
1.000000e+00
9.999999e-01
9.999999e-01
9.999999e-01
9.999998e-01
9.999996e-01
9.999994e-01
9.999990e-01
9.999984e-01
9.999974e-01
9.999956e-01
9.999926e-01
9.999875e-01
9.999789e-01
9.999643e-01
9.999394e-01
9.998975e-01
9.998272e-01
9.997106e-01
9.995199e-01
9.992130e-01
9.987287e-01
9.979817e-01
9.968583e-01
9.952146e-01
9.928790e-01
9.896598e-01
9.853575e-01
9.797825e-01
9.727714e-01
9.642037e-01
9.540122e-01
9.421876e-01
9.287742e-01
9.138700e-01
8.976065e-01
8.801432e-01
8.616563e-01
8.423192e-01
8.223195e-01
8.018242e-01
7.809956e-01
7.599852e-01
7.389157e-01
7.179251e-01
6.971159e-01
6.765889e-01
6.564380e-01
6.367248e-01
6.175337e-01
5.989225e-01
5.809561e-01
5.636467e-01
5.470553e-01
5.312075e-01
5.161219e-01
5.017918e-01
4.882138e-01
4.753898e-01
4.632588e-01
4.518052e-01
4.409796e-01
4.306881e-01
4.209046e-01
4.115253e-01
4.024809e-01
3.937184e-01
3.851318e-01
3.766945e-01
3.683241e-01
3.599795e-01
3.516300e-01
3.432327e-01
3.347690e-01
3.262159e-01
3.175524e-01
3.087629e-01
2.998241e-01
2.907192e-01
2.814284e-01
2.719385e-01
2.622432e-01
2.523550e-01
2.423016e-01
2.321370e-01
2.219431e-01
2.118291e-01
2.019291e-01
1.923896e-01
1.833618e-01
1.749810e-01
1.673543e-01
1.605501e-01
1.545935e-01
1.494680e-01
1.451234e-01
1.414862e-01
1.384709e-01
1.359890e-01
1.339565e-01
1.322974e-01
1.309454e-01
1.298444e-01
1.289483e-01
1.282184e-01
1.276235e-01
1.271389e-01
1.267433e-01
1.264202e-01
1.261570e-01
1.259418e-01
1.257657e-01
1.256226e-01
1.255055e-01
1.254097e-01
1.253322e-01
1.252688e-01
1.252169e-01
1.251752e-01
1.251411e-01
1.251133e-01
1.250911e-01
1.250730e-01
1.250583e-01
1.250467e-01
1.250372e-01
1.250295e-01
1.250235e-01
1.250186e-01
1.250147e-01
1.250116e-01
1.250092e-01
1.250072e-01
1.250056e-01
1.250044e-01
1.250034e-01
1.250027e-01
1.250021e-01
1.250016e-01
1.250013e-01
1.250010e-01
1.250007e-01
1.250006e-01
1.250004e-01
1.250003e-01
1.250003e-01
1.250002e-01
1.250001e-01
1.250001e-01
1.250001e-01
1.250001e-01
1.250000e-01
1.250000e-01
1.250000e-01
1.250000e-01
1.250000e-01
1.250000e-01
1.250000e-01
1.250000e-01
1.250000e-01
1.250000e-01
1.250000e-01
1.250000e-01
1.250000e-01
1.250000e-01
1.250000e-01
1.250000e-01
1.250000e-01
1.250000e-01
1.250000e-01
1.250000e-01
1.250000e-01
1.250000e-01
1.250000e-01
1.250000e-01
1.250000e-01
1.250000e-01
1.250000e-01
1.250000e-01
1.250000e-01
1.250000e-01
1.250000e-01
1.250000e-01
1.250000e-01
1.250000e-01
1.250000e-01
1.250000e-01
1.250000e-01
1.250000e-01
1.250000e-01
1.250000e-01
1.250000e-01
1.250000e-01
1.250000e-01
1.250000e-01
1.250000e-01
1.250000e-01
1.250000e-01
1.250000e-01
1.250000e-01
1.250000e-01
1.250000e-01
1.250000e-01
1.250000e-01
1.250000e-01
1.250000e-01
1.250000e-01
1.250000e-01
1.250000e-01
1.250000e-01
1.250000e-01
1.250000e-01
1.250000e-01
1.250000e-01
1.250000e-01
1.250000e-01
1.250000e-01
1.250000e-01
1.250001e-01
1.250001e-01
1.250001e-01
1.250001e-01
1.250002e-01
1.250002e-01
1.250003e-01
1.250003e-01
1.250005e-01
1.250006e-01
1.250008e-01
1.250010e-01
1.250013e-01
1.250017e-01
1.250021e-01
1.250027e-01
1.250035e-01
1.250045e-01
1.250057e-01
1.250073e-01
1.250092e-01
1.250117e-01
1.250148e-01
1.250187e-01
1.250236e-01
1.250297e-01
1.250374e-01
1.250469e-01
1.250587e-01
1.250733e-01
1.250914e-01
1.251138e-01
1.251415e-01
1.251757e-01
1.252178e-01
1.252695e-01
1.253332e-01
1.254113e-01
1.255071e-01
1.256246e-01
1.257685e-01
1.259448e-01
1.261607e-01
1.264251e-01
1.267487e-01
1.271452e-01
1.276310e-01
1.282264e-01
1.289568e-01
1.298530e-01
1.309527e-01
1.323020e-01
1.339562e-01
1.359803e-01
1.384495e-01
1.414468e-01
1.450602e-01
1.493756e-01
1.544677e-01
1.603895e-01
1.671607e-01
1.747601e-01
1.831220e-01
1.921406e-01
2.016800e-01
2.115888e-01
2.217188e-01
2.319325e-01
2.421182e-01
2.521916e-01
2.620972e-01
2.718067e-01
2.813080e-01
2.906065e-01
2.997159e-01
3.086566e-01
3.174459e-01
3.261081e-01
3.346563e-01
3.431183e-01
3.515096e-01
3.598566e-01
3.681955e-01
3.765683e-01
3.850032e-01
3.935936e-01
4.023595e-01
4.114141e-01
4.208092e-01
4.306079e-01
4.409235e-01
4.517711e-01
4.632530e-01
4.754134e-01
4.882656e-01
