5.085689e-01
5.266234e-01
5.456636e-01
5.657516e-01
5.867881e-01
6.086889e-01
6.314195e-01
6.548490e-01
6.788502e-01
7.033007e-01
7.280361e-01
7.528921e-01
7.776478e-01
8.021056e-01
8.260226e-01
8.491509e-01
8.712096e-01
8.919393e-01
9.110792e-01
9.283967e-01
9.437060e-01
9.568876e-01
9.679095e-01
9.768297e-01
9.837980e-01
9.890383e-01
9.928265e-01
9.954563e-01
9.972098e-01
9.983344e-01
9.990299e-01
9.994461e-01
9.996885e-01
9.998264e-01
9.999037e-01
9.999466e-01
9.999702e-01
9.999833e-01
9.999906e-01
9.999946e-01
9.999969e-01
9.999982e-01
9.999989e-01
9.999994e-01
9.999996e-01
9.999998e-01
9.999999e-01
9.999999e-01
9.999999e-01
1.000000e+00
1.000000e+00
1.000000e+00
1.000000e+00
1.000000e+00
1.000000e+00
1.000000e+00
1.000000e+00
1.000000e+00
1.000000e+00
1.000000e+00
1.000000e+00
1.000000e+00
1.000000e+00
1.000000e+00
1.000000e+00
1.000000e+00
1.000000e+00
1.000000e+00
1.000000e+00
1.000000e+00
1.000000e+00
1.000000e+00
1.000000e+00
1.000000e+00
1.000000e+00
1.000000e+00
1.000000e+00
1.000000e+00
1.000000e+00
1.000000e+00
1.000000e+00
1.000000e+00
1.000000e+00
1.000000e+00
1.000000e+00
1.000000e+00
1.000000e+00
1.000000e+00
1.000000e+00
1.000000e+00
1.000000e+00
1.000000e+00
1.000000e+00
1.000000e+00
1.000000e+00
1.000000e+00
1.000000e+00
1.000000e+00
1.000000e+00
1.000000e+00
1.000000e+00
1.000000e+00
1.000000e+00
1.000000e+00
1.000000e+00
1.000000e+00
1.000000e+00
1.000000e+00
1.000000e+00
1.000000e+00
1.000000e+00
1.000000e+00
1.000000e+00
1.000000e+00
1.000000e+00
1.000000e+00
1.000000e+00
1.000000e+00
1.000000e+00
1.000000e+00
1.000000e+00
1.000000e+00
1.000000e+00
1.000000e+00
1.000000e+00
1.000000e+00
1.000000e+00
1.000000e+00
1.000000e+00
1.000000e+00
1.000000e+00
1.000000e+00
1.000000e+00
1.000000e+00
1.000000e+00
1.000000e+00
1.000000e+00
1.000000e+00
1.000000e+00
1.000000e+00
1.000000e+00
1.000000e+00
1.000000e+00
1.000000e+00
1.000000e+00
1.000000e+00
1.000000e+00
1.000000e+00
1.000000e+00
1.000000e+00
1.000000e+00
1.000000e+00
1.000000e+00
1.000000e+00
1.000000e+00
1.000000e+00
1.000000e+00
1.000000e+00
1.000000e+00
1.000000e+00
1.000000e+00
1.000000e+00
1.000000e+00
1.000000e+00
1.000000e+00
1.000000e+00
1.000000e+00
1.000000e+00
1.000000e+00
1.000000e+00
1.000000e+00
1.000000e+00
1.000000e+00
1.000000e+00
1.000000e+00
1.000000e+00
1.000000e+00
1.000000e+00
1.000000e+00
1.000000e+00
1.000000e+00
1.000000e+00
1.000000e+00
1.000000e+00
1.000000e+00
1.000000e+00
1.000000e+00
1.000000e+00
1.000000e+00
1.000000e+00
1.000000e+00
1.000000e+00
1.000000e+00
1.000000e+00
1.000000e+00
1.000000e+00
1.000000e+00
1.000000e+00
1.000000e+00
1.000000e+00
1.000000e+00
1.000000e+00
1.000000e+00
1.000000e+00
1.000000e+00
1.000000e+00
1.000000e+00
9.999999e-01
9.999999e-01
9.999998e-01
9.999997e-01
9.999995e-01
9.999992e-01
9.999986e-01
9.999976e-01
9.999959e-01
9.999930e-01
9.999877e-01
9.999784e-01
9.999620e-01
9.999330e-01
9.998817e-01
9.997919e-01
9.996364e-01
9.993711e-01
9.989272e-01
9.982021e-01
9.970504e-01
9.952782e-01
9.926438e-01
9.888690e-01
9.836594e-01
9.767354e-01
9.678645e-01
9.568880e-01
9.437398e-01
9.284462e-01
9.111258e-01
8.919646e-01
8.711988e-01
8.490932e-01
8.259132e-01
8.019435e-01
7.774376e-01
7.526404e-01
7.277532e-01
7.029961e-01
6.785371e-01
6.545365e-01
6.311188e-01
6.084102e-01
5.865362e-01
5.655316e-01
5.454857e-01
5.264831e-01
5.084803e-01
4.915117e-01
4.755684e-01
4.605744e-01
4.465118e-01
4.332212e-01
4.206809e-01
4.087114e-01
3.972507e-01
3.861455e-01
3.753216e-01
3.646515e-01
3.540633e-01
3.434744e-01
3.328154e-01
3.220409e-01
3.110991e-01
2.999579e-01
2.885961e-01
2.770037e-01
2.651919e-01
2.532004e-01
2.410955e-01
2.289829e-01
2.170062e-01
2.053432e-01
1.941896e-01
1.837454e-01
1.741888e-01
1.656505e-01
1.582014e-01
1.518471e-01
1.465353e-01
1.421700e-01
1.386310e-01
1.357907e-01
1.335271e-01
1.317313e-01
1.303099e-01
1.291869e-01
1.282995e-01
1.275987e-01
1.270454e-01
1.266080e-01
1.262630e-01
1.259904e-01
1.257755e-01
1.256063e-01
1.254727e-01
1.253682e-01
1.252858e-01
1.252214e-01
1.251712e-01
1.251318e-01
1.251015e-01
1.250777e-01
1.250594e-01
1.250453e-01
1.250344e-01
1.250261e-01
1.250197e-01
1.250148e-01
1.250111e-01
1.250083e-01
1.250062e-01
1.250046e-01
1.250034e-01
1.250025e-01
1.250018e-01
1.250014e-01
1.250010e-01
1.250007e-01
1.250005e-01
1.250004e-01
1.250003e-01
1.250002e-01
1.250001e-01
1.250001e-01
1.250001e-01
1.250001e-01
1.250000e-01
1.250000e-01
1.250000e-01
1.250000e-01
1.250000e-01
1.250000e-01
1.250000e-01
1.250000e-01
1.250000e-01
1.250000e-01
1.250000e-01
1.250000e-01
1.250000e-01
1.250000e-01
1.250000e-01
1.250000e-01
1.250000e-01
1.250000e-01
1.250000e-01
1.250000e-01
1.250000e-01
1.250000e-01
1.250000e-01
1.250000e-01
1.250000e-01
1.250000e-01
1.250000e-01
1.250000e-01
1.250000e-01
1.250000e-01
1.250000e-01
1.250000e-01
1.250000e-01
1.250000e-01
1.250000e-01
1.250000e-01
1.250000e-01
1.250000e-01
1.250000e-01
1.250000e-01
1.250000e-01
1.250000e-01
1.250000e-01
1.250000e-01
1.250000e-01
1.250000e-01
1.250000e-01
1.250000e-01
1.250000e-01
1.250000e-01
1.250000e-01
1.250000e-01
1.250000e-01
1.250000e-01
1.250000e-01
1.250000e-01
1.250000e-01
1.250000e-01
1.250000e-01
1.250000e-01
1.250000e-01
1.250000e-01
1.250000e-01
1.250000e-01
1.250000e-01
1.250000e-01
1.250000e-01
1.250000e-01
1.250000e-01
1.250000e-01
1.250000e-01
1.250000e-01
1.250000e-01
1.250000e-01
1.250000e-01
1.250000e-01
1.250000e-01
1.250000e-01
1.250000e-01
1.250000e-01
1.250000e-01
1.250000e-01
1.250000e-01
1.250000e-01
1.250000e-01
1.250000e-01
1.250000e-01
1.250000e-01
1.250000e-01
1.250000e-01
1.250000e-01
1.250000e-01
1.250000e-01
1.250000e-01
1.250000e-01
1.250000e-01
1.250000e-01
1.250000e-01
1.250001e-01
1.250001e-01
1.250001e-01
1.250001e-01
1.250002e-01
1.250003e-01
1.250004e-01
1.250005e-01
1.250008e-01
1.250010e-01
1.250014e-01
1.250019e-01
1.250026e-01
1.250035e-01
1.250047e-01
1.250063e-01
1.250085e-01
1.250113e-01
1.250150e-01
1.250199e-01
1.250264e-01
1.250348e-01
1.250457e-01
1.250599e-01
1.250783e-01
1.251021e-01
1.251327e-01
1.251721e-01
1.252227e-01
1.252873e-01
1.253699e-01
1.254751e-01
1.256090e-01
1.257791e-01
1.259949e-01
1.262685e-01
1.266150e-01
1.270535e-01
1.276084e-01
1.283103e-01
1.291981e-01
1.303209e-01
1.317395e-01
1.335298e-01
1.357829e-01
1.386064e-01
1.421208e-01
1.464534e-01
1.517255e-01
1.580363e-01
1.654433e-01
1.739462e-01
1.834785e-01
1.939105e-01
2.050645e-01
2.167400e-01
2.287377e-01
2.408743e-01
2.530037e-01
2.650174e-01
2.768465e-01
2.884518e-01
2.998227e-01
3.109694e-01
3.219121e-01
3.326852e-01
3.433425e-01
3.539249e-01
3.645090e-01
3.751783e-01
3.860002e-01
3.971142e-01
4.085805e-01
4.205707e-01
4.331293e-01
4.464528e-01
4.605477e-01
4.755859e-01
4.915695e-01
