5.014289e-01
5.155740e-01
5.304537e-01
5.460802e-01
5.624339e-01
5.794896e-01
5.971905e-01
6.155264e-01
6.344307e-01
6.538488e-01
6.737038e-01
6.939337e-01
7.144491e-01
7.351575e-01
7.559613e-01
7.767292e-01
7.973479e-01
8.176741e-01
8.375566e-01
8.568380e-01
8.753396e-01
8.928954e-01
9.093341e-01
9.244973e-01
9.382469e-01
9.504771e-01
9.611229e-01
9.701724e-01
9.776665e-01
9.837001e-01
9.884142e-01
9.919833e-01
9.945995e-01
9.964559e-01
9.977313e-01
9.985807e-01
9.991301e-01
9.994761e-01
9.996889e-01
9.998172e-01
9.998933e-01
9.999379e-01
9.999639e-01
9.999790e-01
9.999877e-01
9.999927e-01
9.999957e-01
9.999974e-01
9.999984e-01
9.999991e-01
9.999994e-01
9.999996e-01
9.999998e-01
9.999999e-01
9.999999e-01
9.999999e-01
1.000000e+00
1.000000e+00
1.000000e+00
1.000000e+00
1.000000e+00
1.000000e+00
1.000000e+00
1.000000e+00
1.000000e+00
1.000000e+00
1.000000e+00
1.000000e+00
1.000000e+00
1.000000e+00
1.000000e+00
1.000000e+00
1.000000e+00
1.000000e+00
1.000000e+00
1.000000e+00
1.000000e+00
1.000000e+00
1.000000e+00
1.000000e+00
1.000000e+00
1.000000e+00
1.000000e+00
1.000000e+00
1.000000e+00
1.000000e+00
1.000000e+00
1.000000e+00
1.000000e+00
1.000000e+00
1.000000e+00
1.000000e+00
1.000000e+00
1.000000e+00
1.000000e+00
1.000000e+00
1.000000e+00
1.000000e+00
1.000000e+00
1.000000e+00
1.000000e+00
1.000000e+00
1.000000e+00
1.000000e+00
1.000000e+00
1.000000e+00
1.000000e+00
1.000000e+00
1.000000e+00
1.000000e+00
1.000000e+00
1.000000e+00
1.000000e+00
1.000000e+00
1.000000e+00
1.000000e+00
1.000000e+00
1.000000e+00
1.000000e+00
1.000000e+00
1.000000e+00
1.000000e+00
1.000000e+00
1.000000e+00
1.000000e+00
1.000000e+00
1.000000e+00
1.000000e+00
1.000000e+00
1.000000e+00
1.000000e+00
1.000000e+00
1.000000e+00
1.000000e+00
1.000000e+00
1.000000e+00
1.000000e+00
1.000000e+00
1.000000e+00
1.000000e+00
1.000000e+00
1.000000e+00
1.000000e+00
1.000000e+00
1.000000e+00
1.000000e+00
1.000000e+00
1.000000e+00
1.000000e+00
1.000000e+00
1.000000e+00
1.000000e+00
1.000000e+00
1.000000e+00
1.000000e+00
1.000000e+00
1.000000e+00
1.000000e+00
1.000000e+00
1.000000e+00
1.000000e+00
1.000000e+00
1.000000e+00
1.000000e+00
1.000000e+00
1.000000e+00
1.000000e+00
1.000000e+00
1.000000e+00
1.000000e+00
1.000000e+00
1.000000e+00
1.000000e+00
1.000000e+00
1.000000e+00
1.000000e+00
1.000000e+00
1.000000e+00
1.000000e+00
1.000000e+00
1.000000e+00
1.000000e+00
1.000000e+00
1.000000e+00
1.000000e+00
1.000000e+00
1.000000e+00
1.000000e+00
1.000000e+00
1.000000e+00
1.000000e+00
1.000000e+00
1.000000e+00
1.000000e+00
1.000000e+00
1.000000e+00
1.000000e+00
1.000000e+00
1.000000e+00
1.000000e+00
9.999999e-01
9.999999e-01
9.999998e-01
9.999997e-01
9.999995e-01
9.999993e-01
9.999988e-01
9.999980e-01
9.999967e-01
9.999944e-01
9.999907e-01
9.999843e-01
9.999735e-01
9.999551e-01
9.999241e-01
9.998722e-01
9.997856e-01
9.996434e-01
9.994128e-01
9.990457e-01
9.984734e-01
9.976016e-01
9.963079e-01
9.944408e-01
9.918246e-01
9.882677e-01
9.835776e-01
9.775768e-01
9.701197e-01
9.611063e-01
9.504908e-01
9.382808e-01
9.245401e-01
9.093732e-01
8.929194e-01
8.753391e-01
8.568055e-01
8.374879e-01
8.175670e-01
7.972032e-01
7.765498e-01
7.557510e-01
7.349223e-01
7.141944e-01
6.936666e-01
6.734317e-01
6.535762e-01
6.341654e-01
6.152727e-01
5.969543e-01
5.792725e-01
5.622413e-01
5.459140e-01
5.303159e-01
5.154639e-01
5.013545e-01
4.879819e-01
4.753474e-01
4.633914e-01
4.520984e-01
4.414234e-01
4.312727e-01
4.216202e-01
4.123737e-01
4.034534e-01
3.948120e-01
3.863483e-01
3.780336e-01
3.697931e-01
3.615767e-01
3.533616e-01
3.450993e-01
3.367823e-01
3.283761e-01
3.198732e-01
3.112506e-01
3.024876e-01
2.935705e-01
2.844767e-01
2.751904e-01
2.657015e-01
2.560133e-01
2.461450e-01
2.361382e-01
2.260606e-01
2.160078e-01
2.061018e-01
1.964816e-01
1.872960e-01
1.786867e-01
1.707730e-01
1.636411e-01
1.573358e-01
1.518603e-01
1.471805e-01
1.432345e-01
1.399432e-01
1.372210e-01
1.349827e-01
1.331497e-01
1.316525e-01
1.304307e-01
1.294342e-01
1.286216e-01
1.279582e-01
1.274165e-01
1.269743e-01
1.266123e-01
1.263163e-01
1.260746e-01
1.258763e-01
1.257140e-01
1.255818e-01
1.254732e-01
1.253844e-01
1.253124e-01
1.252532e-01
1.252048e-01
1.251658e-01
1.251338e-01
1.251077e-01
1.250869e-01
1.250698e-01
1.250558e-01
1.250448e-01
1.250358e-01
1.250285e-01
1.250227e-01
1.250181e-01
1.250143e-01
1.250113e-01
1.250090e-01
1.250070e-01
1.250056e-01
1.250044e-01
1.250034e-01
1.250027e-01
1.250021e-01
1.250016e-01
1.250013e-01
1.250010e-01
1.250008e-01
1.250006e-01
1.250005e-01
1.250003e-01
1.250003e-01
1.250002e-01
1.250002e-01
1.250001e-01
1.250001e-01
1.250001e-01
1.250001e-01
1.250000e-01
1.250000e-01
1.250000e-01
1.250000e-01
1.250000e-01
1.250000e-01
1.250000e-01
1.250000e-01
1.250000e-01
1.250000e-01
1.250000e-01
1.250000e-01
1.250000e-01
1.250000e-01
1.250000e-01
1.250000e-01
1.250000e-01
1.250000e-01
1.250000e-01
1.250000e-01
1.250000e-01
1.250000e-01
1.250000e-01
1.250000e-01
1.250000e-01
1.250000e-01
1.250000e-01
1.250000e-01
1.250000e-01
1.250000e-01
1.250000e-01
1.250000e-01
1.250000e-01
1.250000e-01
1.250000e-01
1.250000e-01
1.250000e-01
1.250000e-01
1.250000e-01
1.250000e-01
1.250000e-01
1.250000e-01
1.250000e-01
1.250000e-01
1.250000e-01
1.250000e-01
1.250000e-01
1.250000e-01
1.250000e-01
1.250000e-01
1.250000e-01
1.250000e-01
1.250000e-01
1.250000e-01
1.250000e-01
1.250000e-01
1.250000e-01
1.250000e-01
1.250000e-01
1.250000e-01
1.250000e-01
1.250000e-01
1.250000e-01
1.250000e-01
1.250001e-01
1.250001e-01
1.250001e-01
1.250001e-01
1.250002e-01
1.250002e-01
1.250003e-01
1.250004e-01
1.250005e-01
1.250006e-01
1.250008e-01
1.250010e-01
1.250013e-01
1.250017e-01
1.250021e-01
1.250027e-01
1.250035e-01
1.250044e-01
1.250056e-01
1.250071e-01
1.250090e-01
1.250114e-01
1.250144e-01
1.250182e-01
1.250229e-01
1.250287e-01
1.250360e-01
1.250450e-01
1.250562e-01
1.250700e-01
1.250871e-01
1.251082e-01
1.251342e-01
1.251663e-01
1.252056e-01
1.252539e-01
1.253132e-01
1.253859e-01
1.254748e-01
1.255836e-01
1.257166e-01
1.258792e-01
1.260779e-01
1.263207e-01
1.266174e-01
1.269800e-01
1.274235e-01
1.279658e-01
1.286297e-01
1.294427e-01
1.304385e-01
1.316584e-01
1.331520e-01
1.349783e-01
1.372063e-01
1.399135e-01
1.431842e-01
1.471041e-01
1.517529e-01
1.571944e-01
1.634657e-01
1.705673e-01
1.784576e-01
1.870526e-01
1.962333e-01
2.058574e-01
2.157754e-01
2.258461e-01
2.359442e-01
2.459717e-01
2.558586e-01
2.655630e-01
2.750653e-01
2.843610e-01
2.934613e-01
3.023824e-01
3.111454e-01
3.197670e-01
3.282691e-01
3.366707e-01
3.449847e-01
3.532416e-01
3.614531e-01
3.696661e-01
3.779082e-01
3.862209e-01
3.946882e-01
4.033331e-01
4.122656e-01
4.215272e-01
4.311953e-01
4.413689e-01
4.520656e-01
4.633869e-01
4.753711e-01
4.880335e-01
