4.995553e-01
5.127836e-01
5.266917e-01
5.412753e-01
5.565293e-01
5.724310e-01
5.889544e-01
6.060640e-01
6.237178e-01
6.418757e-01
6.604878e-01
6.794758e-01
6.987944e-01
7.183624e-01
7.380982e-01
7.579181e-01
7.777075e-01
7.973683e-01
8.167763e-01
8.358010e-01
8.543036e-01
8.721305e-01
8.891326e-01
9.051580e-01
9.200609e-01
9.337101e-01
9.460000e-01
9.568523e-01
9.662347e-01
9.741581e-01
9.806812e-01
9.859069e-01
9.899745e-01
9.930470e-01
9.952979e-01
9.968971e-01
9.979995e-01
9.987376e-01
9.992185e-01
9.995241e-01
9.997140e-01
9.998299e-01
9.998995e-01
9.999409e-01
9.999652e-01
9.999795e-01
9.999879e-01
9.999928e-01
9.999957e-01
9.999974e-01
9.999984e-01
9.999990e-01
9.999994e-01
9.999996e-01
9.999998e-01
9.999999e-01
9.999999e-01
9.999999e-01
1.000000e+00
1.000000e+00
1.000000e+00
1.000000e+00
1.000000e+00
1.000000e+00
1.000000e+00
1.000000e+00
1.000000e+00
1.000000e+00
1.000000e+00
1.000000e+00
1.000000e+00
1.000000e+00
1.000000e+00
1.000000e+00
1.000000e+00
1.000000e+00
1.000000e+00
1.000000e+00
1.000000e+00
1.000000e+00
1.000000e+00
1.000000e+00
1.000000e+00
1.000000e+00
1.000000e+00
1.000000e+00
1.000000e+00
1.000000e+00
1.000000e+00
1.000000e+00
1.000000e+00
1.000000e+00
1.000000e+00
1.000000e+00
1.000000e+00
1.000000e+00
1.000000e+00
1.000000e+00
1.000000e+00
1.000000e+00
1.000000e+00
1.000000e+00
1.000000e+00
1.000000e+00
1.000000e+00
1.000000e+00
1.000000e+00
1.000000e+00
1.000000e+00
1.000000e+00
1.000000e+00
1.000000e+00
1.000000e+00
1.000000e+00
1.000000e+00
1.000000e+00
1.000000e+00
1.000000e+00
1.000000e+00
1.000000e+00
1.000000e+00
1.000000e+00
1.000000e+00
1.000000e+00
1.000000e+00
1.000000e+00
1.000000e+00
1.000000e+00
1.000000e+00
1.000000e+00
1.000000e+00
1.000000e+00
1.000000e+00
1.000000e+00
1.000000e+00
1.000000e+00
1.000000e+00
1.000000e+00
1.000000e+00
1.000000e+00
1.000000e+00
1.000000e+00
1.000000e+00
1.000000e+00
1.000000e+00
1.000000e+00
1.000000e+00
1.000000e+00
1.000000e+00
1.000000e+00
1.000000e+00
1.000000e+00
1.000000e+00
1.000000e+00
1.000000e+00
1.000000e+00
1.000000e+00
1.000000e+00
1.000000e+00
1.000000e+00
1.000000e+00
1.000000e+00
1.000000e+00
1.000000e+00
1.000000e+00
1.000000e+00
1.000000e+00
1.000000e+00
1.000000e+00
1.000000e+00
1.000000e+00
1.000000e+00
1.000000e+00
1.000000e+00
1.000000e+00
1.000000e+00
1.000000e+00
1.000000e+00
1.000000e+00
1.000000e+00
1.000000e+00
1.000000e+00
1.000000e+00
1.000000e+00
1.000000e+00
1.000000e+00
1.000000e+00
1.000000e+00
1.000000e+00
1.000000e+00
1.000000e+00
1.000000e+00
1.000000e+00
1.000000e+00
1.000000e+00
1.000000e+00
1.000000e+00
1.000000e+00
9.999999e-01
9.999999e-01
9.999998e-01
9.999997e-01
9.999995e-01
9.999992e-01
9.999988e-01
9.999980e-01
9.999967e-01
9.999945e-01
9.999908e-01
9.999846e-01
9.999743e-01
9.999569e-01
9.999280e-01
9.998800e-01
9.998010e-01
9.996725e-01
9.994665e-01
9.991418e-01
9.986397e-01
9.978803e-01
9.967593e-01
9.951474e-01
9.928926e-01
9.898268e-01
9.857771e-01
9.805783e-01
9.740881e-01
9.661992e-01
9.568484e-01
9.460208e-01
9.337464e-01
9.201016e-01
9.051926e-01
8.891515e-01
8.721256e-01
8.542686e-01
8.357328e-01
8.166730e-01
7.972307e-01
7.775380e-01
7.577201e-01
7.378766e-01
7.181218e-01
6.985409e-01
6.792156e-01
6.602256e-01
6.416175e-01
6.234679e-01
6.058263e-01
5.887347e-01
5.722302e-01
5.563505e-01
5.411209e-01
5.265634e-01
5.126811e-01
4.994848e-01
4.869643e-01
4.751210e-01
4.638976e-01
4.532783e-01
4.432337e-01
4.336762e-01
4.245753e-01
4.158738e-01
4.074747e-01
3.993407e-01
3.914052e-01
3.835930e-01
3.758761e-01
3.681939e-01
3.605160e-01
3.528235e-01
3.450753e-01
3.372753e-01
3.293935e-01
3.214336e-01
3.133713e-01
3.051961e-01
2.968903e-01
2.884353e-01
2.798101e-01
2.709979e-01
2.619876e-01
2.527826e-01
2.433988e-01
2.338751e-01
2.242751e-01
2.146873e-01
2.052248e-01
1.960161e-01
1.871990e-01
1.789048e-01
1.712460e-01
1.643054e-01
1.581298e-01
1.527281e-01
1.480754e-01
1.441199e-01
1.407931e-01
1.380184e-01
1.357182e-01
1.338193e-01
1.322560e-01
1.309707e-01
1.299144e-01
1.290466e-01
1.283332e-01
1.277461e-01
1.272629e-01
1.268651e-01
1.265368e-01
1.262661e-01
1.260432e-01
1.258588e-01
1.257064e-01
1.255812e-01
1.254777e-01
1.253919e-01
1.253217e-01
1.252637e-01
1.252156e-01
1.251763e-01
1.251442e-01
1.251174e-01
1.250956e-01
1.250779e-01
1.250632e-01
1.250512e-01
1.250415e-01
1.250336e-01
1.250270e-01
1.250218e-01
1.250176e-01
1.250141e-01
1.250113e-01
1.250091e-01
1.250072e-01
1.250057e-01
1.250046e-01
1.250036e-01
1.250029e-01
1.250023e-01
1.250018e-01
1.250014e-01
1.250011e-01
1.250009e-01
1.250007e-01
1.250005e-01
1.250004e-01
1.250003e-01
1.250003e-01
1.250002e-01
1.250002e-01
1.250001e-01
1.250001e-01
1.250001e-01
1.250001e-01
1.250000e-01
1.250000e-01
1.250000e-01
1.250000e-01
1.250000e-01
1.250000e-01
1.250000e-01
1.250000e-01
1.250000e-01
1.250000e-01
1.250000e-01
1.250000e-01
1.250000e-01
1.250000e-01
1.250000e-01
1.250000e-01
1.250000e-01
1.250000e-01
1.250000e-01
1.250000e-01
1.250000e-01
1.250000e-01
1.250000e-01
1.250000e-01
1.250000e-01
1.250000e-01
1.250000e-01
1.250000e-01
1.250000e-01
1.250000e-01
1.250000e-01
1.250000e-01
1.250000e-01
1.250000e-01
1.250000e-01
1.250000e-01
1.250000e-01
1.250000e-01
1.250000e-01
1.250000e-01
1.250000e-01
1.250000e-01
1.250000e-01
1.250000e-01
1.250000e-01
1.250000e-01
1.250000e-01
1.250000e-01
1.250000e-01
1.250000e-01
1.250000e-01
1.250000e-01
1.250000e-01
1.250000e-01
1.250001e-01
1.250001e-01
1.250001e-01
1.250001e-01
1.250002e-01
1.250002e-01
1.250003e-01
1.250003e-01
1.250004e-01
1.250006e-01
1.250007e-01
1.250009e-01
1.250011e-01
1.250014e-01
1.250018e-01
1.250023e-01
1.250029e-01
1.250037e-01
1.250046e-01
1.250058e-01
1.250073e-01
1.250091e-01
1.250114e-01
1.250142e-01
1.250176e-01
1.250219e-01
1.250272e-01
1.250337e-01
1.250416e-01
1.250514e-01
1.250634e-01
1.250781e-01
1.250960e-01
1.251178e-01
1.251445e-01
1.251769e-01
1.252164e-01
1.252643e-01
1.253226e-01
1.253933e-01
1.254790e-01
1.255829e-01
1.257088e-01
1.258614e-01
1.260462e-01
1.262701e-01
1.265414e-01
1.268702e-01
1.272691e-01
1.277530e-01
1.283405e-01
1.290544e-01
1.299221e-01
1.309771e-01
1.322601e-01
1.338191e-01
1.357106e-01
1.380000e-01
1.407593e-01
1.440655e-01
1.479955e-01
1.526186e-01
1.579882e-01
1.641321e-01
1.710445e-01
1.786817e-01
1.869627e-01
1.957754e-01
2.049877e-01
2.144614e-01
2.240660e-01
2.336855e-01
2.432290e-01
2.526314e-01
2.618528e-01
2.708759e-01
2.796982e-01
2.883305e-01
2.967896e-01
3.050972e-01
3.132732e-01
3.213330e-01
3.292906e-01
3.371685e-01
3.449644e-01
3.527088e-01
3.603985e-01
3.680717e-01
3.757541e-01
3.834676e-01
3.912835e-01
3.992245e-01
4.073655e-01
4.157766e-01
4.244904e-01
4.336095e-01
4.431863e-01
4.532519e-01
4.638978e-01
4.751463e-01
4.870149e-01
