5.122676e-01
5.326179e-01
5.540960e-01
5.767777e-01
6.005198e-01
6.252476e-01
6.508122e-01
6.770656e-01
7.038241e-01
7.308753e-01
7.580015e-01
7.849111e-01
8.113407e-01
8.369729e-01
8.614726e-01
8.845049e-01
9.057467e-01
9.249046e-01
9.417411e-01
9.561097e-01
9.679742e-01
9.774173e-01
9.846388e-01
9.899292e-01
9.936367e-01
9.961201e-01
9.977113e-01
9.986887e-01
9.992665e-01
9.995971e-01
9.997812e-01
9.998819e-01
9.999362e-01
9.999654e-01
9.999811e-01
9.999895e-01
9.999942e-01
9.999967e-01
9.999981e-01
9.999989e-01
9.999994e-01
9.999996e-01
9.999998e-01
9.999999e-01
9.999999e-01
1.000000e+00
1.000000e+00
1.000000e+00
1.000000e+00
1.000000e+00
1.000000e+00
1.000000e+00
1.000000e+00
1.000000e+00
1.000000e+00
1.000000e+00
1.000000e+00
1.000000e+00
1.000000e+00
1.000000e+00
1.000000e+00
1.000000e+00
1.000000e+00
1.000000e+00
1.000000e+00
1.000000e+00
1.000000e+00
1.000000e+00
1.000000e+00
1.000000e+00
1.000000e+00
1.000000e+00
1.000000e+00
1.000000e+00
1.000000e+00
1.000000e+00
1.000000e+00
1.000000e+00
1.000000e+00
1.000000e+00
1.000000e+00
1.000000e+00
1.000000e+00
1.000000e+00
1.000000e+00
1.000000e+00
1.000000e+00
1.000000e+00
1.000000e+00
1.000000e+00
1.000000e+00
1.000000e+00
1.000000e+00
1.000000e+00
1.000000e+00
1.000000e+00
1.000000e+00
1.000000e+00
1.000000e+00
1.000000e+00
1.000000e+00
1.000000e+00
1.000000e+00
1.000000e+00
1.000000e+00
1.000000e+00
1.000000e+00
1.000000e+00
1.000000e+00
1.000000e+00
1.000000e+00
1.000000e+00
1.000000e+00
1.000000e+00
1.000000e+00
1.000000e+00
1.000000e+00
1.000000e+00
1.000000e+00
1.000000e+00
1.000000e+00
1.000000e+00
1.000000e+00
1.000000e+00
1.000000e+00
1.000000e+00
1.000000e+00
1.000000e+00
1.000000e+00
1.000000e+00
1.000000e+00
1.000000e+00
1.000000e+00
1.000000e+00
1.000000e+00
1.000000e+00
1.000000e+00
1.000000e+00
1.000000e+00
1.000000e+00
1.000000e+00
1.000000e+00
1.000000e+00
1.000000e+00
1.000000e+00
1.000000e+00
1.000000e+00
1.000000e+00
1.000000e+00
1.000000e+00
1.000000e+00
1.000000e+00
1.000000e+00
1.000000e+00
1.000000e+00
1.000000e+00
1.000000e+00
1.000000e+00
1.000000e+00
1.000000e+00
1.000000e+00
1.000000e+00
1.000000e+00
1.000000e+00
1.000000e+00
1.000000e+00
1.000000e+00
1.000000e+00
1.000000e+00
1.000000e+00
1.000000e+00
1.000000e+00
1.000000e+00
1.000000e+00
1.000000e+00
1.000000e+00
1.000000e+00
1.000000e+00
1.000000e+00
1.000000e+00
1.000000e+00
1.000000e+00
1.000000e+00
1.000000e+00
1.000000e+00
1.000000e+00
1.000000e+00
1.000000e+00
1.000000e+00
1.000000e+00
1.000000e+00
1.000000e+00
1.000000e+00
1.000000e+00
1.000000e+00
1.000000e+00
1.000000e+00
1.000000e+00
1.000000e+00
1.000000e+00
1.000000e+00
1.000000e+00
1.000000e+00
1.000000e+00
1.000000e+00
1.000000e+00
1.000000e+00
1.000000e+00
1.000000e+00
1.000000e+00
9.999999e-01
9.999999e-01
9.999998e-01
9.999997e-01
9.999995e-01
9.999992e-01
9.999986e-01
9.999975e-01
9.999956e-01
9.999923e-01
9.999862e-01
9.999753e-01
9.999554e-01
9.999194e-01
9.998544e-01
9.997377e-01
9.995312e-01
9.991721e-01
9.985613e-01
9.975513e-01
9.959349e-01
9.934413e-01
9.897443e-01
9.844863e-01
9.773140e-01
9.679273e-01
9.561142e-01
9.417817e-01
9.249588e-01
9.057915e-01
8.845183e-01
8.614382e-01
8.368798e-01
8.111868e-01
7.846991e-01
7.577393e-01
7.305750e-01
7.034985e-01
6.767318e-01
6.504815e-01
6.249334e-01
6.002371e-01
5.765273e-01
5.538937e-01
5.324584e-01
5.121722e-01
4.931194e-01
4.752842e-01
4.585827e-01
4.429387e-01
4.282066e-01
4.142870e-01
4.010131e-01
3.882506e-01
3.758634e-01
3.637068e-01
3.516696e-01
3.396424e-01
3.275289e-01
3.152657e-01
3.027987e-01
2.901038e-01
2.771704e-01
2.640254e-01
2.507357e-01
2.374065e-01
2.241905e-01
2.112849e-01
1.989173e-01
1.873220e-01
1.767183e-01
1.672740e-01
1.590822e-01
1.521549e-01
1.464303e-01
1.417906e-01
1.380879e-01
1.351665e-01
1.328794e-01
1.310976e-01
1.297135e-01
1.286399e-01
1.278077e-01
1.271634e-01
1.266641e-01
1.262781e-01
1.259794e-01
1.257491e-01
1.255713e-01
1.254346e-01
1.253297e-01
1.252492e-01
1.251880e-01
1.251411e-01
1.251057e-01
1.250788e-01
1.250586e-01
1.250434e-01
1.250320e-01
1.250235e-01
1.250172e-01
1.250126e-01
1.250091e-01
1.250066e-01
1.250047e-01
1.250034e-01
1.250024e-01
1.250017e-01
1.250012e-01
1.250009e-01
1.250006e-01
1.250004e-01
1.250003e-01
1.250002e-01
1.250001e-01
1.250001e-01
1.250001e-01
1.250000e-01
1.250000e-01
1.250000e-01
1.250000e-01
1.250000e-01
1.250000e-01
1.250000e-01
1.250000e-01
1.250000e-01
1.250000e-01
1.250000e-01
1.250000e-01
1.250000e-01
1.250000e-01
1.250000e-01
1.250000e-01
1.250000e-01
1.250000e-01
1.250000e-01
1.250000e-01
1.250000e-01
1.250000e-01
1.250000e-01
1.250000e-01
1.250000e-01
1.250000e-01
1.250000e-01
1.250000e-01
1.250000e-01
1.250000e-01
1.250000e-01
1.250000e-01
1.250000e-01
1.250000e-01
1.250000e-01
1.250000e-01
1.250000e-01
1.250000e-01
1.250000e-01
1.250000e-01
1.250000e-01
1.250000e-01
1.250000e-01
1.250000e-01
1.250000e-01
1.250000e-01
1.250000e-01
1.250000e-01
1.250000e-01
1.250000e-01
1.250000e-01
1.250000e-01
1.250000e-01
1.250000e-01
1.250000e-01
1.250000e-01
1.250000e-01
1.250000e-01
1.250000e-01
1.250000e-01
1.250000e-01
1.250000e-01
1.250000e-01
1.250000e-01
1.250000e-01
1.250000e-01
1.250000e-01
1.250000e-01
1.250000e-01
1.250000e-01
1.250000e-01
1.250000e-01
1.250000e-01
1.250000e-01
1.250000e-01
1.250000e-01
1.250000e-01
1.250000e-01
1.250000e-01
1.250000e-01
1.250000e-01
1.250000e-01
1.250000e-01
1.250000e-01
1.250000e-01
1.250000e-01
1.250000e-01
1.250000e-01
1.250000e-01
1.250000e-01
1.250000e-01
1.250000e-01
1.250000e-01
1.250000e-01
1.250000e-01
1.250000e-01
1.250000e-01
1.250000e-01
1.250000e-01
1.250000e-01
1.250000e-01
1.250000e-01
1.250000e-01
1.250000e-01
1.250000e-01
1.250000e-01
1.250000e-01
1.250000e-01
1.250000e-01
1.250000e-01
1.250000e-01
1.250000e-01
1.250000e-01
1.250001e-01
1.250001e-01
1.250001e-01
1.250002e-01
1.250002e-01
1.250003e-01
1.250005e-01
1.250006e-01
1.250009e-01
1.250013e-01
1.250018e-01
1.250025e-01
1.250035e-01
1.250049e-01
1.250068e-01
1.250093e-01
1.250128e-01
1.250175e-01
1.250239e-01
1.250325e-01
1.250440e-01
1.250593e-01
1.250797e-01
1.251067e-01
1.251424e-01
1.251894e-01
1.252511e-01
1.253319e-01
1.254374e-01
1.255748e-01
1.257533e-01
1.259849e-01
1.262848e-01
1.266725e-01
1.271733e-01
1.278195e-01
1.286528e-01
1.297267e-01
1.311090e-01
1.328856e-01
1.351622e-01
1.380656e-01
1.417411e-01
1.463436e-01
1.520230e-01
1.589009e-01
1.670463e-01
1.764533e-01
1.870326e-01
1.986180e-01
2.109917e-01
2.239159e-01
2.371570e-01
2.505140e-01
2.638289e-01
2.769949e-01
2.899448e-01
3.026504e-01
3.151220e-01
3.273862e-01
3.394987e-01
3.515243e-01
3.635586e-01
3.757108e-01
3.880953e-01
4.008694e-01
4.141549e-01
4.281006e-01
4.428626e-01
4.585470e-01
4.752945e-01
4.931808e-01
