4.997485e-01
5.130693e-01
5.270757e-01
5.417649e-01
5.571297e-01
5.731477e-01
5.897899e-01
6.070244e-01
6.248047e-01
6.430897e-01
6.618302e-01
6.809449e-01
7.003871e-01
7.200747e-01
7.399221e-01
7.598444e-01
7.797246e-01
7.994617e-01
8.189283e-01
8.379907e-01
8.565082e-01
8.743225e-01
8.912841e-01
9.072388e-01
9.220411e-01
9.355607e-01
9.476954e-01
9.583716e-01
9.675639e-01
9.752912e-01
9.816206e-01
9.866631e-01
9.905648e-01
9.934934e-01
9.956250e-01
9.971293e-01
9.981593e-01
9.988445e-01
9.992881e-01
9.995683e-01
9.997416e-01
9.998467e-01
9.999097e-01
9.999469e-01
9.999688e-01
9.999816e-01
9.999891e-01
9.999935e-01
9.999961e-01
9.999977e-01
9.999986e-01
9.999991e-01
9.999995e-01
9.999997e-01
9.999998e-01
9.999999e-01
9.999999e-01
9.999999e-01
1.000000e+00
1.000000e+00
1.000000e+00
1.000000e+00
1.000000e+00
1.000000e+00
1.000000e+00
1.000000e+00
1.000000e+00
1.000000e+00
1.000000e+00
1.000000e+00
1.000000e+00
1.000000e+00
1.000000e+00
1.000000e+00
1.000000e+00
1.000000e+00
1.000000e+00
1.000000e+00
1.000000e+00
1.000000e+00
1.000000e+00
1.000000e+00
1.000000e+00
1.000000e+00
1.000000e+00
1.000000e+00
1.000000e+00
1.000000e+00
1.000000e+00
1.000000e+00
1.000000e+00
1.000000e+00
1.000000e+00
1.000000e+00
1.000000e+00
1.000000e+00
1.000000e+00
1.000000e+00
1.000000e+00
1.000000e+00
1.000000e+00
1.000000e+00
1.000000e+00
1.000000e+00
1.000000e+00
1.000000e+00
1.000000e+00
1.000000e+00
1.000000e+00
1.000000e+00
1.000000e+00
1.000000e+00
1.000000e+00
1.000000e+00
1.000000e+00
1.000000e+00
1.000000e+00
1.000000e+00
1.000000e+00
1.000000e+00
1.000000e+00
1.000000e+00
1.000000e+00
1.000000e+00
1.000000e+00
1.000000e+00
1.000000e+00
1.000000e+00
1.000000e+00
1.000000e+00
1.000000e+00
1.000000e+00
1.000000e+00
1.000000e+00
1.000000e+00
1.000000e+00
1.000000e+00
1.000000e+00
1.000000e+00
1.000000e+00
1.000000e+00
1.000000e+00
1.000000e+00
1.000000e+00
1.000000e+00
1.000000e+00
1.000000e+00
1.000000e+00
1.000000e+00
1.000000e+00
1.000000e+00
1.000000e+00
1.000000e+00
1.000000e+00
1.000000e+00
1.000000e+00
1.000000e+00
1.000000e+00
1.000000e+00
1.000000e+00
1.000000e+00
1.000000e+00
1.000000e+00
1.000000e+00
1.000000e+00
1.000000e+00
1.000000e+00
1.000000e+00
1.000000e+00
1.000000e+00
1.000000e+00
1.000000e+00
1.000000e+00
1.000000e+00
1.000000e+00
1.000000e+00
1.000000e+00
1.000000e+00
1.000000e+00
1.000000e+00
1.000000e+00
1.000000e+00
1.000000e+00
1.000000e+00
1.000000e+00
1.000000e+00
1.000000e+00
1.000000e+00
1.000000e+00
1.000000e+00
1.000000e+00
1.000000e+00
1.000000e+00
1.000000e+00
1.000000e+00
1.000000e+00
1.000000e+00
1.000000e+00
9.999999e-01
9.999999e-01
9.999998e-01
9.999997e-01
9.999996e-01
9.999993e-01
9.999989e-01
9.999982e-01
9.999970e-01
9.999950e-01
9.999917e-01
9.999862e-01
9.999769e-01
9.999612e-01
9.999351e-01
9.998916e-01
9.998198e-01
9.997026e-01
9.995139e-01
9.992150e-01
9.987503e-01
9.980435e-01
9.969940e-01
9.954756e-01
9.933384e-01
9.904147e-01
9.865291e-01
9.815125e-01
9.752156e-01
9.675231e-01
9.583633e-01
9.477133e-01
9.355956e-01
9.220820e-01
9.072750e-01
8.913055e-01
8.743208e-01
8.564768e-01
8.379261e-01
8.188284e-01
7.993269e-01
7.795574e-01
7.596480e-01
7.397013e-01
7.198343e-01
7.001335e-01
6.806839e-01
6.615669e-01
6.428301e-01
6.245531e-01
6.067850e-01
5.895685e-01
5.729452e-01
5.569495e-01
5.416093e-01
5.269465e-01
5.129661e-01
4.996776e-01
4.870711e-01
4.751478e-01
4.638501e-01
4.531621e-01
4.430533e-01
4.334355e-01
4.242782e-01
4.155221e-01
4.070695e-01
3.988840e-01
3.908951e-01
3.830315e-01
3.752627e-01
3.675259e-01
3.597949e-01
3.520458e-01
3.442414e-01
3.363814e-01
3.284392e-01
3.204145e-01
3.122853e-01
3.040368e-01
2.956547e-01
2.871180e-01
2.784063e-01
2.695042e-01
2.604032e-01
2.511090e-01
2.416423e-01
2.320474e-01
2.223938e-01
2.127761e-01
2.033124e-01
1.941349e-01
1.853827e-01
1.771849e-01
1.696489e-01
1.628507e-01
1.568287e-01
1.515833e-01
1.470823e-01
1.432685e-01
1.400699e-01
1.374084e-01
1.352061e-01
1.333908e-01
1.318981e-01
1.306719e-01
1.296651e-01
1.288385e-01
1.281593e-01
1.276006e-01
1.271414e-01
1.267633e-01
1.264514e-01
1.261947e-01
1.259833e-01
1.258084e-01
1.256644e-01
1.255460e-01
1.254480e-01
1.253671e-01
1.253011e-01
1.252463e-01
1.252011e-01
1.251644e-01
1.251341e-01
1.251089e-01
1.250887e-01
1.250721e-01
1.250583e-01
1.250472e-01
1.250383e-01
1.250308e-01
1.250248e-01
1.250200e-01
1.250160e-01
1.250128e-01
1.250103e-01
1.250082e-01
1.250065e-01
1.250052e-01
1.250041e-01
1.250033e-01
1.250026e-01
1.250021e-01
1.250016e-01
1.250013e-01
1.250010e-01
1.250008e-01
1.250006e-01
1.250005e-01
1.250004e-01
1.250003e-01
1.250002e-01
1.250002e-01
1.250001e-01
1.250001e-01
1.250001e-01
1.250001e-01
1.250000e-01
1.250000e-01
1.250000e-01
1.250000e-01
1.250000e-01
1.250000e-01
1.250000e-01
1.250000e-01
1.250000e-01
1.250000e-01
1.250000e-01
1.250000e-01
1.250000e-01
1.250000e-01
1.250000e-01
1.250000e-01
1.250000e-01
1.250000e-01
1.250000e-01
1.250000e-01
1.250000e-01
1.250000e-01
1.250000e-01
1.250000e-01
1.250000e-01
1.250000e-01
1.250000e-01
1.250000e-01
1.250000e-01
1.250000e-01
1.250000e-01
1.250000e-01
1.250000e-01
1.250000e-01
1.250000e-01
1.250000e-01
1.250000e-01
1.250000e-01
1.250000e-01
1.250000e-01
1.250000e-01
1.250000e-01
1.250000e-01
1.250000e-01
1.250000e-01
1.250000e-01
1.250000e-01
1.250000e-01
1.250000e-01
1.250000e-01
1.250000e-01
1.250000e-01
1.250000e-01
1.250000e-01
1.250000e-01
1.250000e-01
1.250001e-01
1.250001e-01
1.250001e-01
1.250001e-01
1.250002e-01
1.250002e-01
1.250003e-01
1.250004e-01
1.250005e-01
1.250006e-01
1.250008e-01
1.250010e-01
1.250013e-01
1.250016e-01
1.250021e-01
1.250026e-01
1.250033e-01
1.250042e-01
1.250053e-01
1.250066e-01
1.250083e-01
1.250103e-01
1.250129e-01
1.250161e-01
1.250201e-01
1.250249e-01
1.250309e-01
1.250383e-01
1.250474e-01
1.250586e-01
1.250722e-01
1.250890e-01
1.251094e-01
1.251343e-01
1.251648e-01
1.252018e-01
1.252469e-01
1.253018e-01
1.253684e-01
1.254493e-01
1.255475e-01
1.256666e-01
1.258110e-01
1.259861e-01
1.261985e-01
1.264559e-01
1.267682e-01
1.271473e-01
1.276075e-01
1.281665e-01
1.288462e-01
1.296730e-01
1.306789e-01
1.319030e-01
1.333920e-01
1.352007e-01
1.373930e-01
1.400403e-01
1.432194e-01
1.470086e-01
1.514807e-01
1.566941e-01
1.626838e-01
1.694526e-01
1.769651e-01
1.851478e-01
1.938937e-01
2.030731e-01
2.125465e-01
2.221802e-01
2.318532e-01
2.414680e-01
2.509535e-01
2.602647e-01
2.693796e-01
2.782920e-01
2.870113e-01
2.955530e-01
3.039375e-01
3.121861e-01
3.203134e-01
3.283369e-01
3.362741e-01
3.441306e-01
3.519306e-01
3.596777e-01
3.674036e-01
3.751405e-01
3.829056e-01
3.907724e-01
3.987671e-01
4.069591e-01
4.154239e-01
4.241924e-01
4.333678e-01
4.430051e-01
4.531351e-01
4.638498e-01
4.751729e-01
4.871219e-01
