5.068066e-01
5.238392e-01
5.417933e-01
5.607125e-01
5.805196e-01
6.011605e-01
6.225885e-01
6.447003e-01
6.674216e-01
6.906075e-01
7.141571e-01
7.379119e-01
7.617215e-01
7.853918e-01
8.087378e-01
8.315401e-01
8.535759e-01
8.745916e-01
8.943549e-01
9.126315e-01
9.292118e-01
9.439290e-01
9.566704e-01
9.674026e-01
9.761696e-01
9.830969e-01
9.883793e-01
9.922593e-01
9.950025e-01
9.968689e-01
9.980921e-01
9.988659e-01
9.993397e-01
9.996218e-01
9.997858e-01
9.998795e-01
9.999324e-01
9.999620e-01
9.999785e-01
9.999878e-01
9.999930e-01
9.999959e-01
9.999976e-01
9.999986e-01
9.999992e-01
9.999995e-01
9.999997e-01
9.999998e-01
9.999999e-01
9.999999e-01
1.000000e+00
1.000000e+00
1.000000e+00
1.000000e+00
1.000000e+00
1.000000e+00
1.000000e+00
1.000000e+00
1.000000e+00
1.000000e+00
1.000000e+00
1.000000e+00
1.000000e+00
1.000000e+00
1.000000e+00
1.000000e+00
1.000000e+00
1.000000e+00
1.000000e+00
1.000000e+00
1.000000e+00
1.000000e+00
1.000000e+00
1.000000e+00
1.000000e+00
1.000000e+00
1.000000e+00
1.000000e+00
1.000000e+00
1.000000e+00
1.000000e+00
1.000000e+00
1.000000e+00
1.000000e+00
1.000000e+00
1.000000e+00
1.000000e+00
1.000000e+00
1.000000e+00
1.000000e+00
1.000000e+00
1.000000e+00
1.000000e+00
1.000000e+00
1.000000e+00
1.000000e+00
1.000000e+00
1.000000e+00
1.000000e+00
1.000000e+00
1.000000e+00
1.000000e+00
1.000000e+00
1.000000e+00
1.000000e+00
1.000000e+00
1.000000e+00
1.000000e+00
1.000000e+00
1.000000e+00
1.000000e+00
1.000000e+00
1.000000e+00
1.000000e+00
1.000000e+00
1.000000e+00
1.000000e+00
1.000000e+00
1.000000e+00
1.000000e+00
1.000000e+00
1.000000e+00
1.000000e+00
1.000000e+00
1.000000e+00
1.000000e+00
1.000000e+00
1.000000e+00
1.000000e+00
1.000000e+00
1.000000e+00
1.000000e+00
1.000000e+00
1.000000e+00
1.000000e+00
1.000000e+00
1.000000e+00
1.000000e+00
1.000000e+00
1.000000e+00
1.000000e+00
1.000000e+00
1.000000e+00
1.000000e+00
1.000000e+00
1.000000e+00
1.000000e+00
1.000000e+00
1.000000e+00
1.000000e+00
1.000000e+00
1.000000e+00
1.000000e+00
1.000000e+00
1.000000e+00
1.000000e+00
1.000000e+00
1.000000e+00
1.000000e+00
1.000000e+00
1.000000e+00
1.000000e+00
1.000000e+00
1.000000e+00
1.000000e+00
1.000000e+00
1.000000e+00
1.000000e+00
1.000000e+00
1.000000e+00
1.000000e+00
1.000000e+00
1.000000e+00
1.000000e+00
1.000000e+00
1.000000e+00
1.000000e+00
1.000000e+00
1.000000e+00
1.000000e+00
1.000000e+00
1.000000e+00
1.000000e+00
1.000000e+00
1.000000e+00
1.000000e+00
1.000000e+00
1.000000e+00
1.000000e+00
1.000000e+00
1.000000e+00
1.000000e+00
1.000000e+00
1.000000e+00
1.000000e+00
1.000000e+00
1.000000e+00
1.000000e+00
1.000000e+00
1.000000e+00
1.000000e+00
1.000000e+00
1.000000e+00
1.000000e+00
1.000000e+00
9.999999e-01
9.999999e-01
9.999999e-01
9.999998e-01
9.999996e-01
9.999994e-01
9.999989e-01
9.999982e-01
9.999969e-01
9.999947e-01
9.999909e-01
9.999842e-01
9.999725e-01
9.999520e-01
9.999163e-01
9.998541e-01
9.997469e-01
9.995645e-01
9.992592e-01
9.987584e-01
9.979569e-01
9.967096e-01
9.948280e-01
9.920833e-01
9.882184e-01
9.829666e-01
9.760814e-01
9.673606e-01
9.566707e-01
9.439606e-01
9.292591e-01
9.126775e-01
8.943830e-01
8.745880e-01
8.535304e-01
8.314473e-01
8.085957e-01
7.852036e-01
7.614927e-01
7.376493e-01
7.138705e-01
6.903077e-01
6.671176e-01
6.444016e-01
6.223020e-01
6.008972e-01
5.802834e-01
5.605066e-01
5.416258e-01
5.237074e-01
5.067221e-01
4.906919e-01
4.756095e-01
4.613966e-01
4.480524e-01
4.354251e-01
4.234926e-01
4.121321e-01
4.012325e-01
3.907137e-01
3.804576e-01
3.703844e-01
3.604079e-01
3.504605e-01
3.404828e-01
3.304160e-01
3.202303e-01
3.098814e-01
2.993417e-01
2.885917e-01
2.776188e-01
2.664259e-01
2.550410e-01
2.435133e-01
2.319267e-01
2.204000e-01
2.090859e-01
1.981605e-01
1.878094e-01
1.782104e-01
1.695068e-01
1.617933e-01
1.551068e-01
1.494275e-01
1.446889e-01
1.407927e-01
1.376255e-01
1.350721e-01
1.330250e-01
1.313896e-01
1.300853e-01
1.290465e-01
1.282186e-01
1.275592e-01
1.270340e-01
1.266149e-01
1.262814e-01
1.260156e-01
1.258036e-01
1.256354e-01
1.255011e-01
1.253947e-01
1.253104e-01
1.252433e-01
1.251906e-01
1.251488e-01
1.251159e-01
1.250902e-01
1.250698e-01
1.250540e-01
1.250417e-01
1.250320e-01
1.250246e-01
1.250188e-01
1.250143e-01
1.250109e-01
1.250083e-01
1.250063e-01
1.250047e-01
1.250035e-01
1.250027e-01
1.250020e-01
1.250015e-01
1.250011e-01
1.250008e-01
1.250006e-01
1.250004e-01
1.250003e-01
1.250002e-01
1.250002e-01
1.250001e-01
1.250001e-01
1.250001e-01
1.250000e-01
1.250000e-01
1.250000e-01
1.250000e-01
1.250000e-01
1.250000e-01
1.250000e-01
1.250000e-01
1.250000e-01
1.250000e-01
1.250000e-01
1.250000e-01
1.250000e-01
1.250000e-01
1.250000e-01
1.250000e-01
1.250000e-01
1.250000e-01
1.250000e-01
1.250000e-01
1.250000e-01
1.250000e-01
1.250000e-01
1.250000e-01
1.250000e-01
1.250000e-01
1.250000e-01
1.250000e-01
1.250000e-01
1.250000e-01
1.250000e-01
1.250000e-01
1.250000e-01
1.250000e-01
1.250000e-01
1.250000e-01
1.250000e-01
1.250000e-01
1.250000e-01
1.250000e-01
1.250000e-01
1.250000e-01
1.250000e-01
1.250000e-01
1.250000e-01
1.250000e-01
1.250000e-01
1.250000e-01
1.250000e-01
1.250000e-01
1.250000e-01
1.250000e-01
1.250000e-01
1.250000e-01
1.250000e-01
1.250000e-01
1.250000e-01
1.250000e-01
1.250000e-01
1.250000e-01
1.250000e-01
1.250000e-01
1.250000e-01
1.250000e-01
1.250000e-01
1.250000e-01
1.250000e-01
1.250000e-01
1.250000e-01
1.250000e-01
1.250000e-01
1.250000e-01
1.250000e-01
1.250000e-01
1.250000e-01
1.250000e-01
1.250000e-01
1.250000e-01
1.250000e-01
1.250000e-01
1.250000e-01
1.250000e-01
1.250000e-01
1.250000e-01
1.250000e-01
1.250000e-01
1.250000e-01
1.250000e-01
1.250000e-01
1.250000e-01
1.250000e-01
1.250001e-01
1.250001e-01
1.250001e-01
1.250001e-01
1.250002e-01
1.250002e-01
1.250003e-01
1.250005e-01
1.250006e-01
1.250008e-01
1.250011e-01
1.250015e-01
1.250020e-01
1.250027e-01
1.250036e-01
1.250048e-01
1.250064e-01
1.250084e-01
1.250111e-01
1.250145e-01
1.250190e-01
1.250248e-01
1.250323e-01
1.250420e-01
1.250544e-01
1.250703e-01
1.250906e-01
1.251166e-01
1.251496e-01
1.251914e-01
1.252445e-01
1.253117e-01
1.253964e-01
1.255033e-01
1.256379e-01
1.258071e-01
1.260197e-01
1.262866e-01
1.266214e-01
1.270414e-01
1.275681e-01
1.282285e-01
1.290569e-01
1.300957e-01
1.313979e-01
1.330290e-01
1.350678e-01
1.376076e-01
1.407546e-01
1.446231e-01
1.493270e-01
1.549664e-01
1.616119e-01
1.692880e-01
1.779626e-01
1.875438e-01
1.978884e-01
2.088189e-01
2.201484e-01
2.316965e-01
2.433067e-01
2.548572e-01
2.662623e-01
2.774707e-01
2.884557e-01
2.992135e-01
3.097576e-01
3.201081e-01
3.302928e-01
3.403553e-01
3.503269e-01
3.602731e-01
3.702441e-01
3.803185e-01
3.905749e-01
4.011015e-01
4.120100e-01
4.233911e-01
4.353419e-01
4.480008e-01
4.613750e-01
4.756298e-01
4.907480e-01
