5.056688e-01
5.220621e-01
5.393348e-01
5.575216e-01
5.765585e-01
5.964072e-01
6.170116e-01
6.382989e-01
6.601927e-01
6.825661e-01
7.053338e-01
7.283609e-01
7.515137e-01
7.746162e-01
7.975104e-01
8.200033e-01
8.418876e-01
8.629458e-01
8.829484e-01
9.016756e-01
9.189153e-01
9.344834e-01
9.482355e-01
9.600882e-01
9.700278e-01
9.781151e-01
9.844838e-01
9.893277e-01
9.928802e-01
9.953911e-01
9.971012e-01
9.982248e-01
9.989383e-01
9.993776e-01
9.996408e-01
9.997950e-01
9.998838e-01
9.999343e-01
9.999628e-01
9.999788e-01
9.999879e-01
9.999930e-01
9.999959e-01
9.999976e-01
9.999986e-01
9.999991e-01
9.999995e-01
9.999997e-01
9.999998e-01
9.999999e-01
9.999999e-01
1.000000e+00
1.000000e+00
1.000000e+00
1.000000e+00
1.000000e+00
1.000000e+00
1.000000e+00
1.000000e+00
1.000000e+00
1.000000e+00
1.000000e+00
1.000000e+00
1.000000e+00
1.000000e+00
1.000000e+00
1.000000e+00
1.000000e+00
1.000000e+00
1.000000e+00
1.000000e+00
1.000000e+00
1.000000e+00
1.000000e+00
1.000000e+00
1.000000e+00
1.000000e+00
1.000000e+00
1.000000e+00
1.000000e+00
1.000000e+00
1.000000e+00
1.000000e+00
1.000000e+00
1.000000e+00
1.000000e+00
1.000000e+00
1.000000e+00
1.000000e+00
1.000000e+00
1.000000e+00
1.000000e+00
1.000000e+00
1.000000e+00
1.000000e+00
1.000000e+00
1.000000e+00
1.000000e+00
1.000000e+00
1.000000e+00
1.000000e+00
1.000000e+00
1.000000e+00
1.000000e+00
1.000000e+00
1.000000e+00
1.000000e+00
1.000000e+00
1.000000e+00
1.000000e+00
1.000000e+00
1.000000e+00
1.000000e+00
1.000000e+00
1.000000e+00
1.000000e+00
1.000000e+00
1.000000e+00
1.000000e+00
1.000000e+00
1.000000e+00
1.000000e+00
1.000000e+00
1.000000e+00
1.000000e+00
1.000000e+00
1.000000e+00
1.000000e+00
1.000000e+00
1.000000e+00
1.000000e+00
1.000000e+00
1.000000e+00
1.000000e+00
1.000000e+00
1.000000e+00
1.000000e+00
1.000000e+00
1.000000e+00
1.000000e+00
1.000000e+00
1.000000e+00
1.000000e+00
1.000000e+00
1.000000e+00
1.000000e+00
1.000000e+00
1.000000e+00
1.000000e+00
1.000000e+00
1.000000e+00
1.000000e+00
1.000000e+00
1.000000e+00
1.000000e+00
1.000000e+00
1.000000e+00
1.000000e+00
1.000000e+00
1.000000e+00
1.000000e+00
1.000000e+00
1.000000e+00
1.000000e+00
1.000000e+00
1.000000e+00
1.000000e+00
1.000000e+00
1.000000e+00
1.000000e+00
1.000000e+00
1.000000e+00
1.000000e+00
1.000000e+00
1.000000e+00
1.000000e+00
1.000000e+00
1.000000e+00
1.000000e+00
1.000000e+00
1.000000e+00
1.000000e+00
1.000000e+00
1.000000e+00
1.000000e+00
1.000000e+00
1.000000e+00
1.000000e+00
1.000000e+00
1.000000e+00
1.000000e+00
1.000000e+00
1.000000e+00
1.000000e+00
1.000000e+00
1.000000e+00
1.000000e+00
1.000000e+00
1.000000e+00
1.000000e+00
1.000000e+00
1.000000e+00
1.000000e+00
1.000000e+00
9.999999e-01
9.999999e-01
9.999998e-01
9.999998e-01
9.999996e-01
9.999993e-01
9.999989e-01
9.999982e-01
9.999969e-01
9.999947e-01
9.999909e-01
9.999844e-01
9.999730e-01
9.999532e-01
9.999188e-01
9.998595e-01
9.997580e-01
9.995866e-01
9.993015e-01
9.988366e-01
9.980963e-01
9.969486e-01
9.952220e-01
9.927069e-01
9.891654e-01
9.843475e-01
9.780170e-01
9.699736e-01
9.600764e-01
9.482577e-01
9.345259e-01
9.189627e-01
9.017118e-01
8.829594e-01
8.629209e-01
8.418189e-01
8.198887e-01
7.973500e-01
7.744138e-01
7.512750e-01
7.280946e-01
7.050476e-01
6.822702e-01
6.598952e-01
6.380095e-01
6.167361e-01
5.961537e-01
5.763315e-01
5.573244e-01
5.391739e-01
5.219353e-01
5.055867e-01
4.901437e-01
4.756019e-01
4.618836e-01
4.489911e-01
4.367902e-01
4.252399e-01
4.142582e-01
4.037179e-01
3.935619e-01
3.836536e-01
3.739522e-01
3.643477e-01
3.547947e-01
3.452215e-01
3.355895e-01
3.258569e-01
3.159859e-01
3.059499e-01
2.957259e-01
2.852922e-01
2.746404e-01
2.637747e-01
2.527209e-01
2.415279e-01
2.302772e-01
2.190828e-01
2.080911e-01
1.974699e-01
1.873964e-01
1.780394e-01
1.695355e-01
1.619760e-01
1.553986e-01
1.497877e-01
1.450835e-01
1.411955e-01
1.380179e-01
1.354422e-01
1.333660e-01
1.316985e-01
1.303615e-01
1.292909e-01
1.284335e-01
1.277465e-01
1.271966e-01
1.267556e-01
1.264021e-01
1.261191e-01
1.258918e-01
1.257101e-01
1.255647e-01
1.254480e-01
1.253553e-01
1.252810e-01
1.252217e-01
1.251749e-01
1.251374e-01
1.251078e-01
1.250845e-01
1.250658e-01
1.250514e-01
1.250399e-01
1.250309e-01
1.250240e-01
1.250184e-01
1.250142e-01
1.250109e-01
1.250083e-01
1.250064e-01
1.250048e-01
1.250037e-01
1.250028e-01
1.250021e-01
1.250016e-01
1.250012e-01
1.250009e-01
1.250007e-01
1.250005e-01
1.250004e-01
1.250003e-01
1.250002e-01
1.250001e-01
1.250001e-01
1.250001e-01
1.250001e-01
1.250000e-01
1.250000e-01
1.250000e-01
1.250000e-01
1.250000e-01
1.250000e-01
1.250000e-01
1.250000e-01
1.250000e-01
1.250000e-01
1.250000e-01
1.250000e-01
1.250000e-01
1.250000e-01
1.250000e-01
1.250000e-01
1.250000e-01
1.250000e-01
1.250000e-01
1.250000e-01
1.250000e-01
1.250000e-01
1.250000e-01
1.250000e-01
1.250000e-01
1.250000e-01
1.250000e-01
1.250000e-01
1.250000e-01
1.250000e-01
1.250000e-01
1.250000e-01
1.250000e-01
1.250000e-01
1.250000e-01
1.250000e-01
1.250000e-01
1.250000e-01
1.250000e-01
1.250000e-01
1.250000e-01
1.250000e-01
1.250000e-01
1.250000e-01
1.250000e-01
1.250000e-01
1.250000e-01
1.250000e-01
1.250000e-01
1.250000e-01
1.250000e-01
1.250000e-01
1.250000e-01
1.250000e-01
1.250000e-01
1.250000e-01
1.250000e-01
1.250000e-01
1.250000e-01
1.250000e-01
1.250000e-01
1.250000e-01
1.250000e-01
1.250000e-01
1.250000e-01
1.250000e-01
1.250000e-01
1.250000e-01
1.250000e-01
1.250000e-01
1.250000e-01
1.250000e-01
1.250000e-01
1.250000e-01
1.250000e-01
1.250000e-01
1.250000e-01
1.250000e-01
1.250000e-01
1.250000e-01
1.250000e-01
1.250000e-01
1.250000e-01
1.250000e-01
1.250000e-01
1.250000e-01
1.250001e-01
1.250001e-01
1.250001e-01
1.250002e-01
1.250002e-01
1.250003e-01
1.250004e-01
1.250005e-01
1.250007e-01
1.250009e-01
1.250012e-01
1.250016e-01
1.250021e-01
1.250028e-01
1.250037e-01
1.250049e-01
1.250065e-01
1.250085e-01
1.250110e-01
1.250144e-01
1.250186e-01
1.250241e-01
1.250312e-01
1.250402e-01
1.250517e-01
1.250663e-01
1.250849e-01
1.251084e-01
1.251381e-01
1.251756e-01
1.252228e-01
1.252821e-01
1.253566e-01
1.254500e-01
1.255668e-01
1.257130e-01
1.258955e-01
1.261233e-01
1.264076e-01
1.267620e-01
1.272041e-01
1.277554e-01
1.284431e-01
1.293010e-01
1.303711e-01
1.317057e-01
1.333686e-01
1.354361e-01
1.379980e-01
1.411554e-01
1.450162e-01
1.496866e-01
1.552591e-01
1.617970e-01
1.693205e-01
1.777964e-01
1.871361e-01
1.972031e-01
2.078288e-01
2.188348e-01
2.300498e-01
2.413234e-01
2.525384e-01
2.636121e-01
2.744946e-01
2.851582e-01
2.956002e-01
3.058299e-01
3.158677e-01
3.257370e-01
3.354661e-01
3.450959e-01
3.546638e-01
3.642128e-01
3.738159e-01
3.835156e-01
3.934277e-01
4.035906e-01
4.141438e-01
4.251410e-01
4.367125e-01
4.489448e-01
4.618657e-01
4.756237e-01
4.901984e-01
