5.057545e-01
5.221954e-01
5.395189e-01
5.577602e-01
5.768545e-01
5.967623e-01
6.174279e-01
6.387768e-01
6.607330e-01
6.831673e-01
7.059941e-01
7.290763e-01
7.522800e-01
7.754264e-01
7.983567e-01
8.208754e-01
8.427747e-01
8.638332e-01
8.838223e-01
9.025202e-01
9.197147e-01
9.352233e-01
9.489026e-01
9.606732e-01
9.705252e-01
9.785241e-01
9.848085e-01
9.895759e-01
9.930630e-01
9.955205e-01
9.971895e-01
9.982828e-01
9.989752e-01
9.994003e-01
9.996545e-01
9.998031e-01
9.998884e-01
9.999369e-01
9.999643e-01
9.999797e-01
9.999884e-01
9.999933e-01
9.999961e-01
9.999977e-01
9.999986e-01
9.999992e-01
9.999995e-01
9.999997e-01
9.999998e-01
9.999999e-01
9.999999e-01
1.000000e+00
1.000000e+00
1.000000e+00
1.000000e+00
1.000000e+00
1.000000e+00
1.000000e+00
1.000000e+00
1.000000e+00
1.000000e+00
1.000000e+00
1.000000e+00
1.000000e+00
1.000000e+00
1.000000e+00
1.000000e+00
1.000000e+00
1.000000e+00
1.000000e+00
1.000000e+00
1.000000e+00
1.000000e+00
1.000000e+00
1.000000e+00
1.000000e+00
1.000000e+00
1.000000e+00
1.000000e+00
1.000000e+00
1.000000e+00
1.000000e+00
1.000000e+00
1.000000e+00
1.000000e+00
1.000000e+00
1.000000e+00
1.000000e+00
1.000000e+00
1.000000e+00
1.000000e+00
1.000000e+00
1.000000e+00
1.000000e+00
1.000000e+00
1.000000e+00
1.000000e+00
1.000000e+00
1.000000e+00
1.000000e+00
1.000000e+00
1.000000e+00
1.000000e+00
1.000000e+00
1.000000e+00
1.000000e+00
1.000000e+00
1.000000e+00
1.000000e+00
1.000000e+00
1.000000e+00
1.000000e+00
1.000000e+00
1.000000e+00
1.000000e+00
1.000000e+00
1.000000e+00
1.000000e+00
1.000000e+00
1.000000e+00
1.000000e+00
1.000000e+00
1.000000e+00
1.000000e+00
1.000000e+00
1.000000e+00
1.000000e+00
1.000000e+00
1.000000e+00
1.000000e+00
1.000000e+00
1.000000e+00
1.000000e+00
1.000000e+00
1.000000e+00
1.000000e+00
1.000000e+00
1.000000e+00
1.000000e+00
1.000000e+00
1.000000e+00
1.000000e+00
1.000000e+00
1.000000e+00
1.000000e+00
1.000000e+00
1.000000e+00
1.000000e+00
1.000000e+00
1.000000e+00
1.000000e+00
1.000000e+00
1.000000e+00
1.000000e+00
1.000000e+00
1.000000e+00
1.000000e+00
1.000000e+00
1.000000e+00
1.000000e+00
1.000000e+00
1.000000e+00
1.000000e+00
1.000000e+00
1.000000e+00
1.000000e+00
1.000000e+00
1.000000e+00
1.000000e+00
1.000000e+00
1.000000e+00
1.000000e+00
1.000000e+00
1.000000e+00
1.000000e+00
1.000000e+00
1.000000e+00
1.000000e+00
1.000000e+00
1.000000e+00
1.000000e+00
1.000000e+00
1.000000e+00
1.000000e+00
1.000000e+00
1.000000e+00
1.000000e+00
1.000000e+00
1.000000e+00
1.000000e+00
1.000000e+00
1.000000e+00
1.000000e+00
1.000000e+00
1.000000e+00
1.000000e+00
1.000000e+00
1.000000e+00
1.000000e+00
1.000000e+00
1.000000e+00
1.000000e+00
1.000000e+00
1.000000e+00
9.999999e-01
9.999999e-01
9.999999e-01
9.999998e-01
9.999996e-01
9.999994e-01
9.999989e-01
9.999982e-01
9.999970e-01
9.999949e-01
9.999913e-01
9.999850e-01
9.999741e-01
9.999550e-01
9.999220e-01
9.998649e-01
9.997671e-01
9.996015e-01
9.993258e-01
9.988751e-01
9.981558e-01
9.970380e-01
9.953519e-01
9.928892e-01
9.894123e-01
9.846701e-01
9.784236e-01
9.704685e-01
9.606593e-01
9.489234e-01
9.352652e-01
9.197624e-01
9.025572e-01
8.838346e-01
8.638100e-01
8.427077e-01
8.207625e-01
7.981975e-01
7.752250e-01
7.520419e-01
7.288103e-01
7.057077e-01
6.828711e-01
6.604349e-01
6.384868e-01
6.171516e-01
5.965080e-01
5.766268e-01
5.575624e-01
5.393574e-01
5.220682e-01
5.056722e-01
4.901855e-01
4.756034e-01
4.618482e-01
4.489220e-01
4.366890e-01
4.251101e-01
4.141001e-01
4.035330e-01
3.933503e-01
3.834159e-01
3.736871e-01
3.640550e-01
3.544730e-01
3.448701e-01
3.352060e-01
3.254404e-01
3.155343e-01
3.054611e-01
2.951982e-01
2.847243e-01
2.740319e-01
2.631261e-01
2.520347e-01
2.408091e-01
2.295332e-01
2.183242e-01
2.073310e-01
1.967231e-01
1.866786e-01
1.773650e-01
1.689165e-01
1.614207e-01
1.549109e-01
1.493674e-01
1.447270e-01
1.408969e-01
1.377702e-01
1.352381e-01
1.331986e-01
1.315615e-01
1.302496e-01
1.291995e-01
1.283588e-01
1.276855e-01
1.271468e-01
1.267148e-01
1.263688e-01
1.260919e-01
1.258695e-01
1.256920e-01
1.255499e-01
1.254359e-01
1.253455e-01
1.252730e-01
1.252153e-01
1.251697e-01
1.251331e-01
1.251044e-01
1.250817e-01
1.250637e-01
1.250497e-01
1.250385e-01
1.250298e-01
1.250231e-01
1.250177e-01
1.250136e-01
1.250105e-01
1.250080e-01
1.250061e-01
1.250046e-01
1.250035e-01
1.250027e-01
1.250020e-01
1.250015e-01
1.250011e-01
1.250008e-01
1.250006e-01
1.250005e-01
1.250003e-01
1.250003e-01
1.250002e-01
1.250001e-01
1.250001e-01
1.250001e-01
1.250001e-01
1.250000e-01
1.250000e-01
1.250000e-01
1.250000e-01
1.250000e-01
1.250000e-01
1.250000e-01
1.250000e-01
1.250000e-01
1.250000e-01
1.250000e-01
1.250000e-01
1.250000e-01
1.250000e-01
1.250000e-01
1.250000e-01
1.250000e-01
1.250000e-01
1.250000e-01
1.250000e-01
1.250000e-01
1.250000e-01
1.250000e-01
1.250000e-01
1.250000e-01
1.250000e-01
1.250000e-01
1.250000e-01
1.250000e-01
1.250000e-01
1.250000e-01
1.250000e-01
1.250000e-01
1.250000e-01
1.250000e-01
1.250000e-01
1.250000e-01
1.250000e-01
1.250000e-01
1.250000e-01
1.250000e-01
1.250000e-01
1.250000e-01
1.250000e-01
1.250000e-01
1.250000e-01
1.250000e-01
1.250000e-01
1.250000e-01
1.250000e-01
1.250000e-01
1.250000e-01
1.250000e-01
1.250000e-01
1.250000e-01
1.250000e-01
1.250000e-01
1.250000e-01
1.250000e-01
1.250000e-01
1.250000e-01
1.250000e-01
1.250000e-01
1.250000e-01
1.250000e-01
1.250000e-01
1.250000e-01
1.250000e-01
1.250000e-01
1.250000e-01
1.250000e-01
1.250000e-01
1.250000e-01
1.250000e-01
1.250000e-01
1.250000e-01
1.250000e-01
1.250000e-01
1.250000e-01
1.250000e-01
1.250000e-01
1.250000e-01
1.250000e-01
1.250000e-01
1.250000e-01
1.250000e-01
1.250001e-01
1.250001e-01
1.250001e-01
1.250001e-01
1.250002e-01
1.250003e-01
1.250004e-01
1.250005e-01
1.250007e-01
1.250009e-01
1.250012e-01
1.250015e-01
1.250021e-01
1.250027e-01
1.250036e-01
1.250047e-01
1.250062e-01
1.250081e-01
1.250106e-01
1.250138e-01
1.250179e-01
1.250233e-01
1.250301e-01
1.250388e-01
1.250499e-01
1.250641e-01
1.250821e-01
1.251050e-01
1.251339e-01
1.251703e-01
1.252163e-01
1.252741e-01
1.253468e-01
1.254379e-01
1.255520e-01
1.256948e-01
1.258732e-01
1.260960e-01
1.263742e-01
1.267212e-01
1.271541e-01
1.276943e-01
1.283683e-01
1.292095e-01
1.302593e-01
1.315691e-01
1.332018e-01
1.352330e-01
1.377517e-01
1.408588e-01
1.446621e-01
1.492692e-01
1.547744e-01
1.612445e-01
1.687038e-01
1.771234e-01
1.864188e-01
1.964560e-01
2.070676e-01
2.180745e-01
2.293039e-01
2.406027e-01
2.518505e-01
2.629618e-01
2.738848e-01
2.845894e-01
2.950719e-01
3.053406e-01
3.154159e-01
3.253201e-01
3.350824e-01
3.447445e-01
3.543419e-01
3.639203e-01
3.735505e-01
3.832778e-01
3.932158e-01
4.034054e-01
4.139852e-01
4.250110e-01
4.366109e-01
4.488754e-01
4.618300e-01
4.756251e-01
4.902403e-01
