5.168394e-01
5.402366e-01
5.650062e-01
5.911784e-01
6.185081e-01
6.469073e-01
6.761345e-01
7.059301e-01
7.360085e-01
7.660367e-01
7.956464e-01
8.244390e-01
8.519969e-01
8.778645e-01
9.016312e-01
9.229172e-01
9.414172e-01
9.569618e-01
9.695293e-01
9.792652e-01
9.864615e-01
9.915245e-01
9.949088e-01
9.970583e-01
9.983578e-01
9.991091e-01
9.995269e-01
9.997520e-01
9.998708e-01
9.999326e-01
9.999646e-01
9.999812e-01
9.999899e-01
9.999945e-01
9.999970e-01
9.999983e-01
9.999991e-01
9.999995e-01
9.999997e-01
9.999998e-01
9.999999e-01
9.999999e-01
1.000000e+00
1.000000e+00
1.000000e+00
1.000000e+00
1.000000e+00
1.000000e+00
1.000000e+00
1.000000e+00
1.000000e+00
1.000000e+00
1.000000e+00
1.000000e+00
1.000000e+00
1.000000e+00
1.000000e+00
1.000000e+00
1.000000e+00
1.000000e+00
1.000000e+00
1.000000e+00
1.000000e+00
1.000000e+00
1.000000e+00
1.000000e+00
1.000000e+00
1.000000e+00
1.000000e+00
1.000000e+00
1.000000e+00
1.000000e+00
1.000000e+00
1.000000e+00
1.000000e+00
1.000000e+00
1.000000e+00
1.000000e+00
1.000000e+00
1.000000e+00
1.000000e+00
1.000000e+00
1.000000e+00
1.000000e+00
1.000000e+00
1.000000e+00
1.000000e+00
1.000000e+00
1.000000e+00
1.000000e+00
1.000000e+00
1.000000e+00
1.000000e+00
1.000000e+00
1.000000e+00
1.000000e+00
1.000000e+00
1.000000e+00
1.000000e+00
1.000000e+00
1.000000e+00
1.000000e+00
1.000000e+00
1.000000e+00
1.000000e+00
1.000000e+00
1.000000e+00
1.000000e+00
1.000000e+00
1.000000e+00
1.000000e+00
1.000000e+00
1.000000e+00
1.000000e+00
1.000000e+00
1.000000e+00
1.000000e+00
1.000000e+00
1.000000e+00
1.000000e+00
1.000000e+00
1.000000e+00
1.000000e+00
1.000000e+00
1.000000e+00
1.000000e+00
1.000000e+00
1.000000e+00
1.000000e+00
1.000000e+00
1.000000e+00
1.000000e+00
1.000000e+00
1.000000e+00
1.000000e+00
1.000000e+00
1.000000e+00
1.000000e+00
1.000000e+00
1.000000e+00
1.000000e+00
1.000000e+00
1.000000e+00
1.000000e+00
1.000000e+00
1.000000e+00
1.000000e+00
1.000000e+00
1.000000e+00
1.000000e+00
1.000000e+00
1.000000e+00
1.000000e+00
1.000000e+00
1.000000e+00
1.000000e+00
1.000000e+00
1.000000e+00
1.000000e+00
1.000000e+00
1.000000e+00
1.000000e+00
1.000000e+00
1.000000e+00
1.000000e+00
1.000000e+00
1.000000e+00
1.000000e+00
1.000000e+00
1.000000e+00
1.000000e+00
1.000000e+00
1.000000e+00
1.000000e+00
1.000000e+00
1.000000e+00
1.000000e+00
1.000000e+00
1.000000e+00
1.000000e+00
1.000000e+00
1.000000e+00
1.000000e+00
1.000000e+00
1.000000e+00
1.000000e+00
1.000000e+00
1.000000e+00
1.000000e+00
1.000000e+00
1.000000e+00
1.000000e+00
1.000000e+00
1.000000e+00
1.000000e+00
1.000000e+00
1.000000e+00
1.000000e+00
1.000000e+00
1.000000e+00
1.000000e+00
1.000000e+00
1.000000e+00
1.000000e+00
1.000000e+00
1.000000e+00
1.000000e+00
1.000000e+00
1.000000e+00
1.000000e+00
1.000000e+00
1.000000e+00
1.000000e+00
1.000000e+00
9.999999e-01
9.999999e-01
9.999998e-01
9.999996e-01
9.999993e-01
9.999987e-01
9.999978e-01
9.999960e-01
9.999927e-01
9.999865e-01
9.999751e-01
9.999537e-01
9.999137e-01
9.998390e-01
9.997006e-01
9.994479e-01
9.989952e-01
9.982053e-01
9.968706e-01
9.946999e-01
9.913177e-01
9.862844e-01
9.791414e-01
9.694711e-01
9.569646e-01
9.414622e-01
9.229758e-01
9.016736e-01
8.778637e-01
8.519341e-01
8.243041e-01
7.954397e-01
7.657680e-01
7.356895e-01
7.055816e-01
6.757772e-01
6.465539e-01
6.181832e-01
5.908899e-01
5.647718e-01
5.400514e-01
5.167358e-01
4.949233e-01
4.745825e-01
4.556341e-01
4.378917e-01
4.212610e-01
4.055032e-01
3.904808e-01
3.759679e-01
3.617739e-01
3.477453e-01
3.337275e-01
3.196170e-01
3.053181e-01
2.908001e-01
2.760566e-01
2.611440e-01
2.461741e-01
2.313182e-01
2.168059e-01
2.029111e-01
1.899215e-01
1.781068e-01
1.676767e-01
1.587430e-01
1.513098e-01
1.452849e-01
1.405081e-01
1.367851e-01
1.339191e-01
1.317311e-01
1.300690e-01
1.288103e-01
1.278587e-01
1.271405e-01
1.265987e-01
1.261911e-01
1.258844e-01
1.256548e-01
1.254828e-01
1.253548e-01
1.252595e-01
1.251891e-01
1.251371e-01
1.250990e-01
1.250711e-01
1.250508e-01
1.250361e-01
1.250256e-01
1.250180e-01
1.250126e-01
1.250088e-01
1.250061e-01
1.250042e-01
1.250029e-01
1.250020e-01
1.250013e-01
1.250009e-01
1.250006e-01
1.250004e-01
1.250003e-01
1.250002e-01
1.250001e-01
1.250001e-01
1.250000e-01
1.250000e-01
1.250000e-01
1.250000e-01
1.250000e-01
1.250000e-01
1.250000e-01
1.250000e-01
1.250000e-01
1.250000e-01
1.250000e-01
1.250000e-01
1.250000e-01
1.250000e-01
1.250000e-01
1.250000e-01
1.250000e-01
1.250000e-01
1.250000e-01
1.250000e-01
1.250000e-01
1.250000e-01
1.250000e-01
1.250000e-01
1.250000e-01
1.250000e-01
1.250000e-01
1.250000e-01
1.250000e-01
1.250000e-01
1.250000e-01
1.250000e-01
1.250000e-01
1.250000e-01
1.250000e-01
1.250000e-01
1.250000e-01
1.250000e-01
1.250000e-01
1.250000e-01
1.250000e-01
1.250000e-01
1.250000e-01
1.250000e-01
1.250000e-01
1.250000e-01
1.250000e-01
1.250000e-01
1.250000e-01
1.250000e-01
1.250000e-01
1.250000e-01
1.250000e-01
1.250000e-01
1.250000e-01
1.250000e-01
1.250000e-01
1.250000e-01
1.250000e-01
1.250000e-01
1.250000e-01
1.250000e-01
1.250000e-01
1.250000e-01
1.250000e-01
1.250000e-01
1.250000e-01
1.250000e-01
1.250000e-01
1.250000e-01
1.250000e-01
1.250000e-01
1.250000e-01
1.250000e-01
1.250000e-01
1.250000e-01
1.250000e-01
1.250000e-01
1.250000e-01
1.250000e-01
1.250000e-01
1.250000e-01
1.250000e-01
1.250000e-01
1.250000e-01
1.250000e-01
1.250000e-01
1.250000e-01
1.250000e-01
1.250000e-01
1.250000e-01
1.250000e-01
1.250000e-01
1.250000e-01
1.250000e-01
1.250000e-01
1.250000e-01
1.250000e-01
1.250000e-01
1.250000e-01
1.250000e-01
1.250000e-01
1.250000e-01
1.250000e-01
1.250000e-01
1.250000e-01
1.250000e-01
1.250000e-01
1.250000e-01
1.250000e-01
1.250000e-01
1.250000e-01
1.250000e-01
1.250000e-01
1.250000e-01
1.250000e-01
1.250000e-01
1.250000e-01
1.250000e-01
1.250000e-01
1.250000e-01
1.250000e-01
1.250000e-01
1.250000e-01
1.250000e-01
1.250000e-01
1.250000e-01
1.250000e-01
1.250000e-01
1.250001e-01
1.250001e-01
1.250001e-01
1.250002e-01
1.250003e-01
1.250004e-01
1.250007e-01
1.250010e-01
1.250014e-01
1.250021e-01
1.250030e-01
1.250044e-01
1.250064e-01
1.250091e-01
1.250130e-01
1.250185e-01
1.250262e-01
1.250369e-01
1.250518e-01
1.250723e-01
1.251004e-01
1.251388e-01
1.251912e-01
1.252622e-01
1.253580e-01
1.254869e-01
1.256599e-01
1.258910e-01
1.261991e-01
1.266089e-01
1.271527e-01
1.278732e-01
1.288262e-01
1.300847e-01
1.317433e-01
1.339224e-01
1.367709e-01
1.404654e-01
1.452013e-01
1.511745e-01
1.585509e-01
1.674308e-01
1.778181e-01
1.896056e-01
2.025872e-01
2.164931e-01
2.310303e-01
2.459163e-01
2.609160e-01
2.758559e-01
2.906207e-01
3.051510e-01
3.194561e-01
3.335684e-01
3.475853e-01
3.616136e-01
3.758060e-01
3.903224e-01
4.053560e-01
4.211292e-01
4.377895e-01
4.555844e-01
4.745828e-01
4.949911e-01
