5.123780e-01
5.327997e-01
5.543540e-01
5.771167e-01
6.009417e-01
6.257566e-01
6.514089e-01
6.777468e-01
7.045883e-01
7.317154e-01
7.589085e-01
7.858740e-01
8.123442e-01
8.380001e-01
8.625015e-01
8.855137e-01
9.067113e-01
9.258023e-01
9.425506e-01
9.568154e-01
9.685666e-01
9.778947e-01
9.850069e-01
9.902003e-01
9.938273e-01
9.962479e-01
9.977933e-01
9.987391e-01
9.992964e-01
9.996142e-01
9.997909e-01
9.998872e-01
9.999391e-01
9.999670e-01
9.999819e-01
9.999900e-01
9.999944e-01
9.999969e-01
9.999982e-01
9.999990e-01
9.999994e-01
9.999996e-01
9.999998e-01
9.999999e-01
9.999999e-01
1.000000e+00
1.000000e+00
1.000000e+00
1.000000e+00
1.000000e+00
1.000000e+00
1.000000e+00
1.000000e+00
1.000000e+00
1.000000e+00
1.000000e+00
1.000000e+00
1.000000e+00
1.000000e+00
1.000000e+00
1.000000e+00
1.000000e+00
1.000000e+00
1.000000e+00
1.000000e+00
1.000000e+00
1.000000e+00
1.000000e+00
1.000000e+00
1.000000e+00
1.000000e+00
1.000000e+00
1.000000e+00
1.000000e+00
1.000000e+00
1.000000e+00
1.000000e+00
1.000000e+00
1.000000e+00
1.000000e+00
1.000000e+00
1.000000e+00
1.000000e+00
1.000000e+00
1.000000e+00
1.000000e+00
1.000000e+00
1.000000e+00
1.000000e+00
1.000000e+00
1.000000e+00
1.000000e+00
1.000000e+00
1.000000e+00
1.000000e+00
1.000000e+00
1.000000e+00
1.000000e+00
1.000000e+00
1.000000e+00
1.000000e+00
1.000000e+00
1.000000e+00
1.000000e+00
1.000000e+00
1.000000e+00
1.000000e+00
1.000000e+00
1.000000e+00
1.000000e+00
1.000000e+00
1.000000e+00
1.000000e+00
1.000000e+00
1.000000e+00
1.000000e+00
1.000000e+00
1.000000e+00
1.000000e+00
1.000000e+00
1.000000e+00
1.000000e+00
1.000000e+00
1.000000e+00
1.000000e+00
1.000000e+00
1.000000e+00
1.000000e+00
1.000000e+00
1.000000e+00
1.000000e+00
1.000000e+00
1.000000e+00
1.000000e+00
1.000000e+00
1.000000e+00
1.000000e+00
1.000000e+00
1.000000e+00
1.000000e+00
1.000000e+00
1.000000e+00
1.000000e+00
1.000000e+00
1.000000e+00
1.000000e+00
1.000000e+00
1.000000e+00
1.000000e+00
1.000000e+00
1.000000e+00
1.000000e+00
1.000000e+00
1.000000e+00
1.000000e+00
1.000000e+00
1.000000e+00
1.000000e+00
1.000000e+00
1.000000e+00
1.000000e+00
1.000000e+00
1.000000e+00
1.000000e+00
1.000000e+00
1.000000e+00
1.000000e+00
1.000000e+00
1.000000e+00
1.000000e+00
1.000000e+00
1.000000e+00
1.000000e+00
1.000000e+00
1.000000e+00
1.000000e+00
1.000000e+00
1.000000e+00
1.000000e+00
1.000000e+00
1.000000e+00
1.000000e+00
1.000000e+00
1.000000e+00
1.000000e+00
1.000000e+00
1.000000e+00
1.000000e+00
1.000000e+00
1.000000e+00
1.000000e+00
1.000000e+00
1.000000e+00
1.000000e+00
1.000000e+00
1.000000e+00
1.000000e+00
1.000000e+00
1.000000e+00
1.000000e+00
1.000000e+00
1.000000e+00
1.000000e+00
1.000000e+00
1.000000e+00
1.000000e+00
1.000000e+00
1.000000e+00
1.000000e+00
1.000000e+00
9.999999e-01
9.999999e-01
9.999998e-01
9.999997e-01
9.999995e-01
9.999992e-01
9.999986e-01
9.999976e-01
9.999958e-01
9.999926e-01
9.999869e-01
9.999764e-01
9.999574e-01
9.999229e-01
9.998606e-01
9.997486e-01
9.995501e-01
9.992039e-01
9.986137e-01
9.976349e-01
9.960636e-01
9.936315e-01
9.900138e-01
9.848516e-01
9.777880e-01
9.685165e-01
9.568175e-01
9.425899e-01
9.258565e-01
9.067572e-01
8.855289e-01
8.624694e-01
8.379093e-01
8.121923e-01
7.856635e-01
7.586473e-01
7.314154e-01
7.042625e-01
6.774125e-01
6.510775e-01
6.254415e-01
6.006580e-01
5.768653e-01
5.541509e-01
5.326396e-01
5.122824e-01
4.931652e-01
4.752717e-01
4.585179e-01
4.428250e-01
4.280484e-01
4.140860e-01
4.007719e-01
3.879683e-01
3.755406e-01
3.633421e-01
3.512613e-01
3.391869e-01
3.270247e-01
3.147093e-01
3.021890e-01
2.894394e-01
2.764512e-01
2.632554e-01
2.499208e-01
2.365565e-01
2.233196e-01
2.104112e-01
1.980611e-01
1.865047e-01
1.759598e-01
1.665896e-01
1.584811e-01
1.516402e-01
1.459989e-01
1.414354e-01
1.377993e-01
1.349341e-01
1.326935e-01
1.309494e-01
1.295956e-01
1.285463e-01
1.277334e-01
1.271044e-01
1.266173e-01
1.262411e-01
1.259501e-01
1.257260e-01
1.255531e-01
1.254203e-01
1.253185e-01
1.252405e-01
1.251811e-01
1.251358e-01
1.251016e-01
1.250756e-01
1.250562e-01
1.250415e-01
1.250306e-01
1.250224e-01
1.250164e-01
1.250119e-01
1.250086e-01
1.250063e-01
1.250045e-01
1.250032e-01
1.250023e-01
1.250016e-01
1.250012e-01
1.250008e-01
1.250006e-01
1.250004e-01
1.250003e-01
1.250002e-01
1.250001e-01
1.250001e-01
1.250001e-01
1.250000e-01
1.250000e-01
1.250000e-01
1.250000e-01
1.250000e-01
1.250000e-01
1.250000e-01
1.250000e-01
1.250000e-01
1.250000e-01
1.250000e-01
1.250000e-01
1.250000e-01
1.250000e-01
1.250000e-01
1.250000e-01
1.250000e-01
1.250000e-01
1.250000e-01
1.250000e-01
1.250000e-01
1.250000e-01
1.250000e-01
1.250000e-01
1.250000e-01
1.250000e-01
1.250000e-01
1.250000e-01
1.250000e-01
1.250000e-01
1.250000e-01
1.250000e-01
1.250000e-01
1.250000e-01
1.250000e-01
1.250000e-01
1.250000e-01
1.250000e-01
1.250000e-01
1.250000e-01
1.250000e-01
1.250000e-01
1.250000e-01
1.250000e-01
1.250000e-01
1.250000e-01
1.250000e-01
1.250000e-01
1.250000e-01
1.250000e-01
1.250000e-01
1.250000e-01
1.250000e-01
1.250000e-01
1.250000e-01
1.250000e-01
1.250000e-01
1.250000e-01
1.250000e-01
1.250000e-01
1.250000e-01
1.250000e-01
1.250000e-01
1.250000e-01
1.250000e-01
1.250000e-01
1.250000e-01
1.250000e-01
1.250000e-01
1.250000e-01
1.250000e-01
1.250000e-01
1.250000e-01
1.250000e-01
1.250000e-01
1.250000e-01
1.250000e-01
1.250000e-01
1.250000e-01
1.250000e-01
1.250000e-01
1.250000e-01
1.250000e-01
1.250000e-01
1.250000e-01
1.250000e-01
1.250000e-01
1.250000e-01
1.250000e-01
1.250000e-01
1.250000e-01
1.250000e-01
1.250000e-01
1.250000e-01
1.250000e-01
1.250000e-01
1.250000e-01
1.250000e-01
1.250000e-01
1.250000e-01
1.250000e-01
1.250000e-01
1.250000e-01
1.250000e-01
1.250000e-01
1.250000e-01
1.250000e-01
1.250000e-01
1.250000e-01
1.250000e-01
1.250000e-01
1.250000e-01
1.250000e-01
1.250000e-01
1.250001e-01
1.250001e-01
1.250001e-01
1.250002e-01
1.250003e-01
1.250004e-01
1.250006e-01
1.250009e-01
1.250012e-01
1.250017e-01
1.250024e-01
1.250033e-01
1.250046e-01
1.250064e-01
1.250089e-01
1.250122e-01
1.250167e-01
1.250228e-01
1.250311e-01
1.250421e-01
1.250568e-01
1.250765e-01
1.251025e-01
1.251370e-01
1.251825e-01
1.252423e-01
1.253206e-01
1.254230e-01
1.255565e-01
1.257301e-01
1.259555e-01
1.262476e-01
1.266256e-01
1.271142e-01
1.277451e-01
1.285592e-01
1.296089e-01
1.309612e-01
1.327004e-01
1.349311e-01
1.377789e-01
1.413885e-01
1.459155e-01
1.515119e-01
1.583035e-01
1.663648e-01
1.756967e-01
1.862161e-01
1.977614e-01
2.101165e-01
2.230429e-01
2.363047e-01
2.496967e-01
2.630570e-01
2.762743e-01
2.892789e-01
3.020399e-01
3.145654e-01
3.268814e-01
3.390427e-01
3.511158e-01
3.631944e-01
3.753876e-01
3.878127e-01
4.006277e-01
4.139531e-01
4.279420e-01
4.427483e-01
4.584819e-01
4.752818e-01
4.932267e-01
