5.160583e-01
5.389251e-01
5.631167e-01
5.886790e-01
6.153757e-01
6.431356e-01
6.717449e-01
7.009354e-01
7.304599e-01
7.600223e-01
7.892512e-01
8.177932e-01
8.452515e-01
8.711863e-01
8.952025e-01
9.169144e-01
9.360080e-01
9.522692e-01
9.656293e-01
9.761706e-01
9.841260e-01
9.898508e-01
9.937712e-01
9.963244e-01
9.979072e-01
9.988444e-01
9.993772e-01
9.996699e-01
9.998266e-01
9.999091e-01
9.999521e-01
9.999746e-01
9.999864e-01
9.999926e-01
9.999959e-01
9.999977e-01
9.999987e-01
9.999993e-01
9.999996e-01
9.999998e-01
9.999999e-01
9.999999e-01
1.000000e+00
1.000000e+00
1.000000e+00
1.000000e+00
1.000000e+00
1.000000e+00
1.000000e+00
1.000000e+00
1.000000e+00
1.000000e+00
1.000000e+00
1.000000e+00
1.000000e+00
1.000000e+00
1.000000e+00
1.000000e+00
1.000000e+00
1.000000e+00
1.000000e+00
1.000000e+00
1.000000e+00
1.000000e+00
1.000000e+00
1.000000e+00
1.000000e+00
1.000000e+00
1.000000e+00
1.000000e+00
1.000000e+00
1.000000e+00
1.000000e+00
1.000000e+00
1.000000e+00
1.000000e+00
1.000000e+00
1.000000e+00
1.000000e+00
1.000000e+00
1.000000e+00
1.000000e+00
1.000000e+00
1.000000e+00
1.000000e+00
1.000000e+00
1.000000e+00
1.000000e+00
1.000000e+00
1.000000e+00
1.000000e+00
1.000000e+00
1.000000e+00
1.000000e+00
1.000000e+00
1.000000e+00
1.000000e+00
1.000000e+00
1.000000e+00
1.000000e+00
1.000000e+00
1.000000e+00
1.000000e+00
1.000000e+00
1.000000e+00
1.000000e+00
1.000000e+00
1.000000e+00
1.000000e+00
1.000000e+00
1.000000e+00
1.000000e+00
1.000000e+00
1.000000e+00
1.000000e+00
1.000000e+00
1.000000e+00
1.000000e+00
1.000000e+00
1.000000e+00
1.000000e+00
1.000000e+00
1.000000e+00
1.000000e+00
1.000000e+00
1.000000e+00
1.000000e+00
1.000000e+00
1.000000e+00
1.000000e+00
1.000000e+00
1.000000e+00
1.000000e+00
1.000000e+00
1.000000e+00
1.000000e+00
1.000000e+00
1.000000e+00
1.000000e+00
1.000000e+00
1.000000e+00
1.000000e+00
1.000000e+00
1.000000e+00
1.000000e+00
1.000000e+00
1.000000e+00
1.000000e+00
1.000000e+00
1.000000e+00
1.000000e+00
1.000000e+00
1.000000e+00
1.000000e+00
1.000000e+00
1.000000e+00
1.000000e+00
1.000000e+00
1.000000e+00
1.000000e+00
1.000000e+00
1.000000e+00
1.000000e+00
1.000000e+00
1.000000e+00
1.000000e+00
1.000000e+00
1.000000e+00
1.000000e+00
1.000000e+00
1.000000e+00
1.000000e+00
1.000000e+00
1.000000e+00
1.000000e+00
1.000000e+00
1.000000e+00
1.000000e+00
1.000000e+00
1.000000e+00
1.000000e+00
1.000000e+00
1.000000e+00
1.000000e+00
1.000000e+00
1.000000e+00
1.000000e+00
1.000000e+00
1.000000e+00
1.000000e+00
1.000000e+00
1.000000e+00
1.000000e+00
1.000000e+00
1.000000e+00
1.000000e+00
1.000000e+00
1.000000e+00
1.000000e+00
1.000000e+00
1.000000e+00
1.000000e+00
1.000000e+00
1.000000e+00
1.000000e+00
1.000000e+00
1.000000e+00
1.000000e+00
1.000000e+00
1.000000e+00
1.000000e+00
1.000000e+00
1.000000e+00
9.999999e-01
9.999999e-01
9.999998e-01
9.999997e-01
9.999995e-01
9.999990e-01
9.999983e-01
9.999970e-01
9.999946e-01
9.999901e-01
9.999819e-01
9.999666e-01
9.999382e-01
9.998853e-01
9.997874e-01
9.996081e-01
9.992852e-01
9.987161e-01
9.977416e-01
9.961286e-01
9.935628e-01
9.896544e-01
9.839680e-01
9.760701e-01
9.655933e-01
9.522880e-01
9.360599e-01
9.169705e-01
8.952349e-01
8.711711e-01
8.451721e-01
8.176436e-01
7.890330e-01
7.597457e-01
7.301388e-01
7.005874e-01
6.713908e-01
6.427898e-01
6.150573e-01
5.883964e-01
5.628884e-01
5.387443e-01
5.159562e-01
4.946318e-01
4.747308e-01
4.561740e-01
4.387996e-01
4.225039e-01
4.070601e-01
3.923481e-01
3.781476e-01
3.642821e-01
3.505899e-01
3.369317e-01
3.231961e-01
3.092879e-01
2.951642e-01
2.808070e-01
2.662496e-01
2.515788e-01
2.369346e-01
2.225157e-01
2.085710e-01
1.953766e-01
1.832050e-01
1.722915e-01
1.627919e-01
1.547600e-01
1.481508e-01
1.428393e-01
1.386516e-01
1.353969e-01
1.328926e-01
1.309777e-01
1.295194e-01
1.284110e-01
1.275699e-01
1.269323e-01
1.264496e-01
1.260846e-01
1.258090e-01
1.256016e-01
1.254457e-01
1.253290e-01
1.252419e-01
1.251771e-01
1.251291e-01
1.250937e-01
1.250677e-01
1.250487e-01
1.250348e-01
1.250248e-01
1.250176e-01
1.250124e-01
1.250087e-01
1.250061e-01
1.250042e-01
1.250029e-01
1.250020e-01
1.250014e-01
1.250009e-01
1.250006e-01
1.250004e-01
1.250003e-01
1.250002e-01
1.250001e-01
1.250001e-01
1.250001e-01
1.250000e-01
1.250000e-01
1.250000e-01
1.250000e-01
1.250000e-01
1.250000e-01
1.250000e-01
1.250000e-01
1.250000e-01
1.250000e-01
1.250000e-01
1.250000e-01
1.250000e-01
1.250000e-01
1.250000e-01
1.250000e-01
1.250000e-01
1.250000e-01
1.250000e-01
1.250000e-01
1.250000e-01
1.250000e-01
1.250000e-01
1.250000e-01
1.250000e-01
1.250000e-01
1.250000e-01
1.250000e-01
1.250000e-01
1.250000e-01
1.250000e-01
1.250000e-01
1.250000e-01
1.250000e-01
1.250000e-01
1.250000e-01
1.250000e-01
1.250000e-01
1.250000e-01
1.250000e-01
1.250000e-01
1.250000e-01
1.250000e-01
1.250000e-01
1.250000e-01
1.250000e-01
1.250000e-01
1.250000e-01
1.250000e-01
1.250000e-01
1.250000e-01
1.250000e-01
1.250000e-01
1.250000e-01
1.250000e-01
1.250000e-01
1.250000e-01
1.250000e-01
1.250000e-01
1.250000e-01
1.250000e-01
1.250000e-01
1.250000e-01
1.250000e-01
1.250000e-01
1.250000e-01
1.250000e-01
1.250000e-01
1.250000e-01
1.250000e-01
1.250000e-01
1.250000e-01
1.250000e-01
1.250000e-01
1.250000e-01
1.250000e-01
1.250000e-01
1.250000e-01
1.250000e-01
1.250000e-01
1.250000e-01
1.250000e-01
1.250000e-01
1.250000e-01
1.250000e-01
1.250000e-01
1.250000e-01
1.250000e-01
1.250000e-01
1.250000e-01
1.250000e-01
1.250000e-01
1.250000e-01
1.250000e-01
1.250000e-01
1.250000e-01
1.250000e-01
1.250000e-01
1.250000e-01
1.250000e-01
1.250000e-01
1.250000e-01
1.250000e-01
1.250000e-01
1.250000e-01
1.250000e-01
1.250000e-01
1.250000e-01
1.250000e-01
1.250000e-01
1.250000e-01
1.250000e-01
1.250000e-01
1.250000e-01
1.250000e-01
1.250000e-01
1.250000e-01
1.250000e-01
1.250000e-01
1.250000e-01
1.250000e-01
1.250000e-01
1.250000e-01
1.250000e-01
1.250000e-01
1.250000e-01
1.250001e-01
1.250001e-01
1.250001e-01
1.250002e-01
1.250003e-01
1.250005e-01
1.250007e-01
1.250010e-01
1.250015e-01
1.250021e-01
1.250031e-01
1.250044e-01
1.250063e-01
1.250090e-01
1.250128e-01
1.250181e-01
1.250254e-01
1.250356e-01
1.250496e-01
1.250688e-01
1.250950e-01
1.251307e-01
1.251790e-01
1.252443e-01
1.253319e-01
1.254494e-01
1.256061e-01
1.258148e-01
1.260918e-01
1.264586e-01
1.269435e-01
1.275832e-01
1.284260e-01
1.295349e-01
1.309915e-01
1.329002e-01
1.353917e-01
1.386240e-01
1.427777e-01
1.480437e-01
1.545991e-01
1.625758e-01
1.720272e-01
1.829056e-01
1.950587e-01
2.082543e-01
2.222164e-01
2.366621e-01
2.513365e-01
2.660362e-01
2.806186e-01
2.949918e-01
3.091264e-01
3.230391e-01
3.367754e-01
3.504311e-01
3.641231e-01
3.779910e-01
3.921916e-01
4.069128e-01
4.223759e-01
4.387013e-01
4.561283e-01
4.747329e-01
4.946986e-01
