5.000207e-01
5.134725e-01
5.276180e-01
5.424568e-01
5.579789e-01
5.741616e-01
5.909721e-01
6.083833e-01
6.263431e-01
6.448079e-01
6.637293e-01
6.830233e-01
7.026393e-01
7.224950e-01
7.424992e-01
7.625636e-01
7.825702e-01
8.024118e-01
8.219578e-01
8.410688e-01
8.596015e-01
8.773924e-01
8.942902e-01
9.101383e-01
9.247915e-01
9.381219e-01
9.500315e-01
9.604552e-01
9.693772e-01
9.768278e-01
9.828862e-01
9.876746e-01
9.913486e-01
9.940815e-01
9.960524e-01
9.974303e-01
9.983649e-01
9.989809e-01
9.993763e-01
9.996240e-01
9.997760e-01
9.998677e-01
9.999222e-01
9.999544e-01
9.999732e-01
9.999842e-01
9.999907e-01
9.999944e-01
9.999967e-01
9.999980e-01
9.999988e-01
9.999992e-01
9.999995e-01
9.999997e-01
9.999998e-01
9.999999e-01
9.999999e-01
1.000000e+00
1.000000e+00
1.000000e+00
1.000000e+00
1.000000e+00
1.000000e+00
1.000000e+00
1.000000e+00
1.000000e+00
1.000000e+00
1.000000e+00
1.000000e+00
1.000000e+00
1.000000e+00
1.000000e+00
1.000000e+00
1.000000e+00
1.000000e+00
1.000000e+00
1.000000e+00
1.000000e+00
1.000000e+00
1.000000e+00
1.000000e+00
1.000000e+00
1.000000e+00
1.000000e+00
1.000000e+00
1.000000e+00
1.000000e+00
1.000000e+00
1.000000e+00
1.000000e+00
1.000000e+00
1.000000e+00
1.000000e+00
1.000000e+00
1.000000e+00
1.000000e+00
1.000000e+00
1.000000e+00
1.000000e+00
1.000000e+00
1.000000e+00
1.000000e+00
1.000000e+00
1.000000e+00
1.000000e+00
1.000000e+00
1.000000e+00
1.000000e+00
1.000000e+00
1.000000e+00
1.000000e+00
1.000000e+00
1.000000e+00
1.000000e+00
1.000000e+00
1.000000e+00
1.000000e+00
1.000000e+00
1.000000e+00
1.000000e+00
1.000000e+00
1.000000e+00
1.000000e+00
1.000000e+00
1.000000e+00
1.000000e+00
1.000000e+00
1.000000e+00
1.000000e+00
1.000000e+00
1.000000e+00
1.000000e+00
1.000000e+00
1.000000e+00
1.000000e+00
1.000000e+00
1.000000e+00
1.000000e+00
1.000000e+00
1.000000e+00
1.000000e+00
1.000000e+00
1.000000e+00
1.000000e+00
1.000000e+00
1.000000e+00
1.000000e+00
1.000000e+00
1.000000e+00
1.000000e+00
1.000000e+00
1.000000e+00
1.000000e+00
1.000000e+00
1.000000e+00
1.000000e+00
1.000000e+00
1.000000e+00
1.000000e+00
1.000000e+00
1.000000e+00
1.000000e+00
1.000000e+00
1.000000e+00
1.000000e+00
1.000000e+00
1.000000e+00
1.000000e+00
1.000000e+00
1.000000e+00
1.000000e+00
1.000000e+00
1.000000e+00
1.000000e+00
1.000000e+00
1.000000e+00
1.000000e+00
1.000000e+00
1.000000e+00
1.000000e+00
1.000000e+00
1.000000e+00
1.000000e+00
1.000000e+00
1.000000e+00
1.000000e+00
1.000000e+00
1.000000e+00
1.000000e+00
1.000000e+00
1.000000e+00
1.000000e+00
1.000000e+00
1.000000e+00
1.000000e+00
1.000000e+00
1.000000e+00
1.000000e+00
9.999999e-01
9.999999e-01
9.999999e-01
9.999998e-01
9.999996e-01
9.999994e-01
9.999990e-01
9.999984e-01
9.999974e-01
9.999957e-01
9.999929e-01
9.999881e-01
9.999801e-01
9.999666e-01
9.999439e-01
9.999061e-01
9.998434e-01
9.997405e-01
9.995738e-01
9.993080e-01
9.988919e-01
9.982540e-01
9.972989e-01
9.959051e-01
9.939262e-01
9.911955e-01
9.875352e-01
9.827709e-01
9.767442e-01
9.693287e-01
9.604405e-01
9.500449e-01
9.381544e-01
9.248324e-01
9.101765e-01
8.943151e-01
8.773953e-01
8.595754e-01
8.410094e-01
8.218626e-01
8.022813e-01
7.824063e-01
7.623697e-01
7.422796e-01
7.222550e-01
7.023854e-01
6.827610e-01
6.634644e-01
6.445461e-01
6.260890e-01
6.081415e-01
5.907485e-01
5.739568e-01
5.577967e-01
5.422995e-01
5.274875e-01
5.133683e-01
4.999492e-01
4.872209e-01
4.751842e-01
4.637813e-01
4.529963e-01
4.427967e-01
4.330936e-01
4.238567e-01
4.150231e-01
4.064951e-01
3.982367e-01
3.901718e-01
3.822359e-01
3.743931e-01
3.665795e-01
3.587731e-01
3.509429e-01
3.430586e-01
3.351127e-01
3.270853e-01
3.189670e-01
3.107413e-01
3.023891e-01
2.938972e-01
2.852432e-01
2.764085e-01
2.673792e-01
2.581506e-01
2.487325e-01
2.391526e-01
2.294631e-01
2.197416e-01
2.100914e-01
2.006374e-01
1.915162e-01
1.828673e-01
1.748157e-01
1.674611e-01
1.608687e-01
1.550648e-01
1.500385e-01
1.457477e-01
1.421283e-01
1.391042e-01
1.365957e-01
1.345250e-01
1.328217e-01
1.314233e-01
1.302758e-01
1.293348e-01
1.285630e-01
1.279291e-01
1.274084e-01
1.269808e-01
1.266287e-01
1.263388e-01
1.261007e-01
1.259043e-01
1.257422e-01
1.256092e-01
1.254996e-01
1.254090e-01
1.253348e-01
1.252740e-01
1.252234e-01
1.251823e-01
1.251487e-01
1.251208e-01
1.250981e-01
1.250797e-01
1.250645e-01
1.250521e-01
1.250422e-01
1.250340e-01
1.250273e-01
1.250220e-01
1.250176e-01
1.250141e-01
1.250113e-01
1.250090e-01
1.250071e-01
1.250057e-01
1.250045e-01
1.250036e-01
1.250028e-01
1.250022e-01
1.250018e-01
1.250014e-01
1.250011e-01
1.250008e-01
1.250007e-01
1.250005e-01
1.250004e-01
1.250003e-01
1.250002e-01
1.250002e-01
1.250001e-01
1.250001e-01
1.250001e-01
1.250001e-01
1.250000e-01
1.250000e-01
1.250000e-01
1.250000e-01
1.250000e-01
1.250000e-01
1.250000e-01
1.250000e-01
1.250000e-01
1.250000e-01
1.250000e-01
1.250000e-01
1.250000e-01
1.250000e-01
1.250000e-01
1.250000e-01
1.250000e-01
1.250000e-01
1.250000e-01
1.250000e-01
1.250000e-01
1.250000e-01
1.250000e-01
1.250000e-01
1.250000e-01
1.250000e-01
1.250000e-01
1.250000e-01
1.250000e-01
1.250000e-01
1.250000e-01
1.250000e-01
1.250000e-01
1.250000e-01
1.250000e-01
1.250000e-01
1.250000e-01
1.250000e-01
1.250000e-01
1.250000e-01
1.250000e-01
1.250000e-01
1.250000e-01
1.250000e-01
1.250000e-01
1.250000e-01
1.250000e-01
1.250000e-01
1.250000e-01
1.250000e-01
1.250000e-01
1.250000e-01
1.250000e-01
1.250000e-01
1.250000e-01
1.250000e-01
1.250000e-01
1.250001e-01
1.250001e-01
1.250001e-01
1.250001e-01
1.250001e-01
1.250002e-01
1.250002e-01
1.250003e-01
1.250004e-01
1.250005e-01
1.250007e-01
1.250009e-01
1.250011e-01
1.250014e-01
1.250018e-01
1.250023e-01
1.250029e-01
1.250036e-01
1.250046e-01
1.250057e-01
1.250072e-01
1.250090e-01
1.250113e-01
1.250142e-01
1.250177e-01
1.250221e-01
1.250274e-01
1.250341e-01
1.250423e-01
1.250523e-01
1.250647e-01
1.250799e-01
1.250985e-01
1.251212e-01
1.251490e-01
1.251829e-01
1.252242e-01
1.252746e-01
1.253359e-01
1.254104e-01
1.255010e-01
1.256111e-01
1.257447e-01
1.259070e-01
1.261040e-01
1.263431e-01
1.266335e-01
1.269863e-01
1.274150e-01
1.279363e-01
1.285706e-01
1.293429e-01
1.302833e-01
1.314291e-01
1.328246e-01
1.345224e-01
1.365841e-01
1.390799e-01
1.420861e-01
1.456824e-01
1.499453e-01
1.549400e-01
1.607111e-01
1.672726e-01
1.746014e-01
1.826350e-01
1.912749e-01
2.003956e-01
2.098572e-01
2.195219e-01
2.292621e-01
2.389719e-01
2.485711e-01
2.580066e-01
2.672504e-01
2.762911e-01
2.851341e-01
2.937937e-01
3.022888e-01
3.106407e-01
3.188652e-01
3.269830e-01
3.350052e-01
3.429481e-01
3.508268e-01
3.586562e-01
3.664571e-01
3.742706e-01
3.821096e-01
3.900479e-01
3.981187e-01
4.063829e-01
4.149236e-01
4.237697e-01
4.330244e-01
4.427475e-01
4.529683e-01
4.637804e-01
4.752091e-01
4.872719e-01
