5.119391e-01
5.320781e-01
5.533306e-01
5.757724e-01
5.992687e-01
6.237377e-01
6.490421e-01
6.750448e-01
7.015561e-01
7.283809e-01
7.553060e-01
7.820472e-01
8.083524e-01
8.339091e-01
8.583988e-01
8.814843e-01
9.028508e-01
9.222008e-01
9.392943e-01
9.539670e-01
9.661664e-01
9.759523e-01
9.835020e-01
9.890861e-01
9.930400e-01
9.957169e-01
9.974509e-01
9.985274e-01
9.991704e-01
9.995415e-01
9.997499e-01
9.998645e-01
9.999267e-01
9.999602e-01
9.999782e-01
9.999880e-01
9.999933e-01
9.999962e-01
9.999978e-01
9.999988e-01
9.999993e-01
9.999996e-01
9.999997e-01
9.999998e-01
9.999999e-01
9.999999e-01
1.000000e+00
1.000000e+00
1.000000e+00
1.000000e+00
1.000000e+00
1.000000e+00
1.000000e+00
1.000000e+00
1.000000e+00
1.000000e+00
1.000000e+00
1.000000e+00
1.000000e+00
1.000000e+00
1.000000e+00
1.000000e+00
1.000000e+00
1.000000e+00
1.000000e+00
1.000000e+00
1.000000e+00
1.000000e+00
1.000000e+00
1.000000e+00
1.000000e+00
1.000000e+00
1.000000e+00
1.000000e+00
1.000000e+00
1.000000e+00
1.000000e+00
1.000000e+00
1.000000e+00
1.000000e+00
1.000000e+00
1.000000e+00
1.000000e+00
1.000000e+00
1.000000e+00
1.000000e+00
1.000000e+00
1.000000e+00
1.000000e+00
1.000000e+00
1.000000e+00
1.000000e+00
1.000000e+00
1.000000e+00
1.000000e+00
1.000000e+00
1.000000e+00
1.000000e+00
1.000000e+00
1.000000e+00
1.000000e+00
1.000000e+00
1.000000e+00
1.000000e+00
1.000000e+00
1.000000e+00
1.000000e+00
1.000000e+00
1.000000e+00
1.000000e+00
1.000000e+00
1.000000e+00
1.000000e+00
1.000000e+00
1.000000e+00
1.000000e+00
1.000000e+00
1.000000e+00
1.000000e+00
1.000000e+00
1.000000e+00
1.000000e+00
1.000000e+00
1.000000e+00
1.000000e+00
1.000000e+00
1.000000e+00
1.000000e+00
1.000000e+00
1.000000e+00
1.000000e+00
1.000000e+00
1.000000e+00
1.000000e+00
1.000000e+00
1.000000e+00
1.000000e+00
1.000000e+00
1.000000e+00
1.000000e+00
1.000000e+00
1.000000e+00
1.000000e+00
1.000000e+00
1.000000e+00
1.000000e+00
1.000000e+00
1.000000e+00
1.000000e+00
1.000000e+00
1.000000e+00
1.000000e+00
1.000000e+00
1.000000e+00
1.000000e+00
1.000000e+00
1.000000e+00
1.000000e+00
1.000000e+00
1.000000e+00
1.000000e+00
1.000000e+00
1.000000e+00
1.000000e+00
1.000000e+00
1.000000e+00
1.000000e+00
1.000000e+00
1.000000e+00
1.000000e+00
1.000000e+00
1.000000e+00
1.000000e+00
1.000000e+00
1.000000e+00
1.000000e+00
1.000000e+00
1.000000e+00
1.000000e+00
1.000000e+00
1.000000e+00
1.000000e+00
1.000000e+00
1.000000e+00
1.000000e+00
1.000000e+00
1.000000e+00
1.000000e+00
1.000000e+00
1.000000e+00
1.000000e+00
1.000000e+00
1.000000e+00
1.000000e+00
1.000000e+00
1.000000e+00
1.000000e+00
1.000000e+00
1.000000e+00
1.000000e+00
1.000000e+00
1.000000e+00
1.000000e+00
1.000000e+00
1.000000e+00
1.000000e+00
1.000000e+00
1.000000e+00
1.000000e+00
1.000000e+00
9.999999e-01
9.999999e-01
9.999998e-01
9.999997e-01
9.999994e-01
9.999991e-01
9.999984e-01
9.999972e-01
9.999950e-01
9.999911e-01
9.999842e-01
9.999717e-01
9.999490e-01
9.999080e-01
9.998341e-01
9.997024e-01
9.994705e-01
9.990698e-01
9.983939e-01
9.972859e-01
9.955294e-01
9.928459e-01
9.889066e-01
9.833579e-01
9.758590e-01
9.661288e-01
9.539784e-01
9.393382e-01
9.222547e-01
9.028921e-01
8.814922e-01
8.583578e-01
8.338093e-01
8.081925e-01
7.818310e-01
7.550409e-01
7.280797e-01
7.012312e-01
6.747126e-01
6.487138e-01
6.234265e-01
5.989889e-01
5.755248e-01
5.531305e-01
5.319203e-01
5.118443e-01
4.929824e-01
4.753200e-01
4.587737e-01
4.432746e-01
4.286745e-01
4.148816e-01
4.017266e-01
3.890857e-01
3.768185e-01
3.647858e-01
3.528773e-01
3.409886e-01
3.290192e-01
3.169098e-01
3.046012e-01
2.920682e-01
2.792974e-01
2.663060e-01
2.531529e-01
2.399326e-01
2.267855e-01
2.138967e-01
2.014859e-01
1.897840e-01
1.790138e-01
1.693552e-01
1.609182e-01
1.537343e-01
1.477590e-01
1.428885e-01
1.389825e-01
1.358882e-01
1.334578e-01
1.315594e-01
1.300812e-01
1.289325e-01
1.280402e-01
1.273480e-01
1.268107e-01
1.263943e-01
1.260716e-01
1.258218e-01
1.256290e-01
1.254798e-01
1.253654e-01
1.252771e-01
1.252097e-01
1.251581e-01
1.251188e-01
1.250890e-01
1.250664e-01
1.250494e-01
1.250365e-01
1.250270e-01
1.250198e-01
1.250145e-01
1.250106e-01
1.250077e-01
1.250056e-01
1.250040e-01
1.250029e-01
1.250021e-01
1.250015e-01
1.250010e-01
1.250007e-01
1.250005e-01
1.250004e-01
1.250003e-01
1.250002e-01
1.250001e-01
1.250001e-01
1.250001e-01
1.250000e-01
1.250000e-01
1.250000e-01
1.250000e-01
1.250000e-01
1.250000e-01
1.250000e-01
1.250000e-01
1.250000e-01
1.250000e-01
1.250000e-01
1.250000e-01
1.250000e-01
1.250000e-01
1.250000e-01
1.250000e-01
1.250000e-01
1.250000e-01
1.250000e-01
1.250000e-01
1.250000e-01
1.250000e-01
1.250000e-01
1.250000e-01
1.250000e-01
1.250000e-01
1.250000e-01
1.250000e-01
1.250000e-01
1.250000e-01
1.250000e-01
1.250000e-01
1.250000e-01
1.250000e-01
1.250000e-01
1.250000e-01
1.250000e-01
1.250000e-01
1.250000e-01
1.250000e-01
1.250000e-01
1.250000e-01
1.250000e-01
1.250000e-01
1.250000e-01
1.250000e-01
1.250000e-01
1.250000e-01
1.250000e-01
1.250000e-01
1.250000e-01
1.250000e-01
1.250000e-01
1.250000e-01
1.250000e-01
1.250000e-01
1.250000e-01
1.250000e-01
1.250000e-01
1.250000e-01
1.250000e-01
1.250000e-01
1.250000e-01
1.250000e-01
1.250000e-01
1.250000e-01
1.250000e-01
1.250000e-01
1.250000e-01
1.250000e-01
1.250000e-01
1.250000e-01
1.250000e-01
1.250000e-01
1.250000e-01
1.250000e-01
1.250000e-01
1.250000e-01
1.250000e-01
1.250000e-01
1.250000e-01
1.250000e-01
1.250000e-01
1.250000e-01
1.250000e-01
1.250000e-01
1.250000e-01
1.250000e-01
1.250000e-01
1.250000e-01
1.250000e-01
1.250000e-01
1.250000e-01
1.250000e-01
1.250000e-01
1.250000e-01
1.250000e-01
1.250000e-01
1.250000e-01
1.250000e-01
1.250000e-01
1.250000e-01
1.250000e-01
1.250000e-01
1.250000e-01
1.250000e-01
1.250000e-01
1.250000e-01
1.250000e-01
1.250000e-01
1.250000e-01
1.250000e-01
1.250001e-01
1.250001e-01
1.250001e-01
1.250002e-01
1.250003e-01
1.250004e-01
1.250005e-01
1.250008e-01
1.250011e-01
1.250015e-01
1.250021e-01
1.250030e-01
1.250041e-01
1.250057e-01
1.250079e-01
1.250108e-01
1.250148e-01
1.250202e-01
1.250274e-01
1.250371e-01
1.250500e-01
1.250671e-01
1.250898e-01
1.251199e-01
1.251594e-01
1.252112e-01
1.252790e-01
1.253676e-01
1.254828e-01
1.256325e-01
1.258264e-01
1.260774e-01
1.264014e-01
1.268195e-01
1.273584e-01
1.280523e-01
1.289453e-01
1.300940e-01
1.315695e-01
1.334616e-01
1.358799e-01
1.389541e-01
1.428306e-01
1.476622e-01
1.535912e-01
1.607264e-01
1.691190e-01
1.787435e-01
1.894928e-01
2.011883e-01
2.136081e-01
2.265174e-01
2.396902e-01
2.529378e-01
2.661149e-01
2.791268e-01
2.919132e-01
3.044548e-01
3.167674e-01
3.288779e-01
3.408468e-01
3.527322e-01
3.646364e-01
3.766669e-01
3.889317e-01
4.015843e-01
4.147516e-01
4.285698e-01
4.432003e-01
4.587387e-01
4.753309e-01
4.930434e-01
