5.093484e-01
5.278698e-01
5.474031e-01
5.680205e-01
5.896162e-01
6.120903e-01
6.354048e-01
6.594262e-01
6.840008e-01
7.090091e-01
7.342604e-01
7.595793e-01
7.847291e-01
8.094933e-01
8.336077e-01
8.568069e-01
8.787964e-01
8.993058e-01
9.180700e-01
9.348669e-01
9.495244e-01
9.619608e-01
9.721836e-01
9.802994e-01
9.865053e-01
9.910650e-01
9.942809e-01
9.964567e-01
9.978703e-01
9.987538e-01
9.992870e-01
9.995991e-01
9.997772e-01
9.998770e-01
9.999322e-01
9.999625e-01
9.999791e-01
9.999883e-01
9.999934e-01
9.999962e-01
9.999978e-01
9.999987e-01
9.999992e-01
9.999996e-01
9.999997e-01
9.999998e-01
9.999999e-01
9.999999e-01
1.000000e+00
1.000000e+00
1.000000e+00
1.000000e+00
1.000000e+00
1.000000e+00
1.000000e+00
1.000000e+00
1.000000e+00
1.000000e+00
1.000000e+00
1.000000e+00
1.000000e+00
1.000000e+00
1.000000e+00
1.000000e+00
1.000000e+00
1.000000e+00
1.000000e+00
1.000000e+00
1.000000e+00
1.000000e+00
1.000000e+00
1.000000e+00
1.000000e+00
1.000000e+00
1.000000e+00
1.000000e+00
1.000000e+00
1.000000e+00
1.000000e+00
1.000000e+00
1.000000e+00
1.000000e+00
1.000000e+00
1.000000e+00
1.000000e+00
1.000000e+00
1.000000e+00
1.000000e+00
1.000000e+00
1.000000e+00
1.000000e+00
1.000000e+00
1.000000e+00
1.000000e+00
1.000000e+00
1.000000e+00
1.000000e+00
1.000000e+00
1.000000e+00
1.000000e+00
1.000000e+00
1.000000e+00
1.000000e+00
1.000000e+00
1.000000e+00
1.000000e+00
1.000000e+00
1.000000e+00
1.000000e+00
1.000000e+00
1.000000e+00
1.000000e+00
1.000000e+00
1.000000e+00
1.000000e+00
1.000000e+00
1.000000e+00
1.000000e+00
1.000000e+00
1.000000e+00
1.000000e+00
1.000000e+00
1.000000e+00
1.000000e+00
1.000000e+00
1.000000e+00
1.000000e+00
1.000000e+00
1.000000e+00
1.000000e+00
1.000000e+00
1.000000e+00
1.000000e+00
1.000000e+00
1.000000e+00
1.000000e+00
1.000000e+00
1.000000e+00
1.000000e+00
1.000000e+00
1.000000e+00
1.000000e+00
1.000000e+00
1.000000e+00
1.000000e+00
1.000000e+00
1.000000e+00
1.000000e+00
1.000000e+00
1.000000e+00
1.000000e+00
1.000000e+00
1.000000e+00
1.000000e+00
1.000000e+00
1.000000e+00
1.000000e+00
1.000000e+00
1.000000e+00
1.000000e+00
1.000000e+00
1.000000e+00
1.000000e+00
1.000000e+00
1.000000e+00
1.000000e+00
1.000000e+00
1.000000e+00
1.000000e+00
1.000000e+00
1.000000e+00
1.000000e+00
1.000000e+00
1.000000e+00
1.000000e+00
1.000000e+00
1.000000e+00
1.000000e+00
1.000000e+00
1.000000e+00
1.000000e+00
1.000000e+00
1.000000e+00
1.000000e+00
1.000000e+00
1.000000e+00
1.000000e+00
1.000000e+00
1.000000e+00
1.000000e+00
1.000000e+00
1.000000e+00
1.000000e+00
1.000000e+00
1.000000e+00
1.000000e+00
1.000000e+00
1.000000e+00
1.000000e+00
1.000000e+00
1.000000e+00
1.000000e+00
1.000000e+00
1.000000e+00
1.000000e+00
1.000000e+00
1.000000e+00
1.000000e+00
9.999999e-01
9.999999e-01
9.999998e-01
9.999997e-01
9.999994e-01
9.999990e-01
9.999983e-01
9.999971e-01
9.999950e-01
9.999913e-01
9.999847e-01
9.999731e-01
9.999523e-01
9.999153e-01
9.998500e-01
9.997353e-01
9.995368e-01
9.991989e-01
9.986359e-01
9.977224e-01
9.962844e-01
9.940959e-01
9.908844e-01
9.863480e-01
9.801819e-01
9.721156e-01
9.619425e-01
9.495465e-01
9.349131e-01
9.181208e-01
8.993413e-01
8.787997e-01
8.567653e-01
8.335134e-01
8.093443e-01
7.845291e-01
7.593343e-01
7.339798e-01
7.087035e-01
6.836845e-01
6.591084e-01
6.350978e-01
6.118042e-01
5.893574e-01
5.677947e-01
5.472204e-01
5.277251e-01
5.092582e-01
4.918628e-01
4.755302e-01
4.601843e-01
4.457979e-01
4.322102e-01
4.193898e-01
4.071488e-01
3.954310e-01
3.840620e-01
3.729713e-01
3.620293e-01
3.511549e-01
3.402667e-01
3.292905e-01
3.181811e-01
3.068858e-01
2.953788e-01
2.836407e-01
2.716733e-01
2.595037e-01
2.471874e-01
2.348176e-01
2.225265e-01
2.104846e-01
1.988899e-01
1.879488e-01
1.778587e-01
1.687757e-01
1.607970e-01
1.539520e-01
1.482055e-01
1.434705e-01
1.396279e-01
1.365451e-01
1.340920e-01
1.321506e-01
1.306189e-01
1.294126e-01
1.284633e-01
1.277162e-01
1.271288e-01
1.266663e-01
1.263030e-01
1.260173e-01
1.257928e-01
1.256169e-01
1.254786e-01
1.253709e-01
1.252865e-01
1.252208e-01
1.251698e-01
1.251300e-01
1.250995e-01
1.250757e-01
1.250576e-01
1.250436e-01
1.250329e-01
1.250248e-01
1.250186e-01
1.250139e-01
1.250103e-01
1.250077e-01
1.250057e-01
1.250042e-01
1.250031e-01
1.250023e-01
1.250016e-01
1.250012e-01
1.250009e-01
1.250006e-01
1.250005e-01
1.250003e-01
1.250002e-01
1.250002e-01
1.250001e-01
1.250001e-01
1.250001e-01
1.250000e-01
1.250000e-01
1.250000e-01
1.250000e-01
1.250000e-01
1.250000e-01
1.250000e-01
1.250000e-01
1.250000e-01
1.250000e-01
1.250000e-01
1.250000e-01
1.250000e-01
1.250000e-01
1.250000e-01
1.250000e-01
1.250000e-01
1.250000e-01
1.250000e-01
1.250000e-01
1.250000e-01
1.250000e-01
1.250000e-01
1.250000e-01
1.250000e-01
1.250000e-01
1.250000e-01
1.250000e-01
1.250000e-01
1.250000e-01
1.250000e-01
1.250000e-01
1.250000e-01
1.250000e-01
1.250000e-01
1.250000e-01
1.250000e-01
1.250000e-01
1.250000e-01
1.250000e-01
1.250000e-01
1.250000e-01
1.250000e-01
1.250000e-01
1.250000e-01
1.250000e-01
1.250000e-01
1.250000e-01
1.250000e-01
1.250000e-01
1.250000e-01
1.250000e-01
1.250000e-01
1.250000e-01
1.250000e-01
1.250000e-01
1.250000e-01
1.250000e-01
1.250000e-01
1.250000e-01
1.250000e-01
1.250000e-01
1.250000e-01
1.250000e-01
1.250000e-01
1.250000e-01
1.250000e-01
1.250000e-01
1.250000e-01
1.250000e-01
1.250000e-01
1.250000e-01
1.250000e-01
1.250000e-01
1.250000e-01
1.250000e-01
1.250000e-01
1.250000e-01
1.250000e-01
1.250000e-01
1.250000e-01
1.250000e-01
1.250000e-01
1.250000e-01
1.250000e-01
1.250000e-01
1.250000e-01
1.250000e-01
1.250000e-01
1.250000e-01
1.250000e-01
1.250000e-01
1.250000e-01
1.250000e-01
1.250000e-01
1.250000e-01
1.250000e-01
1.250000e-01
1.250000e-01
1.250000e-01
1.250000e-01
1.250000e-01
1.250001e-01
1.250001e-01
1.250001e-01
1.250002e-01
1.250002e-01
1.250003e-01
1.250005e-01
1.250007e-01
1.250009e-01
1.250012e-01
1.250017e-01
1.250023e-01
1.250032e-01
1.250043e-01
1.250058e-01
1.250078e-01
1.250105e-01
1.250141e-01
1.250188e-01
1.250251e-01
1.250333e-01
1.250440e-01
1.250581e-01
1.250764e-01
1.251002e-01
1.251310e-01
1.251708e-01
1.252221e-01
1.252881e-01
1.253728e-01
1.254812e-01
1.256198e-01
1.257967e-01
1.260220e-01
1.263089e-01
1.266737e-01
1.271374e-01
1.277264e-01
1.284745e-01
1.294243e-01
1.306297e-01
1.321581e-01
1.340926e-01
1.365331e-01
1.395962e-01
1.434109e-01
1.481096e-01
1.538135e-01
1.606137e-01
1.685512e-01
1.776020e-01
1.876719e-01
1.986054e-01
2.102061e-01
2.222651e-01
2.345795e-01
2.469746e-01
2.593144e-01
2.715052e-01
2.834884e-01
2.952368e-01
3.067506e-01
3.180500e-01
3.291599e-01
3.401319e-01
3.510147e-01
3.618879e-01
3.728250e-01
3.839154e-01
3.952904e-01
4.070160e-01
4.192748e-01
4.321150e-01
4.457355e-01
4.601555e-01
4.755463e-01
4.919211e-01
