5.144489e-01
5.362334e-01
5.592510e-01
5.835684e-01
6.089836e-01
6.354475e-01
6.627625e-01
6.906984e-01
7.190690e-01
7.476044e-01
7.759861e-01
8.039174e-01
8.310362e-01
8.569727e-01
8.813368e-01
9.037662e-01
9.239285e-01
9.415550e-01
9.564884e-01
9.686980e-01
9.782939e-01
9.855161e-01
9.907081e-01
9.942670e-01
9.965922e-01
9.980418e-01
9.989070e-01
9.994037e-01
9.996799e-01
9.998297e-01
9.999096e-01
9.999518e-01
9.999742e-01
9.999860e-01
9.999923e-01
9.999958e-01
9.999976e-01
9.999987e-01
9.999992e-01
9.999996e-01
9.999997e-01
9.999998e-01
9.999999e-01
9.999999e-01
1.000000e+00
1.000000e+00
1.000000e+00
1.000000e+00
1.000000e+00
1.000000e+00
1.000000e+00
1.000000e+00
1.000000e+00
1.000000e+00
1.000000e+00
1.000000e+00
1.000000e+00
1.000000e+00
1.000000e+00
1.000000e+00
1.000000e+00
1.000000e+00
1.000000e+00
1.000000e+00
1.000000e+00
1.000000e+00
1.000000e+00
1.000000e+00
1.000000e+00
1.000000e+00
1.000000e+00
1.000000e+00
1.000000e+00
1.000000e+00
1.000000e+00
1.000000e+00
1.000000e+00
1.000000e+00
1.000000e+00
1.000000e+00
1.000000e+00
1.000000e+00
1.000000e+00
1.000000e+00
1.000000e+00
1.000000e+00
1.000000e+00
1.000000e+00
1.000000e+00
1.000000e+00
1.000000e+00
1.000000e+00
1.000000e+00
1.000000e+00
1.000000e+00
1.000000e+00
1.000000e+00
1.000000e+00
1.000000e+00
1.000000e+00
1.000000e+00
1.000000e+00
1.000000e+00
1.000000e+00
1.000000e+00
1.000000e+00
1.000000e+00
1.000000e+00
1.000000e+00
1.000000e+00
1.000000e+00
1.000000e+00
1.000000e+00
1.000000e+00
1.000000e+00
1.000000e+00
1.000000e+00
1.000000e+00
1.000000e+00
1.000000e+00
1.000000e+00
1.000000e+00
1.000000e+00
1.000000e+00
1.000000e+00
1.000000e+00
1.000000e+00
1.000000e+00
1.000000e+00
1.000000e+00
1.000000e+00
1.000000e+00
1.000000e+00
1.000000e+00
1.000000e+00
1.000000e+00
1.000000e+00
1.000000e+00
1.000000e+00
1.000000e+00
1.000000e+00
1.000000e+00
1.000000e+00
1.000000e+00
1.000000e+00
1.000000e+00
1.000000e+00
1.000000e+00
1.000000e+00
1.000000e+00
1.000000e+00
1.000000e+00
1.000000e+00
1.000000e+00
1.000000e+00
1.000000e+00
1.000000e+00
1.000000e+00
1.000000e+00
1.000000e+00
1.000000e+00
1.000000e+00
1.000000e+00
1.000000e+00
1.000000e+00
1.000000e+00
1.000000e+00
1.000000e+00
1.000000e+00
1.000000e+00
1.000000e+00
1.000000e+00
1.000000e+00
1.000000e+00
1.000000e+00
1.000000e+00
1.000000e+00
1.000000e+00
1.000000e+00
1.000000e+00
1.000000e+00
1.000000e+00
1.000000e+00
1.000000e+00
1.000000e+00
1.000000e+00
1.000000e+00
1.000000e+00
1.000000e+00
1.000000e+00
1.000000e+00
1.000000e+00
1.000000e+00
1.000000e+00
1.000000e+00
1.000000e+00
1.000000e+00
1.000000e+00
1.000000e+00
1.000000e+00
1.000000e+00
1.000000e+00
1.000000e+00
1.000000e+00
1.000000e+00
1.000000e+00
1.000000e+00
1.000000e+00
1.000000e+00
1.000000e+00
1.000000e+00
1.000000e+00
9.999999e-01
9.999999e-01
9.999998e-01
9.999997e-01
9.999994e-01
9.999990e-01
9.999982e-01
9.999968e-01
9.999943e-01
9.999898e-01
9.999815e-01
9.999663e-01
9.999382e-01
9.998865e-01
9.997920e-01
9.996211e-01
9.993166e-01
9.987856e-01
9.978847e-01
9.964050e-01
9.940647e-01
9.905126e-01
9.853521e-01
9.781810e-01
9.686461e-01
9.564923e-01
9.415978e-01
9.239849e-01
9.038102e-01
8.813438e-01
8.569254e-01
8.309235e-01
8.037387e-01
7.757471e-01
7.473144e-01
7.187444e-01
6.903553e-01
6.624167e-01
6.351151e-01
6.086810e-01
5.832988e-01
5.590338e-01
5.360621e-01
5.143494e-01
4.940057e-01
4.749983e-01
4.572414e-01
4.406144e-01
4.249928e-01
4.102043e-01
3.961174e-01
3.825346e-01
3.693215e-01
3.563088e-01
3.433649e-01
3.303733e-01
3.172555e-01
3.039366e-01
2.903902e-01
2.766079e-01
2.626301e-01
2.485438e-01
2.344838e-01
2.206379e-01
2.072396e-01
1.945462e-01
1.828117e-01
1.722560e-01
1.630254e-01
1.551750e-01
1.486695e-01
1.433994e-01
1.392085e-01
1.359220e-01
1.333700e-01
1.314010e-01
1.298875e-01
1.287268e-01
1.278376e-01
1.271572e-01
1.266366e-01
1.262393e-01
1.259358e-01
1.257050e-01
1.255292e-01
1.253962e-01
1.252955e-01
1.252196e-01
1.251626e-01
1.251199e-01
1.250881e-01
1.250644e-01
1.250469e-01
1.250340e-01
1.250246e-01
1.250176e-01
1.250126e-01
1.250090e-01
1.250064e-01
1.250045e-01
1.250032e-01
1.250022e-01
1.250015e-01
1.250011e-01
1.250007e-01
1.250005e-01
1.250003e-01
1.250002e-01
1.250002e-01
1.250001e-01
1.250001e-01
1.250000e-01
1.250000e-01
1.250000e-01
1.250000e-01
1.250000e-01
1.250000e-01
1.250000e-01
1.250000e-01
1.250000e-01
1.250000e-01
1.250000e-01
1.250000e-01
1.250000e-01
1.250000e-01
1.250000e-01
1.250000e-01
1.250000e-01
1.250000e-01
1.250000e-01
1.250000e-01
1.250000e-01
1.250000e-01
1.250000e-01
1.250000e-01
1.250000e-01
1.250000e-01
1.250000e-01
1.250000e-01
1.250000e-01
1.250000e-01
1.250000e-01
1.250000e-01
1.250000e-01
1.250000e-01
1.250000e-01
1.250000e-01
1.250000e-01
1.250000e-01
1.250000e-01
1.250000e-01
1.250000e-01
1.250000e-01
1.250000e-01
1.250000e-01
1.250000e-01
1.250000e-01
1.250000e-01
1.250000e-01
1.250000e-01
1.250000e-01
1.250000e-01
1.250000e-01
1.250000e-01
1.250000e-01
1.250000e-01
1.250000e-01
1.250000e-01
1.250000e-01
1.250000e-01
1.250000e-01
1.250000e-01
1.250000e-01
1.250000e-01
1.250000e-01
1.250000e-01
1.250000e-01
1.250000e-01
1.250000e-01
1.250000e-01
1.250000e-01
1.250000e-01
1.250000e-01
1.250000e-01
1.250000e-01
1.250000e-01
1.250000e-01
1.250000e-01
1.250000e-01
1.250000e-01
1.250000e-01
1.250000e-01
1.250000e-01
1.250000e-01
1.250000e-01
1.250000e-01
1.250000e-01
1.250000e-01
1.250000e-01
1.250000e-01
1.250000e-01
1.250000e-01
1.250000e-01
1.250000e-01
1.250000e-01
1.250000e-01
1.250000e-01
1.250000e-01
1.250000e-01
1.250000e-01
1.250000e-01
1.250000e-01
1.250000e-01
1.250000e-01
1.250000e-01
1.250000e-01
1.250000e-01
1.250000e-01
1.250000e-01
1.250000e-01
1.250000e-01
1.250000e-01
1.250000e-01
1.250000e-01
1.250000e-01
1.250000e-01
1.250000e-01
1.250000e-01
1.250000e-01
1.250000e-01
1.250000e-01
1.250000e-01
1.250001e-01
1.250001e-01
1.250001e-01
1.250002e-01
1.250003e-01
1.250004e-01
1.250005e-01
1.250008e-01
1.250011e-01
1.250016e-01
1.250023e-01
1.250033e-01
1.250047e-01
1.250066e-01
1.250093e-01
1.250130e-01
1.250181e-01
1.250251e-01
1.250346e-01
1.250477e-01
1.250653e-01
1.250891e-01
1.251212e-01
1.251642e-01
1.252216e-01
1.252979e-01
1.253991e-01
1.255330e-01
1.257096e-01
1.259418e-01
1.262466e-01
1.266459e-01
1.271682e-01
1.278506e-01
1.287410e-01
1.299019e-01
1.314128e-01
1.333750e-01
1.359135e-01
1.391773e-01
1.433348e-01
1.485608e-01
1.550150e-01
1.628130e-01
1.719981e-01
1.825208e-01
1.942375e-01
2.069310e-01
2.203447e-01
2.342160e-01
2.483051e-01
2.624188e-01
2.764204e-01
2.902215e-01
3.037794e-01
3.171040e-01
3.302230e-01
3.432135e-01
3.561543e-01
3.691663e-01
3.823808e-01
3.959640e-01
4.100596e-01
4.248755e-01
4.405258e-01
4.572012e-01
4.750041e-01
4.940698e-01
