5.083775e-01
5.263190e-01
5.452394e-01
5.651986e-01
5.860992e-01
6.078610e-01
6.304491e-01
6.537340e-01
6.775950e-01
7.019085e-01
7.265166e-01
7.512564e-01
7.759127e-01
8.002912e-01
8.241545e-01
8.472580e-01
8.693262e-01
8.901011e-01
9.093238e-01
9.267599e-01
9.422217e-01
9.555806e-01
9.667959e-01
9.759144e-01
9.830738e-01
9.884882e-01
9.924255e-01
9.951760e-01
9.970219e-01
9.982132e-01
9.989545e-01
9.994007e-01
9.996618e-01
9.998111e-01
9.998950e-01
9.999417e-01
9.999675e-01
9.999818e-01
9.999897e-01
9.999941e-01
9.999966e-01
9.999980e-01
9.999988e-01
9.999993e-01
9.999996e-01
9.999998e-01
9.999998e-01
9.999999e-01
9.999999e-01
1.000000e+00
1.000000e+00
1.000000e+00
1.000000e+00
1.000000e+00
1.000000e+00
1.000000e+00
1.000000e+00
1.000000e+00
1.000000e+00
1.000000e+00
1.000000e+00
1.000000e+00
1.000000e+00
1.000000e+00
1.000000e+00
1.000000e+00
1.000000e+00
1.000000e+00
1.000000e+00
1.000000e+00
1.000000e+00
1.000000e+00
1.000000e+00
1.000000e+00
1.000000e+00
1.000000e+00
1.000000e+00
1.000000e+00
1.000000e+00
1.000000e+00
1.000000e+00
1.000000e+00
1.000000e+00
1.000000e+00
1.000000e+00
1.000000e+00
1.000000e+00
1.000000e+00
1.000000e+00
1.000000e+00
1.000000e+00
1.000000e+00
1.000000e+00
1.000000e+00
1.000000e+00
1.000000e+00
1.000000e+00
1.000000e+00
1.000000e+00
1.000000e+00
1.000000e+00
1.000000e+00
1.000000e+00
1.000000e+00
1.000000e+00
1.000000e+00
1.000000e+00
1.000000e+00
1.000000e+00
1.000000e+00
1.000000e+00
1.000000e+00
1.000000e+00
1.000000e+00
1.000000e+00
1.000000e+00
1.000000e+00
1.000000e+00
1.000000e+00
1.000000e+00
1.000000e+00
1.000000e+00
1.000000e+00
1.000000e+00
1.000000e+00
1.000000e+00
1.000000e+00
1.000000e+00
1.000000e+00
1.000000e+00
1.000000e+00
1.000000e+00
1.000000e+00
1.000000e+00
1.000000e+00
1.000000e+00
1.000000e+00
1.000000e+00
1.000000e+00
1.000000e+00
1.000000e+00
1.000000e+00
1.000000e+00
1.000000e+00
1.000000e+00
1.000000e+00
1.000000e+00
1.000000e+00
1.000000e+00
1.000000e+00
1.000000e+00
1.000000e+00
1.000000e+00
1.000000e+00
1.000000e+00
1.000000e+00
1.000000e+00
1.000000e+00
1.000000e+00
1.000000e+00
1.000000e+00
1.000000e+00
1.000000e+00
1.000000e+00
1.000000e+00
1.000000e+00
1.000000e+00
1.000000e+00
1.000000e+00
1.000000e+00
1.000000e+00
1.000000e+00
1.000000e+00
1.000000e+00
1.000000e+00
1.000000e+00
1.000000e+00
1.000000e+00
1.000000e+00
1.000000e+00
1.000000e+00
1.000000e+00
1.000000e+00
1.000000e+00
1.000000e+00
1.000000e+00
1.000000e+00
1.000000e+00
1.000000e+00
1.000000e+00
1.000000e+00
1.000000e+00
1.000000e+00
1.000000e+00
1.000000e+00
1.000000e+00
1.000000e+00
1.000000e+00
1.000000e+00
1.000000e+00
1.000000e+00
1.000000e+00
1.000000e+00
1.000000e+00
1.000000e+00
1.000000e+00
1.000000e+00
9.999999e-01
9.999999e-01
9.999998e-01
9.999997e-01
9.999995e-01
9.999991e-01
9.999985e-01
9.999974e-01
9.999956e-01
9.999923e-01
9.999866e-01
9.999765e-01
9.999586e-01
9.999271e-01
9.998715e-01
9.997745e-01
9.996070e-01
9.993223e-01
9.988482e-01
9.980775e-01
9.968600e-01
9.949971e-01
9.922441e-01
9.883223e-01
9.829402e-01
9.758259e-01
9.667563e-01
9.555851e-01
9.422578e-01
9.268098e-01
9.093689e-01
8.901236e-01
8.693117e-01
8.471964e-01
8.240415e-01
8.001260e-01
7.757002e-01
7.510032e-01
7.262331e-01
7.016042e-01
6.772827e-01
6.534228e-01
6.301499e-01
6.075840e-01
5.858491e-01
5.649801e-01
5.450627e-01
5.261797e-01
5.082893e-01
4.914244e-01
4.755759e-01
4.606677e-01
4.466839e-01
4.334659e-01
4.209931e-01
4.090903e-01
3.976914e-01
3.866509e-01
3.758908e-01
3.652868e-01
3.547675e-01
3.442495e-01
3.336678e-01
3.229735e-01
3.121166e-01
3.010633e-01
2.897932e-01
2.782933e-01
2.665709e-01
2.546624e-01
2.426285e-01
2.305681e-01
2.186183e-01
2.069509e-01
1.957586e-01
1.852401e-01
1.755775e-01
1.669088e-01
1.593142e-01
1.528097e-01
1.473520e-01
1.428521e-01
1.391939e-01
1.362512e-01
1.339015e-01
1.320347e-01
1.305554e-01
1.293851e-01
1.284598e-01
1.277280e-01
1.271499e-01
1.266924e-01
1.263311e-01
1.260454e-01
1.258196e-01
1.256420e-01
1.255014e-01
1.253911e-01
1.253043e-01
1.252361e-01
1.251830e-01
1.251412e-01
1.251088e-01
1.250836e-01
1.250640e-01
1.250489e-01
1.250372e-01
1.250283e-01
1.250214e-01
1.250161e-01
1.250122e-01
1.250091e-01
1.250068e-01
1.250051e-01
1.250038e-01
1.250028e-01
1.250021e-01
1.250015e-01
1.250011e-01
1.250008e-01
1.250006e-01
1.250004e-01
1.250003e-01
1.250002e-01
1.250002e-01
1.250001e-01
1.250001e-01
1.250001e-01
1.250000e-01
1.250000e-01
1.250000e-01
1.250000e-01
1.250000e-01
1.250000e-01
1.250000e-01
1.250000e-01
1.250000e-01
1.250000e-01
1.250000e-01
1.250000e-01
1.250000e-01
1.250000e-01
1.250000e-01
1.250000e-01
1.250000e-01
1.250000e-01
1.250000e-01
1.250000e-01
1.250000e-01
1.250000e-01
1.250000e-01
1.250000e-01
1.250000e-01
1.250000e-01
1.250000e-01
1.250000e-01
1.250000e-01
1.250000e-01
1.250000e-01
1.250000e-01
1.250000e-01
1.250000e-01
1.250000e-01
1.250000e-01
1.250000e-01
1.250000e-01
1.250000e-01
1.250000e-01
1.250000e-01
1.250000e-01
1.250000e-01
1.250000e-01
1.250000e-01
1.250000e-01
1.250000e-01
1.250000e-01
1.250000e-01
1.250000e-01
1.250000e-01
1.250000e-01
1.250000e-01
1.250000e-01
1.250000e-01
1.250000e-01
1.250000e-01
1.250000e-01
1.250000e-01
1.250000e-01
1.250000e-01
1.250000e-01
1.250000e-01
1.250000e-01
1.250000e-01
1.250000e-01
1.250000e-01
1.250000e-01
1.250000e-01
1.250000e-01
1.250000e-01
1.250000e-01
1.250000e-01
1.250000e-01
1.250000e-01
1.250000e-01
1.250000e-01
1.250000e-01
1.250000e-01
1.250000e-01
1.250000e-01
1.250000e-01
1.250000e-01
1.250000e-01
1.250000e-01
1.250000e-01
1.250000e-01
1.250000e-01
1.250000e-01
1.250000e-01
1.250000e-01
1.250000e-01
1.250000e-01
1.250000e-01
1.250000e-01
1.250000e-01
1.250000e-01
1.250000e-01
1.250001e-01
1.250001e-01
1.250001e-01
1.250002e-01
1.250002e-01
1.250003e-01
1.250004e-01
1.250006e-01
1.250008e-01
1.250011e-01
1.250016e-01
1.250021e-01
1.250029e-01
1.250039e-01
1.250052e-01
1.250069e-01
1.250093e-01
1.250123e-01
1.250164e-01
1.250217e-01
1.250286e-01
1.250376e-01
1.250493e-01
1.250645e-01
1.250842e-01
1.251095e-01
1.251421e-01
1.251839e-01
1.252374e-01
1.253058e-01
1.253929e-01
1.255039e-01
1.256448e-01
1.258236e-01
1.260501e-01
1.263368e-01
1.266996e-01
1.271582e-01
1.277379e-01
1.284705e-01
1.293964e-01
1.305659e-01
1.320421e-01
1.339027e-01
1.362409e-01
1.391657e-01
1.427982e-01
1.472642e-01
1.526816e-01
1.591427e-01
1.666961e-01
1.753312e-01
1.849715e-01
1.954796e-01
2.066743e-01
2.183555e-01
2.303269e-01
2.424115e-01
2.544697e-01
2.663996e-01
2.781384e-01
2.896511e-01
3.009299e-01
3.119879e-01
3.228451e-01
3.335378e-01
3.441181e-01
3.546294e-01
3.651441e-01
3.757482e-01
3.865061e-01
3.975558e-01
4.089600e-01
4.208841e-01
4.333749e-01
4.466257e-01
4.606414e-01
4.755938e-01
4.914821e-01
