5.036172e-01
5.188965e-01
5.349811e-01
5.518903e-01
5.695883e-01
5.880627e-01
6.072263e-01
6.270581e-01
6.474725e-01
6.684076e-01
6.897588e-01
7.114401e-01
7.333375e-01
7.553360e-01
7.772802e-01
7.990352e-01
8.204326e-01
8.412916e-01
8.614271e-01
8.806329e-01
8.987178e-01
9.154901e-01
9.307774e-01
9.444427e-01
9.563870e-01
9.665753e-01
9.750323e-01
9.818473e-01
9.871682e-01
9.911858e-01
9.941166e-01
9.961813e-01
9.975866e-01
9.985115e-01
9.991017e-01
9.994676e-01
9.996890e-01
9.998201e-01
9.998966e-01
9.999407e-01
9.999660e-01
9.999804e-01
9.999886e-01
9.999934e-01
9.999961e-01
9.999977e-01
9.999986e-01
9.999992e-01
9.999995e-01
9.999997e-01
9.999998e-01
9.999999e-01
9.999999e-01
1.000000e+00
1.000000e+00
1.000000e+00
1.000000e+00
1.000000e+00
1.000000e+00
1.000000e+00
1.000000e+00
1.000000e+00
1.000000e+00
1.000000e+00
1.000000e+00
1.000000e+00
1.000000e+00
1.000000e+00
1.000000e+00
1.000000e+00
1.000000e+00
1.000000e+00
1.000000e+00
1.000000e+00
1.000000e+00
1.000000e+00
1.000000e+00
1.000000e+00
1.000000e+00
1.000000e+00
1.000000e+00
1.000000e+00
1.000000e+00
1.000000e+00
1.000000e+00
1.000000e+00
1.000000e+00
1.000000e+00
1.000000e+00
1.000000e+00
1.000000e+00
1.000000e+00
1.000000e+00
1.000000e+00
1.000000e+00
1.000000e+00
1.000000e+00
1.000000e+00
1.000000e+00
1.000000e+00
1.000000e+00
1.000000e+00
1.000000e+00
1.000000e+00
1.000000e+00
1.000000e+00
1.000000e+00
1.000000e+00
1.000000e+00
1.000000e+00
1.000000e+00
1.000000e+00
1.000000e+00
1.000000e+00
1.000000e+00
1.000000e+00
1.000000e+00
1.000000e+00
1.000000e+00
1.000000e+00
1.000000e+00
1.000000e+00
1.000000e+00
1.000000e+00
1.000000e+00
1.000000e+00
1.000000e+00
1.000000e+00
1.000000e+00
1.000000e+00
1.000000e+00
1.000000e+00
1.000000e+00
1.000000e+00
1.000000e+00
1.000000e+00
1.000000e+00
1.000000e+00
1.000000e+00
1.000000e+00
1.000000e+00
1.000000e+00
1.000000e+00
1.000000e+00
1.000000e+00
1.000000e+00
1.000000e+00
1.000000e+00
1.000000e+00
1.000000e+00
1.000000e+00
1.000000e+00
1.000000e+00
1.000000e+00
1.000000e+00
1.000000e+00
1.000000e+00
1.000000e+00
1.000000e+00
1.000000e+00
1.000000e+00
1.000000e+00
1.000000e+00
1.000000e+00
1.000000e+00
1.000000e+00
1.000000e+00
1.000000e+00
1.000000e+00
1.000000e+00
1.000000e+00
1.000000e+00
1.000000e+00
1.000000e+00
1.000000e+00
1.000000e+00
1.000000e+00
1.000000e+00
1.000000e+00
1.000000e+00
1.000000e+00
1.000000e+00
1.000000e+00
1.000000e+00
1.000000e+00
1.000000e+00
1.000000e+00
1.000000e+00
1.000000e+00
1.000000e+00
1.000000e+00
1.000000e+00
1.000000e+00
1.000000e+00
1.000000e+00
1.000000e+00
1.000000e+00
1.000000e+00
1.000000e+00
1.000000e+00
1.000000e+00
1.000000e+00
9.999999e-01
9.999999e-01
9.999998e-01
9.999998e-01
9.999996e-01
9.999993e-01
9.999989e-01
9.999982e-01
9.999970e-01
9.999949e-01
9.999914e-01
9.999854e-01
9.999751e-01
9.999574e-01
9.999270e-01
9.998752e-01
9.997877e-01
9.996415e-01
9.994009e-01
9.990120e-01
9.983970e-01
9.974482e-01
9.960242e-01
9.939500e-01
9.910225e-01
9.870219e-01
9.817309e-01
9.749540e-01
9.665378e-01
9.563866e-01
9.444703e-01
9.308204e-01
9.155342e-01
8.987496e-01
8.806404e-01
8.614010e-01
8.412258e-01
8.203245e-01
7.988854e-01
7.770917e-01
7.551134e-01
7.330881e-01
7.111702e-01
6.894770e-01
6.681224e-01
6.471894e-01
6.267846e-01
6.069705e-01
5.878276e-01
5.693789e-01
5.517076e-01
5.348309e-01
5.187783e-01
5.035393e-01
4.891205e-01
4.755225e-01
4.626748e-01
4.505690e-01
4.391250e-01
4.282601e-01
4.179382e-01
4.080252e-01
3.984816e-01
3.892072e-01
3.801236e-01
3.711666e-01
3.622685e-01
3.533896e-01
3.444733e-01
3.354948e-01
3.264211e-01
3.172245e-01
3.078843e-01
2.983771e-01
2.886832e-01
2.787863e-01
2.686782e-01
2.583672e-01
2.478777e-01
2.372591e-01
2.265904e-01
2.159808e-01
2.055680e-01
1.955066e-01
1.859601e-01
1.770801e-01
1.689898e-01
1.617712e-01
1.554590e-01
1.500408e-01
1.454649e-01
1.416523e-01
1.385094e-01
1.359387e-01
1.338477e-01
1.321528e-01
1.307816e-01
1.296732e-01
1.287777e-01
1.280536e-01
1.274681e-01
1.269947e-01
1.266110e-01
1.263007e-01
1.260496e-01
1.258458e-01
1.256813e-01
1.255482e-01
1.254401e-01
1.253532e-01
1.252830e-01
1.252261e-01
1.251808e-01
1.251440e-01
1.251144e-01
1.250910e-01
1.250721e-01
1.250569e-01
1.250450e-01
1.250354e-01
1.250278e-01
1.250219e-01
1.250171e-01
1.250133e-01
1.250104e-01
1.250080e-01
1.250062e-01
1.250048e-01
1.250037e-01
1.250029e-01
1.250022e-01
1.250017e-01
1.250013e-01
1.250010e-01
1.250007e-01
1.250006e-01
1.250004e-01
1.250003e-01
1.250002e-01
1.250002e-01
1.250001e-01
1.250001e-01
1.250001e-01
1.250001e-01
1.250000e-01
1.250000e-01
1.250000e-01
1.250000e-01
1.250000e-01
1.250000e-01
1.250000e-01
1.250000e-01
1.250000e-01
1.250000e-01
1.250000e-01
1.250000e-01
1.250000e-01
1.250000e-01
1.250000e-01
1.250000e-01
1.250000e-01
1.250000e-01
1.250000e-01
1.250000e-01
1.250000e-01
1.250000e-01
1.250000e-01
1.250000e-01
1.250000e-01
1.250000e-01
1.250000e-01
1.250000e-01
1.250000e-01
1.250000e-01
1.250000e-01
1.250000e-01
1.250000e-01
1.250000e-01
1.250000e-01
1.250000e-01
1.250000e-01
1.250000e-01
1.250000e-01
1.250000e-01
1.250000e-01
1.250000e-01
1.250000e-01
1.250000e-01
1.250000e-01
1.250000e-01
1.250000e-01
1.250000e-01
1.250000e-01
1.250000e-01
1.250000e-01
1.250000e-01
1.250000e-01
1.250000e-01
1.250000e-01
1.250000e-01
1.250000e-01
1.250000e-01
1.250000e-01
1.250000e-01
1.250000e-01
1.250000e-01
1.250000e-01
1.250000e-01
1.250000e-01
1.250000e-01
1.250000e-01
1.250000e-01
1.250000e-01
1.250000e-01
1.250000e-01
1.250000e-01
1.250000e-01
1.250000e-01
1.250000e-01
1.250000e-01
1.250001e-01
1.250001e-01
1.250001e-01
1.250001e-01
1.250002e-01
1.250003e-01
1.250003e-01
1.250004e-01
1.250006e-01
1.250008e-01
1.250010e-01
1.250013e-01
1.250017e-01
1.250022e-01
1.250029e-01
1.250038e-01
1.250049e-01
1.250063e-01
1.250082e-01
1.250105e-01
1.250135e-01
1.250172e-01
1.250220e-01
1.250280e-01
1.250356e-01
1.250452e-01
1.250573e-01
1.250724e-01
1.250914e-01
1.251150e-01
1.251446e-01
1.251814e-01
1.252271e-01
1.252839e-01
1.253545e-01
1.254418e-01
1.255500e-01
1.256838e-01
1.258490e-01
1.260532e-01
1.263054e-01
1.266167e-01
1.270010e-01
1.274757e-01
1.280621e-01
1.287867e-01
1.296825e-01
1.307898e-01
1.321583e-01
1.338481e-01
1.359302e-01
1.384872e-01
1.416107e-01
1.453974e-01
1.499416e-01
1.553239e-01
1.615992e-01
1.687838e-01
1.768472e-01
1.857098e-01
1.952492e-01
2.053132e-01
2.157380e-01
2.263664e-01
2.370564e-01
2.476965e-01
2.582059e-01
2.685338e-01
2.786547e-01
2.885614e-01
2.982615e-01
3.077722e-01
3.171126e-01
3.263078e-01
3.353771e-01
3.443535e-01
3.532641e-01
3.621404e-01
3.710345e-01
3.799909e-01
3.890752e-01
3.983574e-01
4.079055e-01
4.178328e-01
4.281695e-01
4.390600e-01
4.505301e-01
4.626637e-01
4.755455e-01
4.891733e-01
