5.100492e-01
5.289990e-01
5.489852e-01
5.700842e-01
5.921902e-01
6.151904e-01
6.390342e-01
6.635917e-01
6.886850e-01
7.141910e-01
7.399060e-01
7.656245e-01
7.911134e-01
8.161266e-01
8.403908e-01
8.636102e-01
8.854930e-01
9.057538e-01
9.241294e-01
9.404072e-01
9.544401e-01
9.661793e-01
9.756742e-01
9.830774e-01
9.886256e-01
9.926158e-01
9.953668e-01
9.971852e-01
9.983394e-01
9.990447e-01
9.994615e-01
9.997008e-01
9.998353e-01
9.999096e-01
9.999503e-01
9.999726e-01
9.999847e-01
9.999914e-01
9.999951e-01
9.999972e-01
9.999984e-01
9.999991e-01
9.999994e-01
9.999997e-01
9.999998e-01
9.999999e-01
9.999999e-01
1.000000e+00
1.000000e+00
1.000000e+00
1.000000e+00
1.000000e+00
1.000000e+00
1.000000e+00
1.000000e+00
1.000000e+00
1.000000e+00
1.000000e+00
1.000000e+00
1.000000e+00
1.000000e+00
1.000000e+00
1.000000e+00
1.000000e+00
1.000000e+00
1.000000e+00
1.000000e+00
1.000000e+00
1.000000e+00
1.000000e+00
1.000000e+00
1.000000e+00
1.000000e+00
1.000000e+00
1.000000e+00
1.000000e+00
1.000000e+00
1.000000e+00
1.000000e+00
1.000000e+00
1.000000e+00
1.000000e+00
1.000000e+00
1.000000e+00
1.000000e+00
1.000000e+00
1.000000e+00
1.000000e+00
1.000000e+00
1.000000e+00
1.000000e+00
1.000000e+00
1.000000e+00
1.000000e+00
1.000000e+00
1.000000e+00
1.000000e+00
1.000000e+00
1.000000e+00
1.000000e+00
1.000000e+00
1.000000e+00
1.000000e+00
1.000000e+00
1.000000e+00
1.000000e+00
1.000000e+00
1.000000e+00
1.000000e+00
1.000000e+00
1.000000e+00
1.000000e+00
1.000000e+00
1.000000e+00
1.000000e+00
1.000000e+00
1.000000e+00
1.000000e+00
1.000000e+00
1.000000e+00
1.000000e+00
1.000000e+00
1.000000e+00
1.000000e+00
1.000000e+00
1.000000e+00
1.000000e+00
1.000000e+00
1.000000e+00
1.000000e+00
1.000000e+00
1.000000e+00
1.000000e+00
1.000000e+00
1.000000e+00
1.000000e+00
1.000000e+00
1.000000e+00
1.000000e+00
1.000000e+00
1.000000e+00
1.000000e+00
1.000000e+00
1.000000e+00
1.000000e+00
1.000000e+00
1.000000e+00
1.000000e+00
1.000000e+00
1.000000e+00
1.000000e+00
1.000000e+00
1.000000e+00
1.000000e+00
1.000000e+00
1.000000e+00
1.000000e+00
1.000000e+00
1.000000e+00
1.000000e+00
1.000000e+00
1.000000e+00
1.000000e+00
1.000000e+00
1.000000e+00
1.000000e+00
1.000000e+00
1.000000e+00
1.000000e+00
1.000000e+00
1.000000e+00
1.000000e+00
1.000000e+00
1.000000e+00
1.000000e+00
1.000000e+00
1.000000e+00
1.000000e+00
1.000000e+00
1.000000e+00
1.000000e+00
1.000000e+00
1.000000e+00
1.000000e+00
1.000000e+00
1.000000e+00
1.000000e+00
1.000000e+00
1.000000e+00
1.000000e+00
1.000000e+00
1.000000e+00
1.000000e+00
1.000000e+00
1.000000e+00
1.000000e+00
1.000000e+00
1.000000e+00
1.000000e+00
1.000000e+00
1.000000e+00
1.000000e+00
1.000000e+00
1.000000e+00
1.000000e+00
1.000000e+00
1.000000e+00
1.000000e+00
9.999999e-01
9.999999e-01
9.999998e-01
9.999997e-01
9.999996e-01
9.999993e-01
9.999988e-01
9.999979e-01
9.999963e-01
9.999936e-01
9.999888e-01
9.999802e-01
9.999648e-01
9.999372e-01
9.998881e-01
9.998012e-01
9.996488e-01
9.993857e-01
9.989400e-01
9.982036e-01
9.970210e-01
9.951833e-01
9.924287e-01
9.884542e-01
9.829403e-01
9.755852e-01
9.661422e-01
9.544490e-01
9.404477e-01
9.241815e-01
9.057970e-01
8.855082e-01
8.635827e-01
8.403104e-01
8.159907e-01
7.909230e-01
7.653863e-01
7.396279e-01
7.138861e-01
6.883662e-01
6.632693e-01
6.387217e-01
6.148972e-01
5.919254e-01
5.698532e-01
5.487976e-01
5.288506e-01
5.099578e-01
4.921727e-01
4.754859e-01
4.598199e-01
4.451379e-01
4.312807e-01
4.182027e-01
4.057172e-01
3.937585e-01
3.821532e-01
3.708143e-01
3.596216e-01
3.484808e-01
3.373117e-01
3.260455e-01
3.146225e-01
3.030002e-01
2.911565e-01
2.790787e-01
2.667768e-01
2.542968e-01
2.417133e-01
2.291428e-01
2.167427e-01
2.047064e-01
1.932441e-01
1.825675e-01
1.728607e-01
1.642529e-01
1.568055e-01
1.505097e-01
1.452955e-01
1.410504e-01
1.376401e-01
1.349269e-01
1.327826e-01
1.310948e-01
1.297693e-01
1.287297e-01
1.279143e-01
1.272755e-01
1.267745e-01
1.263822e-01
1.260750e-01
1.258343e-01
1.256466e-01
1.254997e-01
1.253855e-01
1.252965e-01
1.252275e-01
1.251741e-01
1.251327e-01
1.251011e-01
1.250765e-01
1.250579e-01
1.250436e-01
1.250327e-01
1.250245e-01
1.250183e-01
1.250136e-01
1.250101e-01
1.250074e-01
1.250055e-01
1.250040e-01
1.250029e-01
1.250021e-01
1.250015e-01
1.250011e-01
1.250008e-01
1.250006e-01
1.250004e-01
1.250003e-01
1.250002e-01
1.250001e-01
1.250001e-01
1.250001e-01
1.250001e-01
1.250000e-01
1.250000e-01
1.250000e-01
1.250000e-01
1.250000e-01
1.250000e-01
1.250000e-01
1.250000e-01
1.250000e-01
1.250000e-01
1.250000e-01
1.250000e-01
1.250000e-01
1.250000e-01
1.250000e-01
1.250000e-01
1.250000e-01
1.250000e-01
1.250000e-01
1.250000e-01
1.250000e-01
1.250000e-01
1.250000e-01
1.250000e-01
1.250000e-01
1.250000e-01
1.250000e-01
1.250000e-01
1.250000e-01
1.250000e-01
1.250000e-01
1.250000e-01
1.250000e-01
1.250000e-01
1.250000e-01
1.250000e-01
1.250000e-01
1.250000e-01
1.250000e-01
1.250000e-01
1.250000e-01
1.250000e-01
1.250000e-01
1.250000e-01
1.250000e-01
1.250000e-01
1.250000e-01
1.250000e-01
1.250000e-01
1.250000e-01
1.250000e-01
1.250000e-01
1.250000e-01
1.250000e-01
1.250000e-01
1.250000e-01
1.250000e-01
1.250000e-01
1.250000e-01
1.250000e-01
1.250000e-01
1.250000e-01
1.250000e-01
1.250000e-01
1.250000e-01
1.250000e-01
1.250000e-01
1.250000e-01
1.250000e-01
1.250000e-01
1.250000e-01
1.250000e-01
1.250000e-01
1.250000e-01
1.250000e-01
1.250000e-01
1.250000e-01
1.250000e-01
1.250000e-01
1.250000e-01
1.250000e-01
1.250000e-01
1.250000e-01
1.250000e-01
1.250000e-01
1.250000e-01
1.250000e-01
1.250000e-01
1.250000e-01
1.250000e-01
1.250000e-01
1.250000e-01
1.250000e-01
1.250000e-01
1.250000e-01
1.250000e-01
1.250000e-01
1.250000e-01
1.250000e-01
1.250000e-01
1.250000e-01
1.250000e-01
1.250000e-01
1.250000e-01
1.250001e-01
1.250001e-01
1.250001e-01
1.250002e-01
1.250002e-01
1.250003e-01
1.250004e-01
1.250006e-01
1.250008e-01
1.250012e-01
1.250016e-01
1.250022e-01
1.250030e-01
1.250041e-01
1.250056e-01
1.250076e-01
1.250103e-01
1.250138e-01
1.250186e-01
1.250248e-01
1.250331e-01
1.250441e-01
1.250584e-01
1.250772e-01
1.251018e-01
1.251337e-01
1.251752e-01
1.252289e-01
1.252982e-01
1.253876e-01
1.255024e-01
1.256498e-01
1.258386e-01
1.260801e-01
1.263886e-01
1.267825e-01
1.272848e-01
1.279252e-01
1.287414e-01
1.297813e-01
1.311051e-01
1.327884e-01
1.349236e-01
1.376213e-01
1.410082e-01
1.452210e-01
1.503949e-01
1.566455e-01
1.640480e-01
1.726172e-01
1.822966e-01
1.929585e-01
2.044197e-01
2.164682e-01
2.288897e-01
2.414853e-01
2.540944e-01
2.665969e-01
2.789169e-01
2.910088e-01
3.028604e-01
3.144876e-01
3.259120e-01
3.371762e-01
3.483409e-01
3.594790e-01
3.706654e-01
3.820058e-01
3.936142e-01
4.055824e-01
4.180837e-01
4.311828e-01
4.450723e-01
4.597893e-01
4.755007e-01
4.922316e-01
