5.149327e-01
5.370413e-01
5.604089e-01
5.850984e-01
6.108946e-01
6.377468e-01
6.654525e-01
6.937652e-01
7.224858e-01
7.513381e-01
7.799824e-01
8.081106e-01
8.353496e-01
8.613044e-01
8.855875e-01
9.078244e-01
9.276892e-01
9.449228e-01
9.593947e-01
9.711044e-01
9.801995e-01
9.869545e-01
9.917415e-01
9.949729e-01
9.970510e-01
9.983264e-01
9.990762e-01
9.995007e-01
9.997339e-01
9.998592e-01
9.999255e-01
9.999604e-01
9.999787e-01
9.999885e-01
9.999937e-01
9.999965e-01
9.999980e-01
9.999989e-01
9.999994e-01
9.999996e-01
9.999998e-01
9.999999e-01
9.999999e-01
1.000000e+00
1.000000e+00
1.000000e+00
1.000000e+00
1.000000e+00
1.000000e+00
1.000000e+00
1.000000e+00
1.000000e+00
1.000000e+00
1.000000e+00
1.000000e+00
1.000000e+00
1.000000e+00
1.000000e+00
1.000000e+00
1.000000e+00
1.000000e+00
1.000000e+00
1.000000e+00
1.000000e+00
1.000000e+00
1.000000e+00
1.000000e+00
1.000000e+00
1.000000e+00
1.000000e+00
1.000000e+00
1.000000e+00
1.000000e+00
1.000000e+00
1.000000e+00
1.000000e+00
1.000000e+00
1.000000e+00
1.000000e+00
1.000000e+00
1.000000e+00
1.000000e+00
1.000000e+00
1.000000e+00
1.000000e+00
1.000000e+00
1.000000e+00
1.000000e+00
1.000000e+00
1.000000e+00
1.000000e+00
1.000000e+00
1.000000e+00
1.000000e+00
1.000000e+00
1.000000e+00
1.000000e+00
1.000000e+00
1.000000e+00
1.000000e+00
1.000000e+00
1.000000e+00
1.000000e+00
1.000000e+00
1.000000e+00
1.000000e+00
1.000000e+00
1.000000e+00
1.000000e+00
1.000000e+00
1.000000e+00
1.000000e+00
1.000000e+00
1.000000e+00
1.000000e+00
1.000000e+00
1.000000e+00
1.000000e+00
1.000000e+00
1.000000e+00
1.000000e+00
1.000000e+00
1.000000e+00
1.000000e+00
1.000000e+00
1.000000e+00
1.000000e+00
1.000000e+00
1.000000e+00
1.000000e+00
1.000000e+00
1.000000e+00
1.000000e+00
1.000000e+00
1.000000e+00
1.000000e+00
1.000000e+00
1.000000e+00
1.000000e+00
1.000000e+00
1.000000e+00
1.000000e+00
1.000000e+00
1.000000e+00
1.000000e+00
1.000000e+00
1.000000e+00
1.000000e+00
1.000000e+00
1.000000e+00
1.000000e+00
1.000000e+00
1.000000e+00
1.000000e+00
1.000000e+00
1.000000e+00
1.000000e+00
1.000000e+00
1.000000e+00
1.000000e+00
1.000000e+00
1.000000e+00
1.000000e+00
1.000000e+00
1.000000e+00
1.000000e+00
1.000000e+00
1.000000e+00
1.000000e+00
1.000000e+00
1.000000e+00
1.000000e+00
1.000000e+00
1.000000e+00
1.000000e+00
1.000000e+00
1.000000e+00
1.000000e+00
1.000000e+00
1.000000e+00
1.000000e+00
1.000000e+00
1.000000e+00
1.000000e+00
1.000000e+00
1.000000e+00
1.000000e+00
1.000000e+00
1.000000e+00
1.000000e+00
1.000000e+00
1.000000e+00
1.000000e+00
1.000000e+00
1.000000e+00
1.000000e+00
1.000000e+00
1.000000e+00
1.000000e+00
1.000000e+00
1.000000e+00
1.000000e+00
1.000000e+00
1.000000e+00
1.000000e+00
1.000000e+00
1.000000e+00
1.000000e+00
1.000000e+00
1.000000e+00
1.000000e+00
1.000000e+00
9.999999e-01
9.999999e-01
9.999998e-01
9.999997e-01
9.999995e-01
9.999992e-01
9.999985e-01
9.999974e-01
9.999953e-01
9.999916e-01
9.999847e-01
9.999721e-01
9.999487e-01
9.999056e-01
9.998262e-01
9.996816e-01
9.994217e-01
9.989638e-01
9.981776e-01
9.968692e-01
9.947709e-01
9.915403e-01
9.867793e-01
9.800724e-01
9.710382e-01
9.593875e-01
9.449597e-01
9.277455e-01
9.078731e-01
8.856026e-01
8.612670e-01
8.352468e-01
8.079405e-01
7.797492e-01
7.510516e-01
7.221620e-01
6.934203e-01
6.651038e-01
6.374105e-01
6.105873e-01
5.848246e-01
5.601886e-01
5.368672e-01
5.148323e-01
4.941970e-01
4.749233e-01
4.569271e-01
4.400770e-01
4.242547e-01
4.092695e-01
3.949952e-01
3.812303e-01
3.678254e-01
3.546104e-01
3.414563e-01
3.282438e-01
3.148912e-01
3.013325e-01
2.875426e-01
2.735211e-01
2.593262e-01
2.450572e-01
2.308674e-01
2.169640e-01
2.035960e-01
1.910275e-01
1.795116e-01
1.692533e-01
1.603735e-01
1.528974e-01
1.467613e-01
1.418330e-01
1.379427e-01
1.349106e-01
1.325680e-01
1.307679e-01
1.293892e-01
1.283351e-01
1.275302e-01
1.269161e-01
1.264479e-01
1.260916e-01
1.258207e-01
1.256153e-01
1.254596e-01
1.253423e-01
1.252539e-01
1.251877e-01
1.251381e-01
1.251013e-01
1.250739e-01
1.250537e-01
1.250388e-01
1.250280e-01
1.250201e-01
1.250143e-01
1.250102e-01
1.250072e-01
1.250051e-01
1.250036e-01
1.250025e-01
1.250017e-01
1.250012e-01
1.250008e-01
1.250006e-01
1.250004e-01
1.250003e-01
1.250002e-01
1.250001e-01
1.250001e-01
1.250001e-01
1.250000e-01
1.250000e-01
1.250000e-01
1.250000e-01
1.250000e-01
1.250000e-01
1.250000e-01
1.250000e-01
1.250000e-01
1.250000e-01
1.250000e-01
1.250000e-01
1.250000e-01
1.250000e-01
1.250000e-01
1.250000e-01
1.250000e-01
1.250000e-01
1.250000e-01
1.250000e-01
1.250000e-01
1.250000e-01
1.250000e-01
1.250000e-01
1.250000e-01
1.250000e-01
1.250000e-01
1.250000e-01
1.250000e-01
1.250000e-01
1.250000e-01
1.250000e-01
1.250000e-01
1.250000e-01
1.250000e-01
1.250000e-01
1.250000e-01
1.250000e-01
1.250000e-01
1.250000e-01
1.250000e-01
1.250000e-01
1.250000e-01
1.250000e-01
1.250000e-01
1.250000e-01
1.250000e-01
1.250000e-01
1.250000e-01
1.250000e-01
1.250000e-01
1.250000e-01
1.250000e-01
1.250000e-01
1.250000e-01
1.250000e-01
1.250000e-01
1.250000e-01
1.250000e-01
1.250000e-01
1.250000e-01
1.250000e-01
1.250000e-01
1.250000e-01
1.250000e-01
1.250000e-01
1.250000e-01
1.250000e-01
1.250000e-01
1.250000e-01
1.250000e-01
1.250000e-01
1.250000e-01
1.250000e-01
1.250000e-01
1.250000e-01
1.250000e-01
1.250000e-01
1.250000e-01
1.250000e-01
1.250000e-01
1.250000e-01
1.250000e-01
1.250000e-01
1.250000e-01
1.250000e-01
1.250000e-01
1.250000e-01
1.250000e-01
1.250000e-01
1.250000e-01
1.250000e-01
1.250000e-01
1.250000e-01
1.250000e-01
1.250000e-01
1.250000e-01
1.250000e-01
1.250000e-01
1.250000e-01
1.250000e-01
1.250000e-01
1.250000e-01
1.250000e-01
1.250000e-01
1.250000e-01
1.250000e-01
1.250000e-01
1.250000e-01
1.250000e-01
1.250000e-01
1.250000e-01
1.250000e-01
1.250000e-01
1.250000e-01
1.250000e-01
1.250000e-01
1.250000e-01
1.250000e-01
1.250000e-01
1.250000e-01
1.250000e-01
1.250001e-01
1.250001e-01
1.250001e-01
1.250002e-01
1.250003e-01
1.250004e-01
1.250006e-01
1.250009e-01
1.250013e-01
1.250018e-01
1.250026e-01
1.250037e-01
1.250053e-01
1.250074e-01
1.250105e-01
1.250147e-01
1.250205e-01
1.250286e-01
1.250396e-01
1.250546e-01
1.250749e-01
1.251025e-01
1.251396e-01
1.251895e-01
1.252561e-01
1.253450e-01
1.254631e-01
1.256195e-01
1.258261e-01
1.260984e-01
1.264565e-01
1.269265e-01
1.275427e-01
1.283493e-01
1.294040e-01
1.307814e-01
1.325765e-01
1.349081e-01
1.379207e-01
1.417808e-01
1.466677e-01
1.527536e-01
1.601760e-01
1.690066e-01
1.792270e-01
1.907198e-01
2.032828e-01
2.166626e-01
2.305897e-01
2.448081e-01
2.591064e-01
2.733266e-01
2.873670e-01
3.011717e-01
3.147377e-01
3.280921e-01
3.413030e-01
3.544539e-01
3.676686e-01
3.810774e-01
3.948407e-01
4.091232e-01
4.241342e-01
4.399853e-01
4.568856e-01
4.749280e-01
4.942617e-01
