5.046629e-01
5.205038e-01
5.371876e-01
5.547412e-01
5.731119e-01
5.922781e-01
6.121700e-01
6.327386e-01
6.539034e-01
6.755655e-01
6.976402e-01
7.200133e-01
7.425566e-01
7.651312e-01
7.875797e-01
8.097360e-01
8.314136e-01
8.524182e-01
8.725305e-01
8.915459e-01
9.092558e-01
9.254689e-01
9.400264e-01
9.528073e-01
9.637565e-01
9.728822e-01
9.802632e-01
9.860438e-01
9.904184e-01
9.936138e-01
9.958653e-01
9.973961e-01
9.984014e-01
9.990404e-01
9.994348e-01
9.996720e-01
9.998116e-01
9.998925e-01
9.999388e-01
9.999651e-01
9.999800e-01
9.999885e-01
9.999933e-01
9.999961e-01
9.999977e-01
9.999986e-01
9.999992e-01
9.999995e-01
9.999997e-01
9.999998e-01
9.999999e-01
9.999999e-01
1.000000e+00
1.000000e+00
1.000000e+00
1.000000e+00
1.000000e+00
1.000000e+00
1.000000e+00
1.000000e+00
1.000000e+00
1.000000e+00
1.000000e+00
1.000000e+00
1.000000e+00
1.000000e+00
1.000000e+00
1.000000e+00
1.000000e+00
1.000000e+00
1.000000e+00
1.000000e+00
1.000000e+00
1.000000e+00
1.000000e+00
1.000000e+00
1.000000e+00
1.000000e+00
1.000000e+00
1.000000e+00
1.000000e+00
1.000000e+00
1.000000e+00
1.000000e+00
1.000000e+00
1.000000e+00
1.000000e+00
1.000000e+00
1.000000e+00
1.000000e+00
1.000000e+00
1.000000e+00
1.000000e+00
1.000000e+00
1.000000e+00
1.000000e+00
1.000000e+00
1.000000e+00
1.000000e+00
1.000000e+00
1.000000e+00
1.000000e+00
1.000000e+00
1.000000e+00
1.000000e+00
1.000000e+00
1.000000e+00
1.000000e+00
1.000000e+00
1.000000e+00
1.000000e+00
1.000000e+00
1.000000e+00
1.000000e+00
1.000000e+00
1.000000e+00
1.000000e+00
1.000000e+00
1.000000e+00
1.000000e+00
1.000000e+00
1.000000e+00
1.000000e+00
1.000000e+00
1.000000e+00
1.000000e+00
1.000000e+00
1.000000e+00
1.000000e+00
1.000000e+00
1.000000e+00
1.000000e+00
1.000000e+00
1.000000e+00
1.000000e+00
1.000000e+00
1.000000e+00
1.000000e+00
1.000000e+00
1.000000e+00
1.000000e+00
1.000000e+00
1.000000e+00
1.000000e+00
1.000000e+00
1.000000e+00
1.000000e+00
1.000000e+00
1.000000e+00
1.000000e+00
1.000000e+00
1.000000e+00
1.000000e+00
1.000000e+00
1.000000e+00
1.000000e+00
1.000000e+00
1.000000e+00
1.000000e+00
1.000000e+00
1.000000e+00
1.000000e+00
1.000000e+00
1.000000e+00
1.000000e+00
1.000000e+00
1.000000e+00
1.000000e+00
1.000000e+00
1.000000e+00
1.000000e+00
1.000000e+00
1.000000e+00
1.000000e+00
1.000000e+00
1.000000e+00
1.000000e+00
1.000000e+00
1.000000e+00
1.000000e+00
1.000000e+00
1.000000e+00
1.000000e+00
1.000000e+00
1.000000e+00
1.000000e+00
1.000000e+00
1.000000e+00
1.000000e+00
1.000000e+00
1.000000e+00
1.000000e+00
1.000000e+00
1.000000e+00
1.000000e+00
1.000000e+00
1.000000e+00
1.000000e+00
1.000000e+00
1.000000e+00
1.000000e+00
1.000000e+00
1.000000e+00
9.999999e-01
9.999999e-01
9.999999e-01
9.999998e-01
9.999996e-01
9.999994e-01
9.999989e-01
9.999982e-01
9.999970e-01
9.999949e-01
9.999914e-01
9.999852e-01
9.999746e-01
9.999562e-01
9.999244e-01
9.998700e-01
9.997775e-01
9.996219e-01
9.993643e-01
9.989457e-01
9.982807e-01
9.972513e-01
9.957024e-01
9.934434e-01
9.902545e-01
9.859009e-01
9.801542e-01
9.728142e-01
9.637305e-01
9.528176e-01
9.400617e-01
9.255152e-01
9.092977e-01
8.915694e-01
8.725241e-01
8.523732e-01
8.313256e-01
8.096032e-01
7.874044e-01
7.649184e-01
7.423111e-01
7.197445e-01
6.973558e-01
6.752744e-01
6.536124e-01
6.324572e-01
6.119042e-01
5.920339e-01
5.728929e-01
5.545511e-01
5.370323e-01
5.203814e-01
5.045828e-01
4.896474e-01
4.755733e-01
4.622857e-01
4.497828e-01
4.379561e-01
4.267425e-01
4.160878e-01
4.058581e-01
3.960082e-01
3.864097e-01
3.770185e-01
3.677373e-01
3.585118e-01
3.492853e-01
3.400170e-01
3.306588e-01
3.211923e-01
3.115814e-01
3.017995e-01
2.918305e-01
2.816548e-01
2.712643e-01
2.606652e-01
2.498850e-01
2.389734e-01
2.280117e-01
2.171129e-01
2.064201e-01
1.960951e-01
1.863082e-01
1.772188e-01
1.689550e-01
1.616018e-01
1.551931e-01
1.497133e-01
1.451051e-01
1.412830e-01
1.381471e-01
1.355945e-01
1.335280e-01
1.318610e-01
1.305183e-01
1.294383e-01
1.285695e-01
1.278702e-01
1.273076e-01
1.268546e-01
1.264893e-01
1.261957e-01
1.259587e-01
1.257678e-01
1.256147e-01
1.254910e-01
1.253917e-01
1.253123e-01
1.252481e-01
1.251970e-01
1.251562e-01
1.251233e-01
1.250974e-01
1.250767e-01
1.250602e-01
1.250473e-01
1.250369e-01
1.250288e-01
1.250225e-01
1.250174e-01
1.250135e-01
1.250105e-01
1.250080e-01
1.250062e-01
1.250047e-01
1.250036e-01
1.250028e-01
1.250021e-01
1.250016e-01
1.250012e-01
1.250009e-01
1.250007e-01
1.250005e-01
1.250004e-01
1.250003e-01
1.250002e-01
1.250002e-01
1.250001e-01
1.250001e-01
1.250001e-01
1.250000e-01
1.250000e-01
1.250000e-01
1.250000e-01
1.250000e-01
1.250000e-01
1.250000e-01
1.250000e-01
1.250000e-01
1.250000e-01
1.250000e-01
1.250000e-01
1.250000e-01
1.250000e-01
1.250000e-01
1.250000e-01
1.250000e-01
1.250000e-01
1.250000e-01
1.250000e-01
1.250000e-01
1.250000e-01
1.250000e-01
1.250000e-01
1.250000e-01
1.250000e-01
1.250000e-01
1.250000e-01
1.250000e-01
1.250000e-01
1.250000e-01
1.250000e-01
1.250000e-01
1.250000e-01
1.250000e-01
1.250000e-01
1.250000e-01
1.250000e-01
1.250000e-01
1.250000e-01
1.250000e-01
1.250000e-01
1.250000e-01
1.250000e-01
1.250000e-01
1.250000e-01
1.250000e-01
1.250000e-01
1.250000e-01
1.250000e-01
1.250000e-01
1.250000e-01
1.250000e-01
1.250000e-01
1.250000e-01
1.250000e-01
1.250000e-01
1.250000e-01
1.250000e-01
1.250000e-01
1.250000e-01
1.250000e-01
1.250000e-01
1.250000e-01
1.250000e-01
1.250000e-01
1.250000e-01
1.250000e-01
1.250000e-01
1.250000e-01
1.250000e-01
1.250000e-01
1.250000e-01
1.250000e-01
1.250000e-01
1.250000e-01
1.250000e-01
1.250000e-01
1.250000e-01
1.250000e-01
1.250000e-01
1.250001e-01
1.250001e-01
1.250001e-01
1.250001e-01
1.250002e-01
1.250002e-01
1.250003e-01
1.250004e-01
1.250005e-01
1.250007e-01
1.250009e-01
1.250012e-01
1.250016e-01
1.250022e-01
1.250028e-01
1.250037e-01
1.250048e-01
1.250063e-01
1.250081e-01
1.250106e-01
1.250136e-01
1.250176e-01
1.250226e-01
1.250290e-01
1.250372e-01
1.250475e-01
1.250606e-01
1.250771e-01
1.250978e-01
1.251240e-01
1.251567e-01
1.251978e-01
1.252492e-01
1.253133e-01
1.253933e-01
1.254929e-01
1.256169e-01
1.257710e-01
1.259623e-01
1.262000e-01
1.264949e-01
1.268609e-01
1.273151e-01
1.278789e-01
1.285787e-01
1.294479e-01
1.305273e-01
1.318675e-01
1.335298e-01
1.355877e-01
1.381267e-01
1.412431e-01
1.450388e-01
1.496145e-01
1.550573e-01
1.614277e-01
1.687457e-01
1.769816e-01
1.860533e-01
1.958330e-01
2.061612e-01
2.168668e-01
2.277851e-01
2.387688e-01
2.497026e-01
2.605026e-01
2.711181e-01
2.815218e-01
2.917070e-01
3.016816e-01
3.114655e-01
3.210765e-01
3.305413e-01
3.398959e-01
3.491582e-01
3.583834e-01
3.676024e-01
3.768857e-01
3.862733e-01
3.958794e-01
4.057341e-01
4.159782e-01
4.266468e-01
4.378844e-01
4.497407e-01
4.622711e-01
4.755959e-01
4.897011e-01
