5.167076e-01
5.400146e-01
5.646864e-01
5.907552e-01
6.179779e-01
6.462681e-01
6.753915e-01
7.050853e-01
7.350706e-01
7.650213e-01
7.945685e-01
8.233208e-01
8.508650e-01
8.767471e-01
9.005595e-01
9.219212e-01
9.405244e-01
9.561922e-01
9.688944e-01
9.787657e-01
9.860880e-01
9.912596e-01
9.947306e-01
9.969446e-01
9.982888e-01
9.990690e-01
9.995044e-01
9.997398e-01
9.998642e-01
9.999291e-01
9.999628e-01
9.999803e-01
9.999894e-01
9.999942e-01
9.999968e-01
9.999982e-01
9.999990e-01
9.999994e-01
9.999997e-01
9.999998e-01
9.999999e-01
9.999999e-01
1.000000e+00
1.000000e+00
1.000000e+00
1.000000e+00
1.000000e+00
1.000000e+00
1.000000e+00
1.000000e+00
1.000000e+00
1.000000e+00
1.000000e+00
1.000000e+00
1.000000e+00
1.000000e+00
1.000000e+00
1.000000e+00
1.000000e+00
1.000000e+00
1.000000e+00
1.000000e+00
1.000000e+00
1.000000e+00
1.000000e+00
1.000000e+00
1.000000e+00
1.000000e+00
1.000000e+00
1.000000e+00
1.000000e+00
1.000000e+00
1.000000e+00
1.000000e+00
1.000000e+00
1.000000e+00
1.000000e+00
1.000000e+00
1.000000e+00
1.000000e+00
1.000000e+00
1.000000e+00
1.000000e+00
1.000000e+00
1.000000e+00
1.000000e+00
1.000000e+00
1.000000e+00
1.000000e+00
1.000000e+00
1.000000e+00
1.000000e+00
1.000000e+00
1.000000e+00
1.000000e+00
1.000000e+00
1.000000e+00
1.000000e+00
1.000000e+00
1.000000e+00
1.000000e+00
1.000000e+00
1.000000e+00
1.000000e+00
1.000000e+00
1.000000e+00
1.000000e+00
1.000000e+00
1.000000e+00
1.000000e+00
1.000000e+00
1.000000e+00
1.000000e+00
1.000000e+00
1.000000e+00
1.000000e+00
1.000000e+00
1.000000e+00
1.000000e+00
1.000000e+00
1.000000e+00
1.000000e+00
1.000000e+00
1.000000e+00
1.000000e+00
1.000000e+00
1.000000e+00
1.000000e+00
1.000000e+00
1.000000e+00
1.000000e+00
1.000000e+00
1.000000e+00
1.000000e+00
1.000000e+00
1.000000e+00
1.000000e+00
1.000000e+00
1.000000e+00
1.000000e+00
1.000000e+00
1.000000e+00
1.000000e+00
1.000000e+00
1.000000e+00
1.000000e+00
1.000000e+00
1.000000e+00
1.000000e+00
1.000000e+00
1.000000e+00
1.000000e+00
1.000000e+00
1.000000e+00
1.000000e+00
1.000000e+00
1.000000e+00
1.000000e+00
1.000000e+00
1.000000e+00
1.000000e+00
1.000000e+00
1.000000e+00
1.000000e+00
1.000000e+00
1.000000e+00
1.000000e+00
1.000000e+00
1.000000e+00
1.000000e+00
1.000000e+00
1.000000e+00
1.000000e+00
1.000000e+00
1.000000e+00
1.000000e+00
1.000000e+00
1.000000e+00
1.000000e+00
1.000000e+00
1.000000e+00
1.000000e+00
1.000000e+00
1.000000e+00
1.000000e+00
1.000000e+00
1.000000e+00
1.000000e+00
1.000000e+00
1.000000e+00
1.000000e+00
1.000000e+00
1.000000e+00
1.000000e+00
1.000000e+00
1.000000e+00
1.000000e+00
1.000000e+00
1.000000e+00
1.000000e+00
1.000000e+00
1.000000e+00
1.000000e+00
1.000000e+00
1.000000e+00
1.000000e+00
1.000000e+00
1.000000e+00
1.000000e+00
1.000000e+00
1.000000e+00
1.000000e+00
1.000000e+00
1.000000e+00
9.999999e-01
9.999999e-01
9.999998e-01
9.999996e-01
9.999993e-01
9.999987e-01
9.999976e-01
9.999958e-01
9.999923e-01
9.999858e-01
9.999738e-01
9.999514e-01
9.999094e-01
9.998312e-01
9.996867e-01
9.994233e-01
9.989526e-01
9.981339e-01
9.967554e-01
9.945216e-01
9.910543e-01
9.859140e-01
9.786458e-01
9.688400e-01
9.561978e-01
9.405707e-01
9.219795e-01
9.006004e-01
8.767439e-01
8.507994e-01
8.231834e-01
7.943597e-01
7.647514e-01
7.347510e-01
7.047370e-01
6.750348e-01
6.459160e-01
6.176540e-01
5.904678e-01
5.644530e-01
5.398303e-01
5.166042e-01
4.948746e-01
4.746084e-01
4.557264e-01
4.380462e-01
4.214726e-01
4.057675e-01
3.907981e-01
3.763386e-01
3.622003e-01
3.482291e-01
3.342725e-01
3.202261e-01
3.059934e-01
2.915418e-01
2.768632e-01
2.620095e-01
2.470880e-01
2.322648e-01
2.177643e-01
2.038565e-01
1.908275e-01
1.789482e-01
1.684332e-01
1.594023e-01
1.518679e-01
1.457459e-01
1.408811e-01
1.370825e-01
1.341538e-01
1.319151e-01
1.302125e-01
1.289221e-01
1.279456e-01
1.272079e-01
1.266509e-01
1.262315e-01
1.259156e-01
1.256788e-01
1.255012e-01
1.253688e-01
1.252701e-01
1.251972e-01
1.251432e-01
1.251036e-01
1.250745e-01
1.250534e-01
1.250380e-01
1.250270e-01
1.250190e-01
1.250134e-01
1.250093e-01
1.250065e-01
1.250045e-01
1.250031e-01
1.250021e-01
1.250014e-01
1.250010e-01
1.250007e-01
1.250004e-01
1.250003e-01
1.250002e-01
1.250001e-01
1.250001e-01
1.250001e-01
1.250000e-01
1.250000e-01
1.250000e-01
1.250000e-01
1.250000e-01
1.250000e-01
1.250000e-01
1.250000e-01
1.250000e-01
1.250000e-01
1.250000e-01
1.250000e-01
1.250000e-01
1.250000e-01
1.250000e-01
1.250000e-01
1.250000e-01
1.250000e-01
1.250000e-01
1.250000e-01
1.250000e-01
1.250000e-01
1.250000e-01
1.250000e-01
1.250000e-01
1.250000e-01
1.250000e-01
1.250000e-01
1.250000e-01
1.250000e-01
1.250000e-01
1.250000e-01
1.250000e-01
1.250000e-01
1.250000e-01
1.250000e-01
1.250000e-01
1.250000e-01
1.250000e-01
1.250000e-01
1.250000e-01
1.250000e-01
1.250000e-01
1.250000e-01
1.250000e-01
1.250000e-01
1.250000e-01
1.250000e-01
1.250000e-01
1.250000e-01
1.250000e-01
1.250000e-01
1.250000e-01
1.250000e-01
1.250000e-01
1.250000e-01
1.250000e-01
1.250000e-01
1.250000e-01
1.250000e-01
1.250000e-01
1.250000e-01
1.250000e-01
1.250000e-01
1.250000e-01
1.250000e-01
1.250000e-01
1.250000e-01
1.250000e-01
1.250000e-01
1.250000e-01
1.250000e-01
1.250000e-01
1.250000e-01
1.250000e-01
1.250000e-01
1.250000e-01
1.250000e-01
1.250000e-01
1.250000e-01
1.250000e-01
1.250000e-01
1.250000e-01
1.250000e-01
1.250000e-01
1.250000e-01
1.250000e-01
1.250000e-01
1.250000e-01
1.250000e-01
1.250000e-01
1.250000e-01
1.250000e-01
1.250000e-01
1.250000e-01
1.250000e-01
1.250000e-01
1.250000e-01
1.250000e-01
1.250000e-01
1.250000e-01
1.250000e-01
1.250000e-01
1.250000e-01
1.250000e-01
1.250000e-01
1.250000e-01
1.250000e-01
1.250000e-01
1.250000e-01
1.250000e-01
1.250000e-01
1.250000e-01
1.250000e-01
1.250000e-01
1.250000e-01
1.250000e-01
1.250000e-01
1.250000e-01
1.250000e-01
1.250000e-01
1.250000e-01
1.250000e-01
1.250000e-01
1.250000e-01
1.250000e-01
1.250000e-01
1.250000e-01
1.250001e-01
1.250001e-01
1.250001e-01
1.250002e-01
1.250003e-01
1.250005e-01
1.250007e-01
1.250010e-01
1.250015e-01
1.250022e-01
1.250032e-01
1.250047e-01
1.250067e-01
1.250097e-01
1.250138e-01
1.250196e-01
1.250276e-01
1.250388e-01
1.250543e-01
1.250757e-01
1.251050e-01
1.251450e-01
1.251993e-01
1.252729e-01
1.253721e-01
1.255054e-01
1.256839e-01
1.259223e-01
1.262397e-01
1.266613e-01
1.272203e-01
1.279602e-01
1.289380e-01
1.302280e-01
1.319266e-01
1.341558e-01
1.370662e-01
1.408354e-01
1.456584e-01
1.517284e-01
1.592060e-01
1.681839e-01
1.786574e-01
1.905110e-01
2.035336e-01
2.174536e-01
2.319795e-01
2.468328e-01
2.617839e-01
2.766649e-01
2.913638e-01
3.058271e-01
3.200658e-01
3.341139e-01
3.480694e-01
3.620402e-01
3.761776e-01
3.906401e-01
4.056203e-01
4.213413e-01
4.379447e-01
4.556774e-01
4.746090e-01
4.949422e-01
