5.015014e-01
5.156830e-01
5.306012e-01
5.462690e-01
5.626662e-01
5.797679e-01
5.975156e-01
6.158998e-01
6.348532e-01
6.543212e-01
6.742248e-01
6.945029e-01
7.150646e-01
7.358164e-01
7.566601e-01
7.774631e-01
7.981111e-01
8.184596e-01
8.383559e-01
8.576418e-01
8.761370e-01
8.936752e-01
9.100843e-01
9.252061e-01
9.389036e-01
9.510717e-01
9.616486e-01
9.706250e-01
9.780452e-01
9.840073e-01
9.886557e-01
9.921668e-01
9.947344e-01
9.965517e-01
9.977972e-01
9.986247e-01
9.991586e-01
9.994941e-01
9.997000e-01
9.998239e-01
9.998973e-01
9.999403e-01
9.999653e-01
9.999798e-01
9.999881e-01
9.999930e-01
9.999959e-01
9.999975e-01
9.999985e-01
9.999991e-01
9.999994e-01
9.999997e-01
9.999998e-01
9.999999e-01
9.999999e-01
9.999999e-01
1.000000e+00
1.000000e+00
1.000000e+00
1.000000e+00
1.000000e+00
1.000000e+00
1.000000e+00
1.000000e+00
1.000000e+00
1.000000e+00
1.000000e+00
1.000000e+00
1.000000e+00
1.000000e+00
1.000000e+00
1.000000e+00
1.000000e+00
1.000000e+00
1.000000e+00
1.000000e+00
1.000000e+00
1.000000e+00
1.000000e+00
1.000000e+00
1.000000e+00
1.000000e+00
1.000000e+00
1.000000e+00
1.000000e+00
1.000000e+00
1.000000e+00
1.000000e+00
1.000000e+00
1.000000e+00
1.000000e+00
1.000000e+00
1.000000e+00
1.000000e+00
1.000000e+00
1.000000e+00
1.000000e+00
1.000000e+00
1.000000e+00
1.000000e+00
1.000000e+00
1.000000e+00
1.000000e+00
1.000000e+00
1.000000e+00
1.000000e+00
1.000000e+00
1.000000e+00
1.000000e+00
1.000000e+00
1.000000e+00
1.000000e+00
1.000000e+00
1.000000e+00
1.000000e+00
1.000000e+00
1.000000e+00
1.000000e+00
1.000000e+00
1.000000e+00
1.000000e+00
1.000000e+00
1.000000e+00
1.000000e+00
1.000000e+00
1.000000e+00
1.000000e+00
1.000000e+00
1.000000e+00
1.000000e+00
1.000000e+00
1.000000e+00
1.000000e+00
1.000000e+00
1.000000e+00
1.000000e+00
1.000000e+00
1.000000e+00
1.000000e+00
1.000000e+00
1.000000e+00
1.000000e+00
1.000000e+00
1.000000e+00
1.000000e+00
1.000000e+00
1.000000e+00
1.000000e+00
1.000000e+00
1.000000e+00
1.000000e+00
1.000000e+00
1.000000e+00
1.000000e+00
1.000000e+00
1.000000e+00
1.000000e+00
1.000000e+00
1.000000e+00
1.000000e+00
1.000000e+00
1.000000e+00
1.000000e+00
1.000000e+00
1.000000e+00
1.000000e+00
1.000000e+00
1.000000e+00
1.000000e+00
1.000000e+00
1.000000e+00
1.000000e+00
1.000000e+00
1.000000e+00
1.000000e+00
1.000000e+00
1.000000e+00
1.000000e+00
1.000000e+00
1.000000e+00
1.000000e+00
1.000000e+00
1.000000e+00
1.000000e+00
1.000000e+00
1.000000e+00
1.000000e+00
1.000000e+00
1.000000e+00
1.000000e+00
1.000000e+00
1.000000e+00
1.000000e+00
1.000000e+00
1.000000e+00
1.000000e+00
1.000000e+00
1.000000e+00
1.000000e+00
1.000000e+00
9.999999e-01
9.999999e-01
9.999998e-01
9.999997e-01
9.999996e-01
9.999993e-01
9.999988e-01
9.999981e-01
9.999968e-01
9.999947e-01
9.999910e-01
9.999849e-01
9.999745e-01
9.999568e-01
9.999269e-01
9.998767e-01
9.997931e-01
9.996555e-01
9.994320e-01
9.990755e-01
9.985187e-01
9.976687e-01
9.964045e-01
9.945758e-01
9.920076e-01
9.885078e-01
9.838830e-01
9.779533e-01
9.705702e-01
9.616302e-01
9.510841e-01
9.389368e-01
9.252488e-01
9.101239e-01
8.937001e-01
8.761377e-01
8.576107e-01
8.382886e-01
8.183538e-01
7.979675e-01
7.772845e-01
7.564504e-01
7.355815e-01
7.148100e-01
6.942356e-01
6.739523e-01
6.540481e-01
6.345874e-01
6.156454e-01
5.972788e-01
5.795501e-01
5.624732e-01
5.461023e-01
5.304630e-01
5.155726e-01
5.014269e-01
4.880204e-01
4.753547e-01
4.633698e-01
4.520503e-01
4.413505e-01
4.311766e-01
4.215024e-01
4.122341e-01
4.032933e-01
3.946319e-01
3.861479e-01
3.778131e-01
3.695513e-01
3.613137e-01
3.530766e-01
3.447921e-01
3.364512e-01
3.280209e-01
3.194917e-01
3.108419e-01
3.020501e-01
2.931023e-01
2.839761e-01
2.746563e-01
2.651332e-01
2.554117e-01
2.455122e-01
2.354782e-01
2.253799e-01
2.153151e-01
2.054079e-01
1.957986e-01
1.866368e-01
1.780632e-01
1.701954e-01
1.631167e-01
1.568687e-01
1.514514e-01
1.468278e-01
1.429339e-01
1.396896e-01
1.370084e-01
1.348053e-01
1.330023e-01
1.315301e-01
1.303291e-01
1.293500e-01
1.285517e-01
1.279001e-01
1.273683e-01
1.269342e-01
1.265789e-01
1.262886e-01
1.260515e-01
1.258570e-01
1.256981e-01
1.255686e-01
1.254621e-01
1.253753e-01
1.253048e-01
1.252468e-01
1.251996e-01
1.251615e-01
1.251302e-01
1.251048e-01
1.250845e-01
1.250677e-01
1.250542e-01
1.250435e-01
1.250347e-01
1.250276e-01
1.250220e-01
1.250175e-01
1.250138e-01
1.250110e-01
1.250086e-01
1.250068e-01
1.250054e-01
1.250042e-01
1.250033e-01
1.250026e-01
1.250020e-01
1.250016e-01
1.250012e-01
1.250009e-01
1.250007e-01
1.250006e-01
1.250004e-01
1.250003e-01
1.250003e-01
1.250002e-01
1.250001e-01
1.250001e-01
1.250001e-01
1.250001e-01
1.250000e-01
1.250000e-01
1.250000e-01
1.250000e-01
1.250000e-01
1.250000e-01
1.250000e-01
1.250000e-01
1.250000e-01
1.250000e-01
1.250000e-01
1.250000e-01
1.250000e-01
1.250000e-01
1.250000e-01
1.250000e-01
1.250000e-01
1.250000e-01
1.250000e-01
1.250000e-01
1.250000e-01
1.250000e-01
1.250000e-01
1.250000e-01
1.250000e-01
1.250000e-01
1.250000e-01
1.250000e-01
1.250000e-01
1.250000e-01
1.250000e-01
1.250000e-01
1.250000e-01
1.250000e-01
1.250000e-01
1.250000e-01
1.250000e-01
1.250000e-01
1.250000e-01
1.250000e-01
1.250000e-01
1.250000e-01
1.250000e-01
1.250000e-01
1.250000e-01
1.250000e-01
1.250000e-01
1.250000e-01
1.250000e-01
1.250000e-01
1.250000e-01
1.250000e-01
1.250000e-01
1.250000e-01
1.250000e-01
1.250000e-01
1.250000e-01
1.250000e-01
1.250000e-01
1.250000e-01
1.250000e-01
1.250000e-01
1.250000e-01
1.250000e-01
1.250000e-01
1.250001e-01
1.250001e-01
1.250001e-01
1.250001e-01
1.250002e-01
1.250002e-01
1.250003e-01
1.250003e-01
1.250004e-01
1.250006e-01
1.250007e-01
1.250010e-01
1.250012e-01
1.250016e-01
1.250020e-01
1.250026e-01
1.250033e-01
1.250042e-01
1.250054e-01
1.250069e-01
1.250087e-01
1.250110e-01
1.250139e-01
1.250176e-01
1.250221e-01
1.250278e-01
1.250349e-01
1.250436e-01
1.250545e-01
1.250680e-01
1.250847e-01
1.251053e-01
1.251306e-01
1.251619e-01
1.252004e-01
1.252476e-01
1.253056e-01
1.253767e-01
1.254637e-01
1.255702e-01
1.257006e-01
1.258599e-01
1.260547e-01
1.262929e-01
1.265839e-01
1.269398e-01
1.273752e-01
1.279077e-01
1.285598e-01
1.293585e-01
1.303371e-01
1.315362e-01
1.330050e-01
1.348017e-01
1.369948e-01
1.396614e-01
1.428856e-01
1.467536e-01
1.513465e-01
1.567299e-01
1.629437e-01
1.699916e-01
1.778353e-01
1.863939e-01
1.955501e-01
2.051626e-01
2.150813e-01
2.251638e-01
2.352824e-01
2.453371e-01
2.552556e-01
2.649935e-01
2.745302e-01
2.838597e-01
2.929925e-01
3.019445e-01
3.107365e-01
3.193854e-01
3.279139e-01
3.363394e-01
3.446776e-01
3.529565e-01
3.611902e-01
3.694240e-01
3.776876e-01
3.860204e-01
3.945079e-01
4.031729e-01
4.121254e-01
4.214091e-01
4.310987e-01
4.412958e-01
4.520173e-01
4.633651e-01
4.753784e-01
4.880721e-01
