5.212760e-01
5.478546e-01
5.760558e-01
6.057943e-01
6.368345e-01
6.689426e-01
7.017267e-01
7.348480e-01
7.678413e-01
8.002257e-01
8.314821e-01
8.610373e-01
8.883512e-01
9.129151e-01
9.343071e-01
9.522589e-01
9.667010e-01
9.777812e-01
9.858474e-01
9.914025e-01
9.950138e-01
9.972299e-01
9.985176e-01
9.992299e-01
9.996080e-01
9.998026e-01
9.999008e-01
9.999499e-01
9.999744e-01
9.999868e-01
9.999931e-01
9.999963e-01
9.999980e-01
9.999989e-01
9.999994e-01
9.999997e-01
9.999998e-01
9.999999e-01
9.999999e-01
1.000000e+00
1.000000e+00
1.000000e+00
1.000000e+00
1.000000e+00
1.000000e+00
1.000000e+00
1.000000e+00
1.000000e+00
1.000000e+00
1.000000e+00
1.000000e+00
1.000000e+00
1.000000e+00
1.000000e+00
1.000000e+00
1.000000e+00
1.000000e+00
1.000000e+00
1.000000e+00
1.000000e+00
1.000000e+00
1.000000e+00
1.000000e+00
1.000000e+00
1.000000e+00
1.000000e+00
1.000000e+00
1.000000e+00
1.000000e+00
1.000000e+00
1.000000e+00
1.000000e+00
1.000000e+00
1.000000e+00
1.000000e+00
1.000000e+00
1.000000e+00
1.000000e+00
1.000000e+00
1.000000e+00
1.000000e+00
1.000000e+00
1.000000e+00
1.000000e+00
1.000000e+00
1.000000e+00
1.000000e+00
1.000000e+00
1.000000e+00
1.000000e+00
1.000000e+00
1.000000e+00
1.000000e+00
1.000000e+00
1.000000e+00
1.000000e+00
1.000000e+00
1.000000e+00
1.000000e+00
1.000000e+00
1.000000e+00
1.000000e+00
1.000000e+00
1.000000e+00
1.000000e+00
1.000000e+00
1.000000e+00
1.000000e+00
1.000000e+00
1.000000e+00
1.000000e+00
1.000000e+00
1.000000e+00
1.000000e+00
1.000000e+00
1.000000e+00
1.000000e+00
1.000000e+00
1.000000e+00
1.000000e+00
1.000000e+00
1.000000e+00
1.000000e+00
1.000000e+00
1.000000e+00
1.000000e+00
1.000000e+00
1.000000e+00
1.000000e+00
1.000000e+00
1.000000e+00
1.000000e+00
1.000000e+00
1.000000e+00
1.000000e+00
1.000000e+00
1.000000e+00
1.000000e+00
1.000000e+00
1.000000e+00
1.000000e+00
1.000000e+00
1.000000e+00
1.000000e+00
1.000000e+00
1.000000e+00
1.000000e+00
1.000000e+00
1.000000e+00
1.000000e+00
1.000000e+00
1.000000e+00
1.000000e+00
1.000000e+00
1.000000e+00
1.000000e+00
1.000000e+00
1.000000e+00
1.000000e+00
1.000000e+00
1.000000e+00
1.000000e+00
1.000000e+00
1.000000e+00
1.000000e+00
1.000000e+00
1.000000e+00
1.000000e+00
1.000000e+00
1.000000e+00
1.000000e+00
1.000000e+00
1.000000e+00
1.000000e+00
1.000000e+00
1.000000e+00
1.000000e+00
1.000000e+00
1.000000e+00
1.000000e+00
1.000000e+00
1.000000e+00
1.000000e+00
1.000000e+00
1.000000e+00
1.000000e+00
1.000000e+00
1.000000e+00
1.000000e+00
1.000000e+00
1.000000e+00
1.000000e+00
1.000000e+00
1.000000e+00
1.000000e+00
1.000000e+00
1.000000e+00
1.000000e+00
1.000000e+00
1.000000e+00
1.000000e+00
1.000000e+00
1.000000e+00
1.000000e+00
1.000000e+00
1.000000e+00
1.000000e+00
1.000000e+00
1.000000e+00
1.000000e+00
1.000000e+00
1.000000e+00
1.000000e+00
1.000000e+00
1.000000e+00
1.000000e+00
1.000000e+00
9.999999e-01
9.999999e-01
9.999998e-01
9.999996e-01
9.999992e-01
9.999985e-01
9.999973e-01
9.999950e-01
9.999905e-01
9.999820e-01
9.999657e-01
9.999341e-01
9.998730e-01
9.997556e-01
9.995326e-01
9.991165e-01
9.983604e-01
9.970316e-01
9.947897e-01
9.911812e-01
9.856627e-01
9.776609e-01
9.666564e-01
9.522797e-01
9.343651e-01
9.129721e-01
8.883721e-01
8.609930e-01
8.313554e-01
8.000156e-01
7.675568e-01
7.345052e-01
7.013533e-01
6.685621e-01
6.364706e-01
6.054687e-01
5.757845e-01
5.476448e-01
5.211652e-01
4.964456e-01
4.735113e-01
4.522264e-01
4.323616e-01
4.137530e-01
3.961221e-01
3.792097e-01
3.627765e-01
3.466027e-01
3.304851e-01
3.142875e-01
2.979208e-01
2.813589e-01
2.646608e-01
2.479687e-01
2.314990e-01
2.155455e-01
2.004495e-01
1.865568e-01
1.741699e-01
1.634962e-01
1.546055e-01
1.474309e-01
1.417988e-01
1.374746e-01
1.342084e-01
1.317688e-01
1.299594e-01
1.286233e-01
1.276395e-01
1.269167e-01
1.263870e-01
1.259996e-01
1.257174e-01
1.255123e-01
1.253641e-01
1.252573e-01
1.251808e-01
1.251263e-01
1.250877e-01
1.250606e-01
1.250415e-01
1.250283e-01
1.250192e-01
1.250129e-01
1.250086e-01
1.250057e-01
1.250038e-01
1.250025e-01
1.250016e-01
1.250010e-01
1.250007e-01
1.250004e-01
1.250003e-01
1.250002e-01
1.250001e-01
1.250001e-01
1.250000e-01
1.250000e-01
1.250000e-01
1.250000e-01
1.250000e-01
1.250000e-01
1.250000e-01
1.250000e-01
1.250000e-01
1.250000e-01
1.250000e-01
1.250000e-01
1.250000e-01
1.250000e-01
1.250000e-01
1.250000e-01
1.250000e-01
1.250000e-01
1.250000e-01
1.250000e-01
1.250000e-01
1.250000e-01
1.250000e-01
1.250000e-01
1.250000e-01
1.250000e-01
1.250000e-01
1.250000e-01
1.250000e-01
1.250000e-01
1.250000e-01
1.250000e-01
1.250000e-01
1.250000e-01
1.250000e-01
1.250000e-01
1.250000e-01
1.250000e-01
1.250000e-01
1.250000e-01
1.250000e-01
1.250000e-01
1.250000e-01
1.250000e-01
1.250000e-01
1.250000e-01
1.250000e-01
1.250000e-01
1.250000e-01
1.250000e-01
1.250000e-01
1.250000e-01
1.250000e-01
1.250000e-01
1.250000e-01
1.250000e-01
1.250000e-01
1.250000e-01
1.250000e-01
1.250000e-01
1.250000e-01
1.250000e-01
1.250000e-01
1.250000e-01
1.250000e-01
1.250000e-01
1.250000e-01
1.250000e-01
1.250000e-01
1.250000e-01
1.250000e-01
1.250000e-01
1.250000e-01
1.250000e-01
1.250000e-01
1.250000e-01
1.250000e-01
1.250000e-01
1.250000e-01
1.250000e-01
1.250000e-01
1.250000e-01
1.250000e-01
1.250000e-01
1.250000e-01
1.250000e-01
1.250000e-01
1.250000e-01
1.250000e-01
1.250000e-01
1.250000e-01
1.250000e-01
1.250000e-01
1.250000e-01
1.250000e-01
1.250000e-01
1.250000e-01
1.250000e-01
1.250000e-01
1.250000e-01
1.250000e-01
1.250000e-01
1.250000e-01
1.250000e-01
1.250000e-01
1.250000e-01
1.250000e-01
1.250000e-01
1.250000e-01
1.250000e-01
1.250000e-01
1.250000e-01
1.250000e-01
1.250000e-01
1.250000e-01
1.250000e-01
1.250000e-01
1.250000e-01
1.250000e-01
1.250000e-01
1.250000e-01
1.250000e-01
1.250000e-01
1.250000e-01
1.250000e-01
1.250000e-01
1.250000e-01
1.250000e-01
1.250000e-01
1.250000e-01
1.250000e-01
1.250000e-01
1.250000e-01
1.250000e-01
1.250000e-01
1.250000e-01
1.250000e-01
1.250000e-01
1.250000e-01
1.250000e-01
1.250000e-01
1.250000e-01
1.250001e-01
1.250001e-01
1.250002e-01
1.250003e-01
1.250005e-01
1.250007e-01
1.250011e-01
1.250017e-01
1.250027e-01
1.250040e-01
1.250061e-01
1.250091e-01
1.250135e-01
1.250199e-01
1.250293e-01
1.250427e-01
1.250621e-01
1.250896e-01
1.251287e-01
1.251838e-01
1.252610e-01
1.253686e-01
1.255181e-01
1.257246e-01
1.260089e-01
1.263985e-01
1.269310e-01
1.276565e-01
1.286424e-01
1.299785e-01
1.317837e-01
1.342117e-01
1.374549e-01
1.417418e-01
1.473216e-01
1.544332e-01
1.632591e-01
1.738765e-01
1.862238e-01
2.001006e-01
2.152050e-01
2.311843e-01
2.476878e-01
2.644144e-01
2.811420e-01
2.977260e-01
3.141082e-01
3.303095e-01
3.464281e-01
3.626024e-01
3.790380e-01
3.959569e-01
4.136061e-01
4.322480e-01
4.521534e-01
4.735010e-01
4.965154e-01
