4.996810e-01
5.129693e-01
5.269413e-01
5.415935e-01
5.569195e-01
5.728968e-01
5.894973e-01
6.066881e-01
6.244241e-01
6.426646e-01
6.613602e-01
6.804305e-01
6.998295e-01
7.194753e-01
7.392837e-01
7.591703e-01
7.790189e-01
7.987295e-01
8.181758e-01
8.372253e-01
8.557379e-01
8.735570e-01
8.905333e-01
9.065131e-01
9.213511e-01
9.349165e-01
9.471059e-01
9.578440e-01
9.671030e-01
9.748990e-01
9.812960e-01
9.864022e-01
9.903616e-01
9.933401e-01
9.955129e-01
9.970499e-01
9.981048e-01
9.988081e-01
9.992645e-01
9.995533e-01
9.997322e-01
9.998410e-01
9.999062e-01
9.999449e-01
9.999676e-01
9.999809e-01
9.999887e-01
9.999933e-01
9.999960e-01
9.999976e-01
9.999985e-01
9.999991e-01
9.999994e-01
9.999997e-01
9.999998e-01
9.999999e-01
9.999999e-01
9.999999e-01
1.000000e+00
1.000000e+00
1.000000e+00
1.000000e+00
1.000000e+00
1.000000e+00
1.000000e+00
1.000000e+00
1.000000e+00
1.000000e+00
1.000000e+00
1.000000e+00
1.000000e+00
1.000000e+00
1.000000e+00
1.000000e+00
1.000000e+00
1.000000e+00
1.000000e+00
1.000000e+00
1.000000e+00
1.000000e+00
1.000000e+00
1.000000e+00
1.000000e+00
1.000000e+00
1.000000e+00
1.000000e+00
1.000000e+00
1.000000e+00
1.000000e+00
1.000000e+00
1.000000e+00
1.000000e+00
1.000000e+00
1.000000e+00
1.000000e+00
1.000000e+00
1.000000e+00
1.000000e+00
1.000000e+00
1.000000e+00
1.000000e+00
1.000000e+00
1.000000e+00
1.000000e+00
1.000000e+00
1.000000e+00
1.000000e+00
1.000000e+00
1.000000e+00
1.000000e+00
1.000000e+00
1.000000e+00
1.000000e+00
1.000000e+00
1.000000e+00
1.000000e+00
1.000000e+00
1.000000e+00
1.000000e+00
1.000000e+00
1.000000e+00
1.000000e+00
1.000000e+00
1.000000e+00
1.000000e+00
1.000000e+00
1.000000e+00
1.000000e+00
1.000000e+00
1.000000e+00
1.000000e+00
1.000000e+00
1.000000e+00
1.000000e+00
1.000000e+00
1.000000e+00
1.000000e+00
1.000000e+00
1.000000e+00
1.000000e+00
1.000000e+00
1.000000e+00
1.000000e+00
1.000000e+00
1.000000e+00
1.000000e+00
1.000000e+00
1.000000e+00
1.000000e+00
1.000000e+00
1.000000e+00
1.000000e+00
1.000000e+00
1.000000e+00
1.000000e+00
1.000000e+00
1.000000e+00
1.000000e+00
1.000000e+00
1.000000e+00
1.000000e+00
1.000000e+00
1.000000e+00
1.000000e+00
1.000000e+00
1.000000e+00
1.000000e+00
1.000000e+00
1.000000e+00
1.000000e+00
1.000000e+00
1.000000e+00
1.000000e+00
1.000000e+00
1.000000e+00
1.000000e+00
1.000000e+00
1.000000e+00
1.000000e+00
1.000000e+00
1.000000e+00
1.000000e+00
1.000000e+00
1.000000e+00
1.000000e+00
1.000000e+00
1.000000e+00
1.000000e+00
1.000000e+00
1.000000e+00
1.000000e+00
1.000000e+00
1.000000e+00
1.000000e+00
1.000000e+00
1.000000e+00
1.000000e+00
1.000000e+00
9.999999e-01
9.999999e-01
9.999998e-01
9.999997e-01
9.999996e-01
9.999993e-01
9.999988e-01
9.999981e-01
9.999969e-01
9.999948e-01
9.999914e-01
9.999857e-01
9.999760e-01
9.999598e-01
9.999327e-01
9.998877e-01
9.998134e-01
9.996924e-01
9.994978e-01
9.991901e-01
9.987126e-01
9.979878e-01
9.969137e-01
9.953631e-01
9.931853e-01
9.902123e-01
9.862697e-01
9.811897e-01
9.748253e-01
9.670641e-01
9.578373e-01
9.471249e-01
9.349519e-01
9.213920e-01
9.065488e-01
8.905538e-01
8.735542e-01
8.557053e-01
8.371595e-01
8.180747e-01
7.985937e-01
7.788508e-01
7.589734e-01
7.390626e-01
7.192348e-01
6.995759e-01
6.801698e-01
6.610972e-01
6.424055e-01
6.241731e-01
6.064493e-01
5.892765e-01
5.726948e-01
5.567398e-01
5.414383e-01
5.268124e-01
5.128664e-01
4.996102e-01
4.870338e-01
4.751385e-01
4.638669e-01
4.532029e-01
4.431166e-01
4.335199e-01
4.243823e-01
4.156453e-01
4.072115e-01
3.990440e-01
3.910738e-01
3.832282e-01
3.754775e-01
3.677599e-01
3.600475e-01
3.523183e-01
3.445336e-01
3.366947e-01
3.287735e-01
3.207717e-01
3.126660e-01
3.044432e-01
2.960879e-01
2.875799e-01
2.788986e-01
2.700280e-01
2.609587e-01
2.516956e-01
2.422577e-01
2.326874e-01
2.230520e-01
2.134441e-01
2.039801e-01
1.947908e-01
1.860151e-01
1.777829e-01
1.702034e-01
1.633550e-01
1.572791e-01
1.519791e-01
1.474252e-01
1.435622e-01
1.403192e-01
1.376186e-01
1.353824e-01
1.335383e-01
1.320213e-01
1.307747e-01
1.297508e-01
1.289101e-01
1.282191e-01
1.276506e-01
1.271832e-01
1.267983e-01
1.264808e-01
1.262192e-01
1.260039e-01
1.258257e-01
1.256788e-01
1.255581e-01
1.254582e-01
1.253756e-01
1.253081e-01
1.252523e-01
1.252060e-01
1.251685e-01
1.251375e-01
1.251118e-01
1.250911e-01
1.250741e-01
1.250600e-01
1.250486e-01
1.250394e-01
1.250317e-01
1.250255e-01
1.250206e-01
1.250166e-01
1.250132e-01
1.250106e-01
1.250085e-01
1.250068e-01
1.250054e-01
1.250043e-01
1.250034e-01
1.250027e-01
1.250021e-01
1.250017e-01
1.250013e-01
1.250010e-01
1.250008e-01
1.250006e-01
1.250005e-01
1.250004e-01
1.250003e-01
1.250002e-01
1.250002e-01
1.250001e-01
1.250001e-01
1.250001e-01
1.250001e-01
1.250000e-01
1.250000e-01
1.250000e-01
1.250000e-01
1.250000e-01
1.250000e-01
1.250000e-01
1.250000e-01
1.250000e-01
1.250000e-01
1.250000e-01
1.250000e-01
1.250000e-01
1.250000e-01
1.250000e-01
1.250000e-01
1.250000e-01
1.250000e-01
1.250000e-01
1.250000e-01
1.250000e-01
1.250000e-01
1.250000e-01
1.250000e-01
1.250000e-01
1.250000e-01
1.250000e-01
1.250000e-01
1.250000e-01
1.250000e-01
1.250000e-01
1.250000e-01
1.250000e-01
1.250000e-01
1.250000e-01
1.250000e-01
1.250000e-01
1.250000e-01
1.250000e-01
1.250000e-01
1.250000e-01
1.250000e-01
1.250000e-01
1.250000e-01
1.250000e-01
1.250000e-01
1.250000e-01
1.250000e-01
1.250000e-01
1.250000e-01
1.250000e-01
1.250000e-01
1.250000e-01
1.250000e-01
1.250000e-01
1.250001e-01
1.250001e-01
1.250001e-01
1.250001e-01
1.250001e-01
1.250002e-01
1.250002e-01
1.250003e-01
1.250004e-01
1.250005e-01
1.250007e-01
1.250008e-01
1.250011e-01
1.250013e-01
1.250017e-01
1.250022e-01
1.250027e-01
1.250034e-01
1.250043e-01
1.250054e-01
1.250068e-01
1.250086e-01
1.250107e-01
1.250133e-01
1.250166e-01
1.250207e-01
1.250257e-01
1.250319e-01
1.250395e-01
1.250488e-01
1.250602e-01
1.250742e-01
1.250914e-01
1.251123e-01
1.251378e-01
1.251689e-01
1.252068e-01
1.252529e-01
1.253089e-01
1.253770e-01
1.254595e-01
1.255597e-01
1.256811e-01
1.258283e-01
1.260068e-01
1.262231e-01
1.264853e-01
1.268033e-01
1.271892e-01
1.276575e-01
1.282263e-01
1.289178e-01
1.297587e-01
1.307815e-01
1.320259e-01
1.335390e-01
1.353763e-01
1.376021e-01
1.402881e-01
1.435113e-01
1.473494e-01
1.518741e-01
1.571420e-01
1.631858e-01
1.700052e-01
1.775619e-01
1.857797e-01
1.945498e-01
2.037415e-01
2.132157e-01
2.228400e-01
2.324947e-01
2.420849e-01
2.515416e-01
2.608215e-01
2.699043e-01
2.787852e-01
2.874740e-01
2.959866e-01
3.043441e-01
3.125672e-01
3.206708e-01
3.286712e-01
3.365875e-01
3.444227e-01
3.522033e-01
3.599302e-01
3.676376e-01
3.753555e-01
3.831024e-01
3.909515e-01
3.989273e-01
4.071015e-01
4.155475e-01
4.242968e-01
4.334526e-01
4.430686e-01
4.531761e-01
4.638667e-01
4.751637e-01
4.870845e-01
