5.033820e-01
5.185367e-01
5.344881e-01
5.512549e-01
5.688053e-01
5.871248e-01
6.061271e-01
6.257941e-01
6.460426e-01
6.668149e-01
6.880029e-01
7.095281e-01
7.312795e-01
7.531433e-01
7.749701e-01
7.966282e-01
8.179532e-01
8.387694e-01
8.588967e-01
8.781309e-01
8.962842e-01
9.131657e-01
9.286021e-01
9.424523e-01
9.546106e-01
9.650325e-01
9.737315e-01
9.807852e-01
9.863295e-01
9.905465e-01
9.936464e-01
9.958477e-01
9.973580e-01
9.983602e-01
9.990045e-01
9.994069e-01
9.996520e-01
9.997980e-01
9.998836e-01
9.999331e-01
9.999616e-01
9.999779e-01
9.999872e-01
9.999925e-01
9.999956e-01
9.999974e-01
9.999984e-01
9.999991e-01
9.999994e-01
9.999996e-01
9.999998e-01
9.999999e-01
9.999999e-01
9.999999e-01
1.000000e+00
1.000000e+00
1.000000e+00
1.000000e+00
1.000000e+00
1.000000e+00
1.000000e+00
1.000000e+00
1.000000e+00
1.000000e+00
1.000000e+00
1.000000e+00
1.000000e+00
1.000000e+00
1.000000e+00
1.000000e+00
1.000000e+00
1.000000e+00
1.000000e+00
1.000000e+00
1.000000e+00
1.000000e+00
1.000000e+00
1.000000e+00
1.000000e+00
1.000000e+00
1.000000e+00
1.000000e+00
1.000000e+00
1.000000e+00
1.000000e+00
1.000000e+00
1.000000e+00
1.000000e+00
1.000000e+00
1.000000e+00
1.000000e+00
1.000000e+00
1.000000e+00
1.000000e+00
1.000000e+00
1.000000e+00
1.000000e+00
1.000000e+00
1.000000e+00
1.000000e+00
1.000000e+00
1.000000e+00
1.000000e+00
1.000000e+00
1.000000e+00
1.000000e+00
1.000000e+00
1.000000e+00
1.000000e+00
1.000000e+00
1.000000e+00
1.000000e+00
1.000000e+00
1.000000e+00
1.000000e+00
1.000000e+00
1.000000e+00
1.000000e+00
1.000000e+00
1.000000e+00
1.000000e+00
1.000000e+00
1.000000e+00
1.000000e+00
1.000000e+00
1.000000e+00
1.000000e+00
1.000000e+00
1.000000e+00
1.000000e+00
1.000000e+00
1.000000e+00
1.000000e+00
1.000000e+00
1.000000e+00
1.000000e+00
1.000000e+00
1.000000e+00
1.000000e+00
1.000000e+00
1.000000e+00
1.000000e+00
1.000000e+00
1.000000e+00
1.000000e+00
1.000000e+00
1.000000e+00
1.000000e+00
1.000000e+00
1.000000e+00
1.000000e+00
1.000000e+00
1.000000e+00
1.000000e+00
1.000000e+00
1.000000e+00
1.000000e+00
1.000000e+00
1.000000e+00
1.000000e+00
1.000000e+00
1.000000e+00
1.000000e+00
1.000000e+00
1.000000e+00
1.000000e+00
1.000000e+00
1.000000e+00
1.000000e+00
1.000000e+00
1.000000e+00
1.000000e+00
1.000000e+00
1.000000e+00
1.000000e+00
1.000000e+00
1.000000e+00
1.000000e+00
1.000000e+00
1.000000e+00
1.000000e+00
1.000000e+00
1.000000e+00
1.000000e+00
1.000000e+00
1.000000e+00
1.000000e+00
1.000000e+00
1.000000e+00
1.000000e+00
1.000000e+00
1.000000e+00
1.000000e+00
1.000000e+00
1.000000e+00
1.000000e+00
1.000000e+00
1.000000e+00
1.000000e+00
1.000000e+00
1.000000e+00
1.000000e+00
9.999999e-01
9.999999e-01
9.999998e-01
9.999997e-01
9.999995e-01
9.999993e-01
9.999988e-01
9.999980e-01
9.999966e-01
9.999943e-01
9.999904e-01
9.999836e-01
9.999720e-01
9.999521e-01
9.999180e-01
9.998602e-01
9.997629e-01
9.996011e-01
9.993361e-01
9.989103e-01
9.982413e-01
9.972162e-01
9.956887e-01
9.934802e-01
9.903860e-01
9.861882e-01
9.806753e-01
9.736603e-01
9.650015e-01
9.546151e-01
9.424828e-01
9.286459e-01
9.132086e-01
8.963132e-01
8.781344e-01
8.588660e-01
8.386991e-01
8.178408e-01
7.964748e-01
7.747789e-01
7.529189e-01
7.310292e-01
7.092583e-01
6.877219e-01
6.665308e-01
6.457617e-01
6.255225e-01
6.058732e-01
5.868916e-01
5.685979e-01
5.510741e-01
5.343391e-01
5.184193e-01
5.033045e-01
4.890004e-01
4.755081e-01
4.627582e-01
4.507410e-01
4.393817e-01
4.285947e-01
4.183470e-01
4.085048e-01
3.990290e-01
3.898264e-01
3.808106e-01
3.719253e-01
3.630990e-01
3.542957e-01
3.454564e-01
3.365610e-01
3.275713e-01
3.184659e-01
3.092215e-01
2.998141e-01
2.902261e-01
2.804388e-01
2.704424e-01
2.602398e-01
2.498526e-01
2.393227e-01
2.287219e-01
2.181517e-01
2.077426e-01
1.976451e-01
1.880199e-01
1.790221e-01
1.707810e-01
1.633884e-01
1.568901e-01
1.512845e-01
1.465293e-01
1.425519e-01
1.392625e-01
1.365650e-01
1.343659e-01
1.325805e-01
1.311341e-01
1.299634e-01
1.290168e-01
1.282507e-01
1.276304e-01
1.271286e-01
1.267217e-01
1.263918e-01
1.261249e-01
1.259080e-01
1.257323e-01
1.255904e-01
1.254749e-01
1.253817e-01
1.253066e-01
1.252455e-01
1.251964e-01
1.251571e-01
1.251250e-01
1.250996e-01
1.250792e-01
1.250626e-01
1.250496e-01
1.250392e-01
1.250308e-01
1.250243e-01
1.250190e-01
1.250149e-01
1.250116e-01
1.250091e-01
1.250070e-01
1.250055e-01
1.250042e-01
1.250033e-01
1.250025e-01
1.250019e-01
1.250015e-01
1.250011e-01
1.250009e-01
1.250007e-01
1.250005e-01
1.250004e-01
1.250003e-01
1.250002e-01
1.250002e-01
1.250001e-01
1.250001e-01
1.250001e-01
1.250000e-01
1.250000e-01
1.250000e-01
1.250000e-01
1.250000e-01
1.250000e-01
1.250000e-01
1.250000e-01
1.250000e-01
1.250000e-01
1.250000e-01
1.250000e-01
1.250000e-01
1.250000e-01
1.250000e-01
1.250000e-01
1.250000e-01
1.250000e-01
1.250000e-01
1.250000e-01
1.250000e-01
1.250000e-01
1.250000e-01
1.250000e-01
1.250000e-01
1.250000e-01
1.250000e-01
1.250000e-01
1.250000e-01
1.250000e-01
1.250000e-01
1.250000e-01
1.250000e-01
1.250000e-01
1.250000e-01
1.250000e-01
1.250000e-01
1.250000e-01
1.250000e-01
1.250000e-01
1.250000e-01
1.250000e-01
1.250000e-01
1.250000e-01
1.250000e-01
1.250000e-01
1.250000e-01
1.250000e-01
1.250000e-01
1.250000e-01
1.250000e-01
1.250000e-01
1.250000e-01
1.250000e-01
1.250000e-01
1.250000e-01
1.250000e-01
1.250000e-01
1.250000e-01
1.250000e-01
1.250000e-01
1.250000e-01
1.250000e-01
1.250000e-01
1.250000e-01
1.250000e-01
1.250000e-01
1.250000e-01
1.250000e-01
1.250000e-01
1.250000e-01
1.250000e-01
1.250000e-01
1.250000e-01
1.250000e-01
1.250001e-01
1.250001e-01
1.250001e-01
1.250001e-01
1.250002e-01
1.250002e-01
1.250003e-01
1.250004e-01
1.250005e-01
1.250007e-01
1.250009e-01
1.250012e-01
1.250015e-01
1.250020e-01
1.250026e-01
1.250033e-01
1.250043e-01
1.250055e-01
1.250071e-01
1.250092e-01
1.250117e-01
1.250150e-01
1.250192e-01
1.250244e-01
1.250310e-01
1.250394e-01
1.250499e-01
1.250630e-01
1.250794e-01
1.251000e-01
1.251256e-01
1.251575e-01
1.251972e-01
1.252465e-01
1.253075e-01
1.253832e-01
1.254767e-01
1.255923e-01
1.257351e-01
1.259113e-01
1.261287e-01
1.263968e-01
1.267274e-01
1.271352e-01
1.276384e-01
1.282592e-01
1.290258e-01
1.299725e-01
1.311416e-01
1.325849e-01
1.343643e-01
1.365533e-01
1.392360e-01
1.425045e-01
1.464547e-01
1.511772e-01
1.567466e-01
1.632087e-01
1.705689e-01
1.787852e-01
1.877682e-01
1.973884e-01
2.074908e-01
2.179135e-01
2.285031e-01
2.391254e-01
2.496766e-01
2.600831e-01
2.703014e-01
2.803102e-01
2.901067e-01
2.997004e-01
3.091101e-01
3.183543e-01
3.274588e-01
3.364438e-01
3.453364e-01
3.541708e-01
3.629707e-01
3.717939e-01
3.806780e-01
3.896955e-01
3.989054e-01
4.083862e-01
4.182425e-01
4.285054e-01
4.393181e-01
4.507027e-01
4.627479e-01
4.755311e-01
4.890531e-01
