5.041748e-01
5.197520e-01
5.361545e-01
5.534057e-01
5.714587e-01
5.903010e-01
6.098510e-01
6.300744e-01
6.508878e-01
6.722085e-01
6.939464e-01
7.159978e-01
7.382396e-01
7.605503e-01
7.827673e-01
8.047424e-01
8.262976e-01
8.472447e-01
8.673789e-01
8.864970e-01
9.043963e-01
9.208851e-01
9.357972e-01
9.490024e-01
9.604245e-01
9.700501e-01
9.779323e-01
9.841893e-01
9.889954e-01
9.925609e-01
9.951147e-01
9.968801e-01
9.980588e-01
9.988203e-01
9.992975e-01
9.995885e-01
9.997619e-01
9.998633e-01
9.999219e-01
9.999554e-01
9.999744e-01
9.999853e-01
9.999915e-01
9.999950e-01
9.999971e-01
9.999982e-01
9.999989e-01
9.999994e-01
9.999996e-01
9.999998e-01
9.999999e-01
9.999999e-01
9.999999e-01
1.000000e+00
1.000000e+00
1.000000e+00
1.000000e+00
1.000000e+00
1.000000e+00
1.000000e+00
1.000000e+00
1.000000e+00
1.000000e+00
1.000000e+00
1.000000e+00
1.000000e+00
1.000000e+00
1.000000e+00
1.000000e+00
1.000000e+00
1.000000e+00
1.000000e+00
1.000000e+00
1.000000e+00
1.000000e+00
1.000000e+00
1.000000e+00
1.000000e+00
1.000000e+00
1.000000e+00
1.000000e+00
1.000000e+00
1.000000e+00
1.000000e+00
1.000000e+00
1.000000e+00
1.000000e+00
1.000000e+00
1.000000e+00
1.000000e+00
1.000000e+00
1.000000e+00
1.000000e+00
1.000000e+00
1.000000e+00
1.000000e+00
1.000000e+00
1.000000e+00
1.000000e+00
1.000000e+00
1.000000e+00
1.000000e+00
1.000000e+00
1.000000e+00
1.000000e+00
1.000000e+00
1.000000e+00
1.000000e+00
1.000000e+00
1.000000e+00
1.000000e+00
1.000000e+00
1.000000e+00
1.000000e+00
1.000000e+00
1.000000e+00
1.000000e+00
1.000000e+00
1.000000e+00
1.000000e+00
1.000000e+00
1.000000e+00
1.000000e+00
1.000000e+00
1.000000e+00
1.000000e+00
1.000000e+00
1.000000e+00
1.000000e+00
1.000000e+00
1.000000e+00
1.000000e+00
1.000000e+00
1.000000e+00
1.000000e+00
1.000000e+00
1.000000e+00
1.000000e+00
1.000000e+00
1.000000e+00
1.000000e+00
1.000000e+00
1.000000e+00
1.000000e+00
1.000000e+00
1.000000e+00
1.000000e+00
1.000000e+00
1.000000e+00
1.000000e+00
1.000000e+00
1.000000e+00
1.000000e+00
1.000000e+00
1.000000e+00
1.000000e+00
1.000000e+00
1.000000e+00
1.000000e+00
1.000000e+00
1.000000e+00
1.000000e+00
1.000000e+00
1.000000e+00
1.000000e+00
1.000000e+00
1.000000e+00
1.000000e+00
1.000000e+00
1.000000e+00
1.000000e+00
1.000000e+00
1.000000e+00
1.000000e+00
1.000000e+00
1.000000e+00
1.000000e+00
1.000000e+00
1.000000e+00
1.000000e+00
1.000000e+00
1.000000e+00
1.000000e+00
1.000000e+00
1.000000e+00
1.000000e+00
1.000000e+00
1.000000e+00
1.000000e+00
1.000000e+00
1.000000e+00
1.000000e+00
1.000000e+00
1.000000e+00
1.000000e+00
1.000000e+00
1.000000e+00
1.000000e+00
1.000000e+00
1.000000e+00
1.000000e+00
1.000000e+00
1.000000e+00
9.999999e-01
9.999999e-01
9.999998e-01
9.999997e-01
9.999995e-01
9.999992e-01
9.999986e-01
9.999977e-01
9.999962e-01
9.999935e-01
9.999890e-01
9.999812e-01
9.999677e-01
9.999444e-01
9.999045e-01
9.998366e-01
9.997219e-01
9.995310e-01
9.992182e-01
9.987163e-01
9.979295e-01
9.967288e-01
9.949491e-01
9.923928e-01
9.888388e-01
9.840582e-01
9.778374e-01
9.699966e-01
9.604110e-01
9.490216e-01
9.358367e-01
9.209312e-01
9.044340e-01
8.865133e-01
8.673636e-01
8.471898e-01
8.262002e-01
8.046015e-01
7.825856e-01
7.603327e-01
7.379922e-01
7.157280e-01
6.936632e-01
6.719203e-01
6.506001e-01
6.297968e-01
6.095900e-01
5.900613e-01
5.712440e-01
5.532189e-01
5.360018e-01
5.196316e-01
5.040957e-01
4.894028e-01
4.755522e-01
4.624710e-01
4.501542e-01
4.385072e-01
4.274569e-01
4.169582e-01
4.068767e-01
3.971711e-01
3.877244e-01
3.784780e-01
3.693498e-01
3.602783e-01
3.512165e-01
3.421151e-01
3.329356e-01
3.236562e-01
3.142413e-01
3.046685e-01
2.949181e-01
2.849691e-01
2.748101e-01
2.644392e-01
2.538742e-01
2.431522e-01
2.323394e-01
2.215327e-01
2.108593e-01
2.004717e-01
1.905338e-01
1.812099e-01
1.726411e-01
1.649318e-01
1.581395e-01
1.522718e-01
1.472915e-01
1.431272e-01
1.396872e-01
1.368714e-01
1.345815e-01
1.327276e-01
1.312304e-01
1.300226e-01
1.290492e-01
1.282642e-01
1.276310e-01
1.271205e-01
1.267080e-01
1.263750e-01
1.261066e-01
1.258892e-01
1.257140e-01
1.255729e-01
1.254586e-01
1.253669e-01
1.252932e-01
1.252335e-01
1.251860e-01
1.251477e-01
1.251170e-01
1.250927e-01
1.250732e-01
1.250576e-01
1.250454e-01
1.250355e-01
1.250278e-01
1.250218e-01
1.250169e-01
1.250132e-01
1.250102e-01
1.250079e-01
1.250061e-01
1.250047e-01
1.250036e-01
1.250028e-01
1.250021e-01
1.250016e-01
1.250012e-01
1.250009e-01
1.250007e-01
1.250005e-01
1.250004e-01
1.250003e-01
1.250002e-01
1.250002e-01
1.250001e-01
1.250001e-01
1.250001e-01
1.250001e-01
1.250000e-01
1.250000e-01
1.250000e-01
1.250000e-01
1.250000e-01
1.250000e-01
1.250000e-01
1.250000e-01
1.250000e-01
1.250000e-01
1.250000e-01
1.250000e-01
1.250000e-01
1.250000e-01
1.250000e-01
1.250000e-01
1.250000e-01
1.250000e-01
1.250000e-01
1.250000e-01
1.250000e-01
1.250000e-01
1.250000e-01
1.250000e-01
1.250000e-01
1.250000e-01
1.250000e-01
1.250000e-01
1.250000e-01
1.250000e-01
1.250000e-01
1.250000e-01
1.250000e-01
1.250000e-01
1.250000e-01
1.250000e-01
1.250000e-01
1.250000e-01
1.250000e-01
1.250000e-01
1.250000e-01
1.250000e-01
1.250000e-01
1.250000e-01
1.250000e-01
1.250000e-01
1.250000e-01
1.250000e-01
1.250000e-01
1.250000e-01
1.250000e-01
1.250000e-01
1.250000e-01
1.250000e-01
1.250000e-01
1.250000e-01
1.250000e-01
1.250000e-01
1.250000e-01
1.250000e-01
1.250000e-01
1.250000e-01
1.250000e-01
1.250000e-01
1.250000e-01
1.250000e-01
1.250000e-01
1.250000e-01
1.250000e-01
1.250000e-01
1.250000e-01
1.250000e-01
1.250000e-01
1.250000e-01
1.250000e-01
1.250000e-01
1.250000e-01
1.250000e-01
1.250001e-01
1.250001e-01
1.250001e-01
1.250001e-01
1.250002e-01
1.250002e-01
1.250003e-01
1.250004e-01
1.250005e-01
1.250007e-01
1.250009e-01
1.250012e-01
1.250016e-01
1.250021e-01
1.250028e-01
1.250037e-01
1.250048e-01
1.250062e-01
1.250080e-01
1.250103e-01
1.250133e-01
1.250171e-01
1.250219e-01
1.250280e-01
1.250358e-01
1.250456e-01
1.250580e-01
1.250735e-01
1.250931e-01
1.251176e-01
1.251483e-01
1.251867e-01
1.252345e-01
1.252941e-01
1.253683e-01
1.254605e-01
1.255749e-01
1.257168e-01
1.258926e-01
1.261104e-01
1.263801e-01
1.267140e-01
1.271273e-01
1.276392e-01
1.282731e-01
1.290586e-01
1.300319e-01
1.312380e-01
1.327318e-01
1.345792e-01
1.368582e-01
1.396578e-01
1.430752e-01
1.472105e-01
1.521564e-01
1.579866e-01
1.647421e-01
1.724196e-01
1.809653e-01
1.902766e-01
2.002119e-01
2.106070e-01
2.212964e-01
2.321238e-01
2.429588e-01
2.537016e-01
2.642851e-01
2.746716e-01
2.848418e-01
2.947984e-01
3.045534e-01
3.141284e-01
3.235410e-01
3.328175e-01
3.419950e-01
3.510899e-01
3.601503e-01
3.692162e-01
3.783454e-01
3.875897e-01
3.970448e-01
4.067546e-01
4.168505e-01
4.273633e-01
4.384387e-01
4.501137e-01
4.624581e-01
4.755751e-01
4.894561e-01
