5.047452e-01
5.206308e-01
5.373623e-01
5.549672e-01
5.733919e-01
5.926132e-01
6.125629e-01
6.331899e-01
6.544142e-01
6.761341e-01
6.982656e-01
7.206925e-01
7.432865e-01
7.659050e-01
7.883916e-01
8.105774e-01
8.322742e-01
8.532865e-01
8.733931e-01
8.923889e-01
9.100644e-01
9.262285e-01
9.407238e-01
9.534314e-01
9.642996e-01
9.733406e-01
9.806376e-01
9.863391e-01
9.906429e-01
9.937783e-01
9.959815e-01
9.974751e-01
9.984533e-01
9.990735e-01
9.994553e-01
9.996843e-01
9.998190e-01
9.998968e-01
9.999412e-01
9.999665e-01
9.999808e-01
9.999889e-01
9.999936e-01
9.999962e-01
9.999978e-01
9.999987e-01
9.999992e-01
9.999995e-01
9.999997e-01
9.999998e-01
9.999999e-01
9.999999e-01
1.000000e+00
1.000000e+00
1.000000e+00
1.000000e+00
1.000000e+00
1.000000e+00
1.000000e+00
1.000000e+00
1.000000e+00
1.000000e+00
1.000000e+00
1.000000e+00
1.000000e+00
1.000000e+00
1.000000e+00
1.000000e+00
1.000000e+00
1.000000e+00
1.000000e+00
1.000000e+00
1.000000e+00
1.000000e+00
1.000000e+00
1.000000e+00
1.000000e+00
1.000000e+00
1.000000e+00
1.000000e+00
1.000000e+00
1.000000e+00
1.000000e+00
1.000000e+00
1.000000e+00
1.000000e+00
1.000000e+00
1.000000e+00
1.000000e+00
1.000000e+00
1.000000e+00
1.000000e+00
1.000000e+00
1.000000e+00
1.000000e+00
1.000000e+00
1.000000e+00
1.000000e+00
1.000000e+00
1.000000e+00
1.000000e+00
1.000000e+00
1.000000e+00
1.000000e+00
1.000000e+00
1.000000e+00
1.000000e+00
1.000000e+00
1.000000e+00
1.000000e+00
1.000000e+00
1.000000e+00
1.000000e+00
1.000000e+00
1.000000e+00
1.000000e+00
1.000000e+00
1.000000e+00
1.000000e+00
1.000000e+00
1.000000e+00
1.000000e+00
1.000000e+00
1.000000e+00
1.000000e+00
1.000000e+00
1.000000e+00
1.000000e+00
1.000000e+00
1.000000e+00
1.000000e+00
1.000000e+00
1.000000e+00
1.000000e+00
1.000000e+00
1.000000e+00
1.000000e+00
1.000000e+00
1.000000e+00
1.000000e+00
1.000000e+00
1.000000e+00
1.000000e+00
1.000000e+00
1.000000e+00
1.000000e+00
1.000000e+00
1.000000e+00
1.000000e+00
1.000000e+00
1.000000e+00
1.000000e+00
1.000000e+00
1.000000e+00
1.000000e+00
1.000000e+00
1.000000e+00
1.000000e+00
1.000000e+00
1.000000e+00
1.000000e+00
1.000000e+00
1.000000e+00
1.000000e+00
1.000000e+00
1.000000e+00
1.000000e+00
1.000000e+00
1.000000e+00
1.000000e+00
1.000000e+00
1.000000e+00
1.000000e+00
1.000000e+00
1.000000e+00
1.000000e+00
1.000000e+00
1.000000e+00
1.000000e+00
1.000000e+00
1.000000e+00
1.000000e+00
1.000000e+00
1.000000e+00
1.000000e+00
1.000000e+00
1.000000e+00
1.000000e+00
1.000000e+00
1.000000e+00
1.000000e+00
1.000000e+00
1.000000e+00
1.000000e+00
1.000000e+00
1.000000e+00
1.000000e+00
1.000000e+00
1.000000e+00
1.000000e+00
1.000000e+00
1.000000e+00
1.000000e+00
9.999999e-01
9.999999e-01
9.999999e-01
9.999998e-01
9.999996e-01
9.999994e-01
9.999990e-01
9.999983e-01
9.999971e-01
9.999951e-01
9.999917e-01
9.999858e-01
9.999756e-01
9.999579e-01
9.999274e-01
9.998749e-01
9.997857e-01
9.996354e-01
9.993861e-01
9.989803e-01
9.983342e-01
9.973315e-01
9.958192e-01
9.936077e-01
9.904780e-01
9.861943e-01
9.805262e-01
9.732702e-01
9.642714e-01
9.534401e-01
9.407583e-01
9.262747e-01
9.101069e-01
8.924136e-01
8.733882e-01
8.532432e-01
8.321878e-01
8.104460e-01
7.882175e-01
7.656930e-01
7.430415e-01
7.204240e-01
6.979810e-01
6.758426e-01
6.541226e-01
6.329079e-01
6.122963e-01
5.923682e-01
5.731722e-01
5.547766e-01
5.372066e-01
5.205081e-01
5.046650e-01
4.896884e-01
4.755764e-01
4.622538e-01
4.497193e-01
4.378623e-01
4.266211e-01
4.159399e-01
4.056851e-01
3.958106e-01
3.861865e-01
3.767707e-01
3.674633e-01
3.582117e-01
3.489571e-01
3.396600e-01
3.302716e-01
3.207729e-01
3.111282e-01
3.013109e-01
2.913045e-01
2.810903e-01
2.706605e-01
2.600235e-01
2.492078e-01
2.382657e-01
2.272810e-01
2.163696e-01
2.056770e-01
1.953663e-01
1.856087e-01
1.765622e-01
1.683525e-01
1.610610e-01
1.547175e-01
1.493026e-01
1.447559e-01
1.409897e-01
1.379030e-01
1.353926e-01
1.333618e-01
1.317244e-01
1.304063e-01
1.293465e-01
1.284942e-01
1.278084e-01
1.272570e-01
1.268129e-01
1.264552e-01
1.261677e-01
1.259357e-01
1.257490e-01
1.255992e-01
1.254782e-01
1.253814e-01
1.253038e-01
1.252411e-01
1.251914e-01
1.251516e-01
1.251196e-01
1.250945e-01
1.250743e-01
1.250582e-01
1.250457e-01
1.250356e-01
1.250278e-01
1.250217e-01
1.250168e-01
1.250130e-01
1.250100e-01
1.250077e-01
1.250059e-01
1.250045e-01
1.250035e-01
1.250027e-01
1.250020e-01
1.250015e-01
1.250012e-01
1.250009e-01
1.250007e-01
1.250005e-01
1.250004e-01
1.250003e-01
1.250002e-01
1.250002e-01
1.250001e-01
1.250001e-01
1.250001e-01
1.250000e-01
1.250000e-01
1.250000e-01
1.250000e-01
1.250000e-01
1.250000e-01
1.250000e-01
1.250000e-01
1.250000e-01
1.250000e-01
1.250000e-01
1.250000e-01
1.250000e-01
1.250000e-01
1.250000e-01
1.250000e-01
1.250000e-01
1.250000e-01
1.250000e-01
1.250000e-01
1.250000e-01
1.250000e-01
1.250000e-01
1.250000e-01
1.250000e-01
1.250000e-01
1.250000e-01
1.250000e-01
1.250000e-01
1.250000e-01
1.250000e-01
1.250000e-01
1.250000e-01
1.250000e-01
1.250000e-01
1.250000e-01
1.250000e-01
1.250000e-01
1.250000e-01
1.250000e-01
1.250000e-01
1.250000e-01
1.250000e-01
1.250000e-01
1.250000e-01
1.250000e-01
1.250000e-01
1.250000e-01
1.250000e-01
1.250000e-01
1.250000e-01
1.250000e-01
1.250000e-01
1.250000e-01
1.250000e-01
1.250000e-01
1.250000e-01
1.250000e-01
1.250000e-01
1.250000e-01
1.250000e-01
1.250000e-01
1.250000e-01
1.250000e-01
1.250000e-01
1.250000e-01
1.250000e-01
1.250000e-01
1.250000e-01
1.250000e-01
1.250000e-01
1.250000e-01
1.250000e-01
1.250000e-01
1.250000e-01
1.250000e-01
1.250000e-01
1.250000e-01
1.250000e-01
1.250000e-01
1.250000e-01
1.250000e-01
1.250001e-01
1.250001e-01
1.250001e-01
1.250002e-01
1.250002e-01
1.250003e-01
1.250004e-01
1.250005e-01
1.250007e-01
1.250009e-01
1.250012e-01
1.250016e-01
1.250021e-01
1.250027e-01
1.250035e-01
1.250046e-01
1.250060e-01
1.250078e-01
1.250101e-01
1.250131e-01
1.250169e-01
1.250218e-01
1.250280e-01
1.250359e-01
1.250459e-01
1.250586e-01
1.250746e-01
1.250948e-01
1.251202e-01
1.251521e-01
1.251922e-01
1.252422e-01
1.253048e-01
1.253829e-01
1.254802e-01
1.256013e-01
1.257520e-01
1.259393e-01
1.261719e-01
1.264607e-01
1.268192e-01
1.272644e-01
1.278170e-01
1.285034e-01
1.293562e-01
1.304155e-01
1.317313e-01
1.333642e-01
1.353867e-01
1.378840e-01
1.409516e-01
1.446920e-01
1.492065e-01
1.545846e-01
1.608896e-01
1.681455e-01
1.763265e-01
1.853544e-01
1.951041e-01
2.054171e-01
2.161219e-01
2.270526e-01
2.380592e-01
2.490236e-01
2.598594e-01
2.705130e-01
2.809562e-01
2.911803e-01
3.011924e-01
3.110119e-01
3.206570e-01
3.301542e-01
3.395387e-01
3.488300e-01
3.580831e-01
3.673283e-01
3.766377e-01
3.860500e-01
3.956813e-01
4.055608e-01
4.158300e-01
4.265251e-01
4.377900e-01
4.496770e-01
4.622390e-01
4.755990e-01
4.897422e-01
