5.017201e-01
5.160123e-01
5.310474e-01
5.468399e-01
5.633690e-01
5.806098e-01
5.984996e-01
6.170298e-01
6.361319e-01
6.557505e-01
6.758011e-01
6.962244e-01
7.169261e-01
7.378083e-01
7.587715e-01
7.796796e-01
8.004146e-01
8.208288e-01
8.407647e-01
8.600610e-01
8.785343e-01
8.960158e-01
9.123322e-01
9.273255e-01
9.408623e-01
9.528406e-01
9.632076e-01
9.719625e-01
9.791598e-01
9.849078e-01
9.893601e-01
9.926996e-01
9.951241e-01
9.968273e-01
9.979858e-01
9.987498e-01
9.992392e-01
9.995447e-01
9.997311e-01
9.998427e-01
9.999085e-01
9.999469e-01
9.999691e-01
9.999820e-01
9.999895e-01
9.999938e-01
9.999963e-01
9.999978e-01
9.999987e-01
9.999992e-01
9.999995e-01
9.999997e-01
9.999998e-01
9.999999e-01
9.999999e-01
1.000000e+00
1.000000e+00
1.000000e+00
1.000000e+00
1.000000e+00
1.000000e+00
1.000000e+00
1.000000e+00
1.000000e+00
1.000000e+00
1.000000e+00
1.000000e+00
1.000000e+00
1.000000e+00
1.000000e+00
1.000000e+00
1.000000e+00
1.000000e+00
1.000000e+00
1.000000e+00
1.000000e+00
1.000000e+00
1.000000e+00
1.000000e+00
1.000000e+00
1.000000e+00
1.000000e+00
1.000000e+00
1.000000e+00
1.000000e+00
1.000000e+00
1.000000e+00
1.000000e+00
1.000000e+00
1.000000e+00
1.000000e+00
1.000000e+00
1.000000e+00
1.000000e+00
1.000000e+00
1.000000e+00
1.000000e+00
1.000000e+00
1.000000e+00
1.000000e+00
1.000000e+00
1.000000e+00
1.000000e+00
1.000000e+00
1.000000e+00
1.000000e+00
1.000000e+00
1.000000e+00
1.000000e+00
1.000000e+00
1.000000e+00
1.000000e+00
1.000000e+00
1.000000e+00
1.000000e+00
1.000000e+00
1.000000e+00
1.000000e+00
1.000000e+00
1.000000e+00
1.000000e+00
1.000000e+00
1.000000e+00
1.000000e+00
1.000000e+00
1.000000e+00
1.000000e+00
1.000000e+00
1.000000e+00
1.000000e+00
1.000000e+00
1.000000e+00
1.000000e+00
1.000000e+00
1.000000e+00
1.000000e+00
1.000000e+00
1.000000e+00
1.000000e+00
1.000000e+00
1.000000e+00
1.000000e+00
1.000000e+00
1.000000e+00
1.000000e+00
1.000000e+00
1.000000e+00
1.000000e+00
1.000000e+00
1.000000e+00
1.000000e+00
1.000000e+00
1.000000e+00
1.000000e+00
1.000000e+00
1.000000e+00
1.000000e+00
1.000000e+00
1.000000e+00
1.000000e+00
1.000000e+00
1.000000e+00
1.000000e+00
1.000000e+00
1.000000e+00
1.000000e+00
1.000000e+00
1.000000e+00
1.000000e+00
1.000000e+00
1.000000e+00
1.000000e+00
1.000000e+00
1.000000e+00
1.000000e+00
1.000000e+00
1.000000e+00
1.000000e+00
1.000000e+00
1.000000e+00
1.000000e+00
1.000000e+00
1.000000e+00
1.000000e+00
1.000000e+00
1.000000e+00
1.000000e+00
1.000000e+00
1.000000e+00
1.000000e+00
1.000000e+00
1.000000e+00
1.000000e+00
1.000000e+00
1.000000e+00
1.000000e+00
1.000000e+00
1.000000e+00
1.000000e+00
1.000000e+00
9.999999e-01
9.999999e-01
9.999998e-01
9.999998e-01
9.999996e-01
9.999994e-01
9.999990e-01
9.999983e-01
9.999971e-01
9.999952e-01
9.999920e-01
9.999865e-01
9.999772e-01
9.999614e-01
9.999347e-01
9.998896e-01
9.998142e-01
9.996896e-01
9.994863e-01
9.991603e-01
9.986479e-01
9.978609e-01
9.966825e-01
9.949663e-01
9.925390e-01
9.892088e-01
9.847782e-01
9.790616e-01
9.719013e-01
9.631837e-01
9.528488e-01
9.408932e-01
9.273679e-01
9.123732e-01
8.960435e-01
8.785387e-01
8.600341e-01
8.407016e-01
8.207269e-01
8.002744e-01
7.795036e-01
7.585637e-01
7.375743e-01
7.166716e-01
6.959567e-01
6.755275e-01
6.554759e-01
6.358643e-01
6.167734e-01
5.982607e-01
5.803901e-01
5.631744e-01
5.466717e-01
5.309079e-01
5.159010e-01
5.016452e-01
4.881363e-01
4.753760e-01
4.633038e-01
4.519042e-01
4.411293e-01
4.308850e-01
4.211456e-01
4.118109e-01
4.028082e-01
3.940865e-01
3.855411e-01
3.771452e-01
3.688186e-01
3.605170e-01
3.522130e-01
3.438613e-01
3.354472e-01
3.269439e-01
3.183346e-01
3.096016e-01
3.007224e-01
2.916809e-01
2.824565e-01
2.730353e-01
2.634090e-01
2.535874e-01
2.435950e-01
2.334816e-01
2.233243e-01
2.132277e-01
2.033222e-01
1.937517e-01
1.846673e-01
1.762065e-01
1.684811e-01
1.615655e-01
1.554915e-01
1.502491e-01
1.457934e-01
1.420544e-01
1.389486e-01
1.363882e-01
1.342886e-01
1.325730e-01
1.311739e-01
1.300337e-01
1.291052e-01
1.283486e-01
1.277314e-01
1.272284e-01
1.268178e-01
1.264820e-01
1.262082e-01
1.259845e-01
1.258012e-01
1.256520e-01
1.255301e-01
1.254300e-01
1.253489e-01
1.252828e-01
1.252284e-01
1.251846e-01
1.251491e-01
1.251198e-01
1.250964e-01
1.250775e-01
1.250619e-01
1.250496e-01
1.250396e-01
1.250315e-01
1.250251e-01
1.250199e-01
1.250157e-01
1.250125e-01
1.250099e-01
1.250077e-01
1.250061e-01
1.250048e-01
1.250037e-01
1.250029e-01
1.250023e-01
1.250018e-01
1.250014e-01
1.250011e-01
1.250008e-01
1.250006e-01
1.250005e-01
1.250004e-01
1.250003e-01
1.250002e-01
1.250002e-01
1.250001e-01
1.250001e-01
1.250001e-01
1.250001e-01
1.250000e-01
1.250000e-01
1.250000e-01
1.250000e-01
1.250000e-01
1.250000e-01
1.250000e-01
1.250000e-01
1.250000e-01
1.250000e-01
1.250000e-01
1.250000e-01
1.250000e-01
1.250000e-01
1.250000e-01
1.250000e-01
1.250000e-01
1.250000e-01
1.250000e-01
1.250000e-01
1.250000e-01
1.250000e-01
1.250000e-01
1.250000e-01
1.250000e-01
1.250000e-01
1.250000e-01
1.250000e-01
1.250000e-01
1.250000e-01
1.250000e-01
1.250000e-01
1.250000e-01
1.250000e-01
1.250000e-01
1.250000e-01
1.250000e-01
1.250000e-01
1.250000e-01
1.250000e-01
1.250000e-01
1.250000e-01
1.250000e-01
1.250000e-01
1.250000e-01
1.250000e-01
1.250000e-01
1.250000e-01
1.250000e-01
1.250000e-01
1.250000e-01
1.250000e-01
1.250000e-01
1.250000e-01
1.250000e-01
1.250000e-01
1.250000e-01
1.250000e-01
1.250000e-01
1.250000e-01
1.250000e-01
1.250000e-01
1.250000e-01
1.250000e-01
1.250000e-01
1.250000e-01
1.250001e-01
1.250001e-01
1.250001e-01
1.250001e-01
1.250002e-01
1.250002e-01
1.250003e-01
1.250004e-01
1.250005e-01
1.250006e-01
1.250008e-01
1.250011e-01
1.250014e-01
1.250018e-01
1.250023e-01
1.250030e-01
1.250038e-01
1.250048e-01
1.250062e-01
1.250078e-01
1.250099e-01
1.250126e-01
1.250159e-01
1.250200e-01
1.250252e-01
1.250317e-01
1.250398e-01
1.250498e-01
1.250623e-01
1.250777e-01
1.250968e-01
1.251203e-01
1.251494e-01
1.251853e-01
1.252293e-01
1.252835e-01
1.253501e-01
1.254316e-01
1.255316e-01
1.256542e-01
1.258041e-01
1.259876e-01
1.262123e-01
1.264870e-01
1.268232e-01
1.272349e-01
1.277390e-01
1.283566e-01
1.291137e-01
1.300421e-01
1.311807e-01
1.325769e-01
1.342870e-01
1.363775e-01
1.389245e-01
1.420115e-01
1.457259e-01
1.501517e-01
1.553604e-01
1.613998e-01
1.682833e-01
1.759826e-01
1.844260e-01
1.935028e-01
2.030744e-01
2.129899e-01
2.231032e-01
2.332806e-01
2.434150e-01
2.534270e-01
2.632655e-01
2.729058e-01
2.823379e-01
2.915694e-01
3.006152e-01
3.094957e-01
3.182281e-01
3.268364e-01
3.353348e-01
3.437469e-01
3.520928e-01
3.603939e-01
3.686905e-01
3.770193e-01
3.854130e-01
3.939620e-01
4.026872e-01
4.117008e-01
4.210510e-01
4.308058e-01
4.410737e-01
4.518705e-01
4.632985e-01
4.753996e-01
4.881880e-01
