5.029181e-01
5.178286e-01
5.335194e-01
5.500089e-01
5.672707e-01
5.852859e-01
6.039724e-01
6.233169e-01
6.432419e-01
6.636918e-01
6.845592e-01
7.057766e-01
7.272381e-01
7.488324e-01
7.704240e-01
7.918837e-01
8.130571e-01
8.337788e-01
8.538752e-01
8.731507e-01
8.914221e-01
9.085012e-01
9.242144e-01
9.384126e-01
9.509808e-01
9.618553e-01
9.710294e-01
9.785571e-01
9.845515e-01
9.891760e-01
9.926264e-01
9.951152e-01
9.968500e-01
9.980196e-01
9.987832e-01
9.992673e-01
9.995660e-01
9.997462e-01
9.998529e-01
9.999152e-01
9.999511e-01
9.999718e-01
9.999837e-01
9.999905e-01
9.999944e-01
9.999967e-01
9.999980e-01
9.999988e-01
9.999993e-01
9.999996e-01
9.999997e-01
9.999998e-01
9.999999e-01
9.999999e-01
1.000000e+00
1.000000e+00
1.000000e+00
1.000000e+00
1.000000e+00
1.000000e+00
1.000000e+00
1.000000e+00
1.000000e+00
1.000000e+00
1.000000e+00
1.000000e+00
1.000000e+00
1.000000e+00
1.000000e+00
1.000000e+00
1.000000e+00
1.000000e+00
1.000000e+00
1.000000e+00
1.000000e+00
1.000000e+00
1.000000e+00
1.000000e+00
1.000000e+00
1.000000e+00
1.000000e+00
1.000000e+00
1.000000e+00
1.000000e+00
1.000000e+00
1.000000e+00
1.000000e+00
1.000000e+00
1.000000e+00
1.000000e+00
1.000000e+00
1.000000e+00
1.000000e+00
1.000000e+00
1.000000e+00
1.000000e+00
1.000000e+00
1.000000e+00
1.000000e+00
1.000000e+00
1.000000e+00
1.000000e+00
1.000000e+00
1.000000e+00
1.000000e+00
1.000000e+00
1.000000e+00
1.000000e+00
1.000000e+00
1.000000e+00
1.000000e+00
1.000000e+00
1.000000e+00
1.000000e+00
1.000000e+00
1.000000e+00
1.000000e+00
1.000000e+00
1.000000e+00
1.000000e+00
1.000000e+00
1.000000e+00
1.000000e+00
1.000000e+00
1.000000e+00
1.000000e+00
1.000000e+00
1.000000e+00
1.000000e+00
1.000000e+00
1.000000e+00
1.000000e+00
1.000000e+00
1.000000e+00
1.000000e+00
1.000000e+00
1.000000e+00
1.000000e+00
1.000000e+00
1.000000e+00
1.000000e+00
1.000000e+00
1.000000e+00
1.000000e+00
1.000000e+00
1.000000e+00
1.000000e+00
1.000000e+00
1.000000e+00
1.000000e+00
1.000000e+00
1.000000e+00
1.000000e+00
1.000000e+00
1.000000e+00
1.000000e+00
1.000000e+00
1.000000e+00
1.000000e+00
1.000000e+00
1.000000e+00
1.000000e+00
1.000000e+00
1.000000e+00
1.000000e+00
1.000000e+00
1.000000e+00
1.000000e+00
1.000000e+00
1.000000e+00
1.000000e+00
1.000000e+00
1.000000e+00
1.000000e+00
1.000000e+00
1.000000e+00
1.000000e+00
1.000000e+00
1.000000e+00
1.000000e+00
1.000000e+00
1.000000e+00
1.000000e+00
1.000000e+00
1.000000e+00
1.000000e+00
1.000000e+00
1.000000e+00
1.000000e+00
1.000000e+00
1.000000e+00
1.000000e+00
1.000000e+00
1.000000e+00
1.000000e+00
1.000000e+00
1.000000e+00
1.000000e+00
1.000000e+00
1.000000e+00
1.000000e+00
9.999999e-01
9.999999e-01
9.999999e-01
9.999998e-01
9.999997e-01
9.999994e-01
9.999991e-01
9.999985e-01
9.999974e-01
9.999957e-01
9.999928e-01
9.999878e-01
9.999792e-01
9.999646e-01
9.999396e-01
9.998970e-01
9.998253e-01
9.997054e-01
9.995080e-01
9.991881e-01
9.986802e-01
9.978925e-01
9.967020e-01
9.949535e-01
9.924621e-01
9.890221e-01
9.844212e-01
9.784605e-01
9.709719e-01
9.618364e-01
9.509945e-01
9.384480e-01
9.242589e-01
9.085411e-01
8.914449e-01
8.731461e-01
8.538354e-01
8.336996e-01
8.129366e-01
7.917234e-01
7.702278e-01
7.486046e-01
7.269863e-01
7.055072e-01
6.842800e-01
6.634100e-01
6.429650e-01
6.230495e-01
6.037225e-01
5.850565e-01
5.670671e-01
5.498318e-01
5.333729e-01
5.177128e-01
5.028415e-01
4.887620e-01
4.754765e-01
4.629183e-01
4.510750e-01
4.398813e-01
4.292471e-01
4.191442e-01
4.094428e-01
4.000996e-01
3.910359e-01
3.821529e-01
3.734083e-01
3.647214e-01
3.560638e-01
3.473765e-01
3.386403e-01
3.298132e-01
3.208847e-01
3.118249e-01
3.026109e-01
2.932280e-01
2.836543e-01
2.738773e-01
2.638918e-01
2.537112e-01
2.433663e-01
2.329144e-01
2.224421e-01
2.120646e-01
2.019230e-01
1.921708e-01
1.829658e-01
1.744478e-01
1.667254e-01
1.598655e-01
1.538886e-01
1.487718e-01
1.444574e-01
1.408646e-01
1.379016e-01
1.354752e-01
1.334978e-01
1.318914e-01
1.305881e-01
1.295317e-01
1.286757e-01
1.279812e-01
1.274179e-01
1.269610e-01
1.265895e-01
1.262879e-01
1.260432e-01
1.258438e-01
1.256822e-01
1.255512e-01
1.254443e-01
1.253580e-01
1.252882e-01
1.252312e-01
1.251856e-01
1.251487e-01
1.251186e-01
1.250948e-01
1.250755e-01
1.250599e-01
1.250476e-01
1.250377e-01
1.250297e-01
1.250235e-01
1.250185e-01
1.250145e-01
1.250114e-01
1.250089e-01
1.250069e-01
1.250054e-01
1.250042e-01
1.250032e-01
1.250025e-01
1.250019e-01
1.250015e-01
1.250011e-01
1.250009e-01
1.250007e-01
1.250005e-01
1.250004e-01
1.250003e-01
1.250002e-01
1.250002e-01
1.250001e-01
1.250001e-01
1.250001e-01
1.250001e-01
1.250000e-01
1.250000e-01
1.250000e-01
1.250000e-01
1.250000e-01
1.250000e-01
1.250000e-01
1.250000e-01
1.250000e-01
1.250000e-01
1.250000e-01
1.250000e-01
1.250000e-01
1.250000e-01
1.250000e-01
1.250000e-01
1.250000e-01
1.250000e-01
1.250000e-01
1.250000e-01
1.250000e-01
1.250000e-01
1.250000e-01
1.250000e-01
1.250000e-01
1.250000e-01
1.250000e-01
1.250000e-01
1.250000e-01
1.250000e-01
1.250000e-01
1.250000e-01
1.250000e-01
1.250000e-01
1.250000e-01
1.250000e-01
1.250000e-01
1.250000e-01
1.250000e-01
1.250000e-01
1.250000e-01
1.250000e-01
1.250000e-01
1.250000e-01
1.250000e-01
1.250000e-01
1.250000e-01
1.250000e-01
1.250000e-01
1.250000e-01
1.250000e-01
1.250000e-01
1.250000e-01
1.250000e-01
1.250000e-01
1.250000e-01
1.250000e-01
1.250000e-01
1.250000e-01
1.250000e-01
1.250000e-01
1.250000e-01
1.250000e-01
1.250000e-01
1.250000e-01
1.250000e-01
1.250000e-01
1.250000e-01
1.250000e-01
1.250000e-01
1.250000e-01
1.250000e-01
1.250001e-01
1.250001e-01
1.250001e-01
1.250001e-01
1.250002e-01
1.250002e-01
1.250003e-01
1.250004e-01
1.250005e-01
1.250007e-01
1.250009e-01
1.250012e-01
1.250015e-01
1.250020e-01
1.250025e-01
1.250033e-01
1.250042e-01
1.250054e-01
1.250070e-01
1.250090e-01
1.250115e-01
1.250146e-01
1.250186e-01
1.250236e-01
1.250299e-01
1.250379e-01
1.250478e-01
1.250603e-01
1.250758e-01
1.250951e-01
1.251192e-01
1.251491e-01
1.251862e-01
1.252322e-01
1.252890e-01
1.253593e-01
1.254460e-01
1.255529e-01
1.256847e-01
1.258469e-01
1.260466e-01
1.262925e-01
1.265949e-01
1.269671e-01
1.274253e-01
1.279894e-01
1.286843e-01
1.295408e-01
1.305963e-01
1.318973e-01
1.334993e-01
1.354688e-01
1.378830e-01
1.408285e-01
1.443975e-01
1.486824e-01
1.537650e-01
1.597058e-01
1.665313e-01
1.742248e-01
1.827227e-01
1.919177e-01
2.016693e-01
2.118197e-01
2.222136e-01
2.327064e-01
2.431798e-01
2.535450e-01
2.637430e-01
2.737434e-01
2.835315e-01
2.931127e-01
3.025001e-01
3.117148e-01
3.207740e-01
3.297012e-01
3.385244e-01
3.472554e-01
3.559407e-01
3.645927e-01
3.732781e-01
3.820211e-01
3.909075e-01
3.999769e-01
4.093261e-01
4.190422e-01
4.291606e-01
4.398203e-01
4.510379e-01
4.629094e-01
4.754997e-01
4.888143e-01
