5.112942e-01
5.310220e-01
5.518364e-01
5.738118e-01
5.968306e-01
6.207935e-01
6.455909e-01
6.711030e-01
6.971279e-01
7.235062e-01
7.500274e-01
7.764296e-01
8.024741e-01
8.278662e-01
8.523107e-01
8.754742e-01
8.970547e-01
9.167537e-01
9.343232e-01
9.495731e-01
9.624185e-01
9.728775e-01
9.810826e-01
9.872651e-01
9.917303e-01
9.948174e-01
9.968602e-01
9.981558e-01
9.989453e-01
9.994097e-01
9.996748e-01
9.998225e-01
9.999035e-01
9.999474e-01
9.999712e-01
9.999841e-01
9.999912e-01
9.999950e-01
9.999972e-01
9.999984e-01
9.999991e-01
9.999994e-01
9.999997e-01
9.999998e-01
9.999999e-01
9.999999e-01
1.000000e+00
1.000000e+00
1.000000e+00
1.000000e+00
1.000000e+00
1.000000e+00
1.000000e+00
1.000000e+00
1.000000e+00
1.000000e+00
1.000000e+00
1.000000e+00
1.000000e+00
1.000000e+00
1.000000e+00
1.000000e+00
1.000000e+00
1.000000e+00
1.000000e+00
1.000000e+00
1.000000e+00
1.000000e+00
1.000000e+00
1.000000e+00
1.000000e+00
1.000000e+00
1.000000e+00
1.000000e+00
1.000000e+00
1.000000e+00
1.000000e+00
1.000000e+00
1.000000e+00
1.000000e+00
1.000000e+00
1.000000e+00
1.000000e+00
1.000000e+00
1.000000e+00
1.000000e+00
1.000000e+00
1.000000e+00
1.000000e+00
1.000000e+00
1.000000e+00
1.000000e+00
1.000000e+00
1.000000e+00
1.000000e+00
1.000000e+00
1.000000e+00
1.000000e+00
1.000000e+00
1.000000e+00
1.000000e+00
1.000000e+00
1.000000e+00
1.000000e+00
1.000000e+00
1.000000e+00
1.000000e+00
1.000000e+00
1.000000e+00
1.000000e+00
1.000000e+00
1.000000e+00
1.000000e+00
1.000000e+00
1.000000e+00
1.000000e+00
1.000000e+00
1.000000e+00
1.000000e+00
1.000000e+00
1.000000e+00
1.000000e+00
1.000000e+00
1.000000e+00
1.000000e+00
1.000000e+00
1.000000e+00
1.000000e+00
1.000000e+00
1.000000e+00
1.000000e+00
1.000000e+00
1.000000e+00
1.000000e+00
1.000000e+00
1.000000e+00
1.000000e+00
1.000000e+00
1.000000e+00
1.000000e+00
1.000000e+00
1.000000e+00
1.000000e+00
1.000000e+00
1.000000e+00
1.000000e+00
1.000000e+00
1.000000e+00
1.000000e+00
1.000000e+00
1.000000e+00
1.000000e+00
1.000000e+00
1.000000e+00
1.000000e+00
1.000000e+00
1.000000e+00
1.000000e+00
1.000000e+00
1.000000e+00
1.000000e+00
1.000000e+00
1.000000e+00
1.000000e+00
1.000000e+00
1.000000e+00
1.000000e+00
1.000000e+00
1.000000e+00
1.000000e+00
1.000000e+00
1.000000e+00
1.000000e+00
1.000000e+00
1.000000e+00
1.000000e+00
1.000000e+00
1.000000e+00
1.000000e+00
1.000000e+00
1.000000e+00
1.000000e+00
1.000000e+00
1.000000e+00
1.000000e+00
1.000000e+00
1.000000e+00
1.000000e+00
1.000000e+00
1.000000e+00
1.000000e+00
1.000000e+00
1.000000e+00
1.000000e+00
1.000000e+00
1.000000e+00
1.000000e+00
1.000000e+00
1.000000e+00
1.000000e+00
1.000000e+00
1.000000e+00
1.000000e+00
1.000000e+00
1.000000e+00
1.000000e+00
1.000000e+00
1.000000e+00
1.000000e+00
9.999999e-01
9.999999e-01
9.999998e-01
9.999997e-01
9.999996e-01
9.999993e-01
9.999988e-01
9.999979e-01
9.999963e-01
9.999934e-01
9.999884e-01
9.999793e-01
9.999629e-01
9.999334e-01
9.998804e-01
9.997857e-01
9.996185e-01
9.993278e-01
9.988327e-01
9.980107e-01
9.966869e-01
9.946272e-01
9.915411e-01
9.870980e-01
9.809562e-01
9.728039e-01
9.623983e-01
9.495965e-01
9.343720e-01
9.168059e-01
8.970881e-01
8.754705e-01
8.522562e-01
8.277540e-01
8.023029e-01
7.762052e-01
7.497572e-01
7.232033e-01
6.968048e-01
6.707738e-01
6.452683e-01
6.204876e-01
5.965565e-01
5.735696e-01
5.516406e-01
5.308676e-01
5.112004e-01
4.927104e-01
4.753842e-01
4.591407e-01
4.439241e-01
4.295802e-01
4.160342e-01
4.031102e-01
3.907055e-01
3.786701e-01
3.668778e-01
3.552189e-01
3.435919e-01
3.319029e-01
3.200897e-01
3.080888e-01
2.958719e-01
2.834182e-01
2.707348e-01
2.578620e-01
2.448741e-01
2.318891e-01
2.190684e-01
2.066123e-01
1.947429e-01
1.836837e-01
1.736331e-01
1.647317e-01
1.570474e-01
1.505719e-01
1.452309e-01
1.409037e-01
1.374464e-01
1.347119e-01
1.325639e-01
1.308835e-01
1.295722e-01
1.285502e-01
1.277539e-01
1.271341e-01
1.266513e-01
1.262760e-01
1.259839e-01
1.257573e-01
1.255815e-01
1.254453e-01
1.253403e-01
1.252590e-01
1.251969e-01
1.251489e-01
1.251125e-01
1.250846e-01
1.250634e-01
1.250474e-01
1.250352e-01
1.250261e-01
1.250193e-01
1.250142e-01
1.250104e-01
1.250076e-01
1.250055e-01
1.250040e-01
1.250029e-01
1.250021e-01
1.250015e-01
1.250011e-01
1.250008e-01
1.250005e-01
1.250004e-01
1.250003e-01
1.250002e-01
1.250001e-01
1.250001e-01
1.250001e-01
1.250000e-01
1.250000e-01
1.250000e-01
1.250000e-01
1.250000e-01
1.250000e-01
1.250000e-01
1.250000e-01
1.250000e-01
1.250000e-01
1.250000e-01
1.250000e-01
1.250000e-01
1.250000e-01
1.250000e-01
1.250000e-01
1.250000e-01
1.250000e-01
1.250000e-01
1.250000e-01
1.250000e-01
1.250000e-01
1.250000e-01
1.250000e-01
1.250000e-01
1.250000e-01
1.250000e-01
1.250000e-01
1.250000e-01
1.250000e-01
1.250000e-01
1.250000e-01
1.250000e-01
1.250000e-01
1.250000e-01
1.250000e-01
1.250000e-01
1.250000e-01
1.250000e-01
1.250000e-01
1.250000e-01
1.250000e-01
1.250000e-01
1.250000e-01
1.250000e-01
1.250000e-01
1.250000e-01
1.250000e-01
1.250000e-01
1.250000e-01
1.250000e-01
1.250000e-01
1.250000e-01
1.250000e-01
1.250000e-01
1.250000e-01
1.250000e-01
1.250000e-01
1.250000e-01
1.250000e-01
1.250000e-01
1.250000e-01
1.250000e-01
1.250000e-01
1.250000e-01
1.250000e-01
1.250000e-01
1.250000e-01
1.250000e-01
1.250000e-01
1.250000e-01
1.250000e-01
1.250000e-01
1.250000e-01
1.250000e-01
1.250000e-01
1.250000e-01
1.250000e-01
1.250000e-01
1.250000e-01
1.250000e-01
1.250000e-01
1.250000e-01
1.250000e-01
1.250000e-01
1.250000e-01
1.250000e-01
1.250000e-01
1.250000e-01
1.250000e-01
1.250000e-01
1.250000e-01
1.250000e-01
1.250000e-01
1.250000e-01
1.250000e-01
1.250000e-01
1.250000e-01
1.250000e-01
1.250000e-01
1.250000e-01
1.250000e-01
1.250000e-01
1.250000e-01
1.250000e-01
1.250000e-01
1.250000e-01
1.250000e-01
1.250000e-01
1.250000e-01
1.250001e-01
1.250001e-01
1.250001e-01
1.250002e-01
1.250003e-01
1.250004e-01
1.250006e-01
1.250008e-01
1.250011e-01
1.250016e-01
1.250022e-01
1.250030e-01
1.250041e-01
1.250057e-01
1.250078e-01
1.250106e-01
1.250145e-01
1.250196e-01
1.250265e-01
1.250357e-01
1.250479e-01
1.250640e-01
1.250854e-01
1.251134e-01
1.251501e-01
1.251982e-01
1.252608e-01
1.253423e-01
1.254480e-01
1.255847e-01
1.257614e-01
1.259891e-01
1.262823e-01
1.266593e-01
1.271435e-01
1.277651e-01
1.285625e-01
1.295850e-01
1.308949e-01
1.325708e-01
1.347099e-01
1.374286e-01
1.408617e-01
1.451553e-01
1.504542e-01
1.568824e-01
1.645202e-01
1.733821e-01
1.834052e-01
1.944502e-01
2.063203e-01
2.187905e-01
2.316345e-01
2.446457e-01
2.576590e-01
2.705552e-01
2.832567e-01
2.957221e-01
3.079462e-01
3.199498e-01
3.317646e-01
3.434535e-01
3.550738e-01
3.667269e-01
3.785203e-01
3.905548e-01
4.029705e-01
4.159082e-01
4.294777e-01
4.438529e-01
4.591072e-01
4.753965e-01
4.927706e-01
