5.120482e-01
5.322571e-01
5.535844e-01
5.761056e-01
5.996833e-01
6.242382e-01
6.496288e-01
6.757146e-01
7.023081e-01
7.292081e-01
7.562003e-01
7.829978e-01
8.093448e-01
8.349274e-01
8.594212e-01
8.824901e-01
9.038164e-01
9.231037e-01
9.401129e-01
9.546854e-01
9.667740e-01
9.764461e-01
9.838864e-01
9.893721e-01
9.932431e-01
9.958546e-01
9.975402e-01
9.985829e-01
9.992036e-01
9.995607e-01
9.997608e-01
9.998705e-01
9.999300e-01
9.999620e-01
9.999792e-01
9.999885e-01
9.999936e-01
9.999964e-01
9.999979e-01
9.999988e-01
9.999993e-01
9.999996e-01
9.999998e-01
9.999999e-01
9.999999e-01
9.999999e-01
1.000000e+00
1.000000e+00
1.000000e+00
1.000000e+00
1.000000e+00
1.000000e+00
1.000000e+00
1.000000e+00
1.000000e+00
1.000000e+00
1.000000e+00
1.000000e+00
1.000000e+00
1.000000e+00
1.000000e+00
1.000000e+00
1.000000e+00
1.000000e+00
1.000000e+00
1.000000e+00
1.000000e+00
1.000000e+00
1.000000e+00
1.000000e+00
1.000000e+00
1.000000e+00
1.000000e+00
1.000000e+00
1.000000e+00
1.000000e+00
1.000000e+00
1.000000e+00
1.000000e+00
1.000000e+00
1.000000e+00
1.000000e+00
1.000000e+00
1.000000e+00
1.000000e+00
1.000000e+00
1.000000e+00
1.000000e+00
1.000000e+00
1.000000e+00
1.000000e+00
1.000000e+00
1.000000e+00
1.000000e+00
1.000000e+00
1.000000e+00
1.000000e+00
1.000000e+00
1.000000e+00
1.000000e+00
1.000000e+00
1.000000e+00
1.000000e+00
1.000000e+00
1.000000e+00
1.000000e+00
1.000000e+00
1.000000e+00
1.000000e+00
1.000000e+00
1.000000e+00
1.000000e+00
1.000000e+00
1.000000e+00
1.000000e+00
1.000000e+00
1.000000e+00
1.000000e+00
1.000000e+00
1.000000e+00
1.000000e+00
1.000000e+00
1.000000e+00
1.000000e+00
1.000000e+00
1.000000e+00
1.000000e+00
1.000000e+00
1.000000e+00
1.000000e+00
1.000000e+00
1.000000e+00
1.000000e+00
1.000000e+00
1.000000e+00
1.000000e+00
1.000000e+00
1.000000e+00
1.000000e+00
1.000000e+00
1.000000e+00
1.000000e+00
1.000000e+00
1.000000e+00
1.000000e+00
1.000000e+00
1.000000e+00
1.000000e+00
1.000000e+00
1.000000e+00
1.000000e+00
1.000000e+00
1.000000e+00
1.000000e+00
1.000000e+00
1.000000e+00
1.000000e+00
1.000000e+00
1.000000e+00
1.000000e+00
1.000000e+00
1.000000e+00
1.000000e+00
1.000000e+00
1.000000e+00
1.000000e+00
1.000000e+00
1.000000e+00
1.000000e+00
1.000000e+00
1.000000e+00
1.000000e+00
1.000000e+00
1.000000e+00
1.000000e+00
1.000000e+00
1.000000e+00
1.000000e+00
1.000000e+00
1.000000e+00
1.000000e+00
1.000000e+00
1.000000e+00
1.000000e+00
1.000000e+00
1.000000e+00
1.000000e+00
1.000000e+00
1.000000e+00
1.000000e+00
1.000000e+00
1.000000e+00
1.000000e+00
1.000000e+00
1.000000e+00
1.000000e+00
1.000000e+00
1.000000e+00
1.000000e+00
1.000000e+00
1.000000e+00
1.000000e+00
1.000000e+00
1.000000e+00
1.000000e+00
1.000000e+00
1.000000e+00
1.000000e+00
1.000000e+00
1.000000e+00
9.999999e-01
9.999999e-01
9.999998e-01
9.999997e-01
9.999995e-01
9.999991e-01
9.999984e-01
9.999973e-01
9.999952e-01
9.999915e-01
9.999849e-01
9.999729e-01
9.999512e-01
9.999119e-01
9.998411e-01
9.997146e-01
9.994914e-01
9.991050e-01
9.984514e-01
9.973768e-01
9.956678e-01
9.930485e-01
9.891907e-01
9.837394e-01
9.763495e-01
9.667334e-01
9.546946e-01
9.401558e-01
9.231578e-01
9.038589e-01
8.824999e-01
8.593825e-01
8.348297e-01
8.091870e-01
7.827829e-01
7.559361e-01
7.289072e-01
7.019829e-01
6.753819e-01
6.492997e-01
6.239259e-01
5.994026e-01
5.758571e-01
5.533835e-01
5.320988e-01
5.119531e-01
4.930280e-01
4.753083e-01
4.587106e-01
4.431635e-01
4.285197e-01
4.146848e-01
4.014904e-01
3.888092e-01
3.765024e-01
3.644286e-01
3.524775e-01
3.405432e-01
3.285261e-01
3.163659e-01
3.040048e-01
2.914181e-01
2.785935e-01
2.655507e-01
2.523518e-01
2.390946e-01
2.259235e-01
2.130278e-01
2.006298e-01
1.889618e-01
1.782455e-01
1.686570e-01
1.603008e-01
1.532020e-01
1.473103e-01
1.425171e-01
1.386795e-01
1.356435e-01
1.332615e-01
1.314025e-01
1.299562e-01
1.288330e-01
1.279611e-01
1.272852e-01
1.267608e-01
1.263547e-01
1.260402e-01
1.257970e-01
1.256093e-01
1.254643e-01
1.253532e-01
1.252675e-01
1.252023e-01
1.251522e-01
1.251143e-01
1.250855e-01
1.250637e-01
1.250473e-01
1.250350e-01
1.250258e-01
1.250189e-01
1.250139e-01
1.250101e-01
1.250073e-01
1.250053e-01
1.250038e-01
1.250027e-01
1.250019e-01
1.250014e-01
1.250010e-01
1.250007e-01
1.250005e-01
1.250003e-01
1.250002e-01
1.250002e-01
1.250001e-01
1.250001e-01
1.250001e-01
1.250000e-01
1.250000e-01
1.250000e-01
1.250000e-01
1.250000e-01
1.250000e-01
1.250000e-01
1.250000e-01
1.250000e-01
1.250000e-01
1.250000e-01
1.250000e-01
1.250000e-01
1.250000e-01
1.250000e-01
1.250000e-01
1.250000e-01
1.250000e-01
1.250000e-01
1.250000e-01
1.250000e-01
1.250000e-01
1.250000e-01
1.250000e-01
1.250000e-01
1.250000e-01
1.250000e-01
1.250000e-01
1.250000e-01
1.250000e-01
1.250000e-01
1.250000e-01
1.250000e-01
1.250000e-01
1.250000e-01
1.250000e-01
1.250000e-01
1.250000e-01
1.250000e-01
1.250000e-01
1.250000e-01
1.250000e-01
1.250000e-01
1.250000e-01
1.250000e-01
1.250000e-01
1.250000e-01
1.250000e-01
1.250000e-01
1.250000e-01
1.250000e-01
1.250000e-01
1.250000e-01
1.250000e-01
1.250000e-01
1.250000e-01
1.250000e-01
1.250000e-01
1.250000e-01
1.250000e-01
1.250000e-01
1.250000e-01
1.250000e-01
1.250000e-01
1.250000e-01
1.250000e-01
1.250000e-01
1.250000e-01
1.250000e-01
1.250000e-01
1.250000e-01
1.250000e-01
1.250000e-01
1.250000e-01
1.250000e-01
1.250000e-01
1.250000e-01
1.250000e-01
1.250000e-01
1.250000e-01
1.250000e-01
1.250000e-01
1.250000e-01
1.250000e-01
1.250000e-01
1.250000e-01
1.250000e-01
1.250000e-01
1.250000e-01
1.250000e-01
1.250000e-01
1.250000e-01
1.250000e-01
1.250000e-01
1.250000e-01
1.250000e-01
1.250000e-01
1.250000e-01
1.250000e-01
1.250000e-01
1.250000e-01
1.250000e-01
1.250000e-01
1.250000e-01
1.250000e-01
1.250000e-01
1.250000e-01
1.250000e-01
1.250000e-01
1.250000e-01
1.250000e-01
1.250000e-01
1.250001e-01
1.250001e-01
1.250001e-01
1.250002e-01
1.250003e-01
1.250004e-01
1.250005e-01
1.250007e-01
1.250010e-01
1.250014e-01
1.250020e-01
1.250028e-01
1.250039e-01
1.250054e-01
1.250075e-01
1.250103e-01
1.250141e-01
1.250193e-01
1.250262e-01
1.250355e-01
1.250479e-01
1.250644e-01
1.250863e-01
1.251153e-01
1.251535e-01
1.252037e-01
1.252695e-01
1.253553e-01
1.254673e-01
1.256128e-01
1.258015e-01
1.260458e-01
1.263617e-01
1.267695e-01
1.272954e-01
1.279731e-01
1.288459e-01
1.299692e-01
1.314131e-01
1.332662e-01
1.356365e-01
1.386532e-01
1.424621e-01
1.472169e-01
1.530626e-01
1.601125e-01
1.684235e-01
1.779768e-01
1.886710e-01
2.003316e-01
2.127376e-01
2.256533e-01
2.388499e-01
2.521345e-01
2.653578e-01
2.784211e-01
2.912620e-01
3.038577e-01
3.162230e-01
3.283845e-01
3.404008e-01
3.523324e-01
3.642796e-01
3.763504e-01
3.886548e-01
4.013476e-01
4.145541e-01
4.284146e-01
4.430886e-01
4.586753e-01
4.753191e-01
4.930891e-01
