5.081875e-01
5.260173e-01
5.448194e-01
5.646511e-01
5.854175e-01
6.070418e-01
6.294887e-01
6.526303e-01
6.763525e-01
7.005299e-01
7.250112e-01
7.496348e-01
7.741916e-01
7.984899e-01
8.222979e-01
8.453739e-01
8.674486e-01
8.882649e-01
9.075661e-01
9.251167e-01
9.407265e-01
9.542589e-01
9.656650e-01
9.749803e-01
9.823307e-01
9.879205e-01
9.920092e-01
9.948832e-01
9.968242e-01
9.980849e-01
9.988742e-01
9.993520e-01
9.996331e-01
9.997945e-01
9.998856e-01
9.999364e-01
9.999645e-01
9.999801e-01
9.999888e-01
9.999936e-01
9.999963e-01
9.999979e-01
9.999987e-01
9.999993e-01
9.999996e-01
9.999997e-01
9.999998e-01
9.999999e-01
9.999999e-01
1.000000e+00
1.000000e+00
1.000000e+00
1.000000e+00
1.000000e+00
1.000000e+00
1.000000e+00
1.000000e+00
1.000000e+00
1.000000e+00
1.000000e+00
1.000000e+00
1.000000e+00
1.000000e+00
1.000000e+00
1.000000e+00
1.000000e+00
1.000000e+00
1.000000e+00
1.000000e+00
1.000000e+00
1.000000e+00
1.000000e+00
1.000000e+00
1.000000e+00
1.000000e+00
1.000000e+00
1.000000e+00
1.000000e+00
1.000000e+00
1.000000e+00
1.000000e+00
1.000000e+00
1.000000e+00
1.000000e+00
1.000000e+00
1.000000e+00
1.000000e+00
1.000000e+00
1.000000e+00
1.000000e+00
1.000000e+00
1.000000e+00
1.000000e+00
1.000000e+00
1.000000e+00
1.000000e+00
1.000000e+00
1.000000e+00
1.000000e+00
1.000000e+00
1.000000e+00
1.000000e+00
1.000000e+00
1.000000e+00
1.000000e+00
1.000000e+00
1.000000e+00
1.000000e+00
1.000000e+00
1.000000e+00
1.000000e+00
1.000000e+00
1.000000e+00
1.000000e+00
1.000000e+00
1.000000e+00
1.000000e+00
1.000000e+00
1.000000e+00
1.000000e+00
1.000000e+00
1.000000e+00
1.000000e+00
1.000000e+00
1.000000e+00
1.000000e+00
1.000000e+00
1.000000e+00
1.000000e+00
1.000000e+00
1.000000e+00
1.000000e+00
1.000000e+00
1.000000e+00
1.000000e+00
1.000000e+00
1.000000e+00
1.000000e+00
1.000000e+00
1.000000e+00
1.000000e+00
1.000000e+00
1.000000e+00
1.000000e+00
1.000000e+00
1.000000e+00
1.000000e+00
1.000000e+00
1.000000e+00
1.000000e+00
1.000000e+00
1.000000e+00
1.000000e+00
1.000000e+00
1.000000e+00
1.000000e+00
1.000000e+00
1.000000e+00
1.000000e+00
1.000000e+00
1.000000e+00
1.000000e+00
1.000000e+00
1.000000e+00
1.000000e+00
1.000000e+00
1.000000e+00
1.000000e+00
1.000000e+00
1.000000e+00
1.000000e+00
1.000000e+00
1.000000e+00
1.000000e+00
1.000000e+00
1.000000e+00
1.000000e+00
1.000000e+00
1.000000e+00
1.000000e+00
1.000000e+00
1.000000e+00
1.000000e+00
1.000000e+00
1.000000e+00
1.000000e+00
1.000000e+00
1.000000e+00
1.000000e+00
1.000000e+00
1.000000e+00
1.000000e+00
1.000000e+00
1.000000e+00
1.000000e+00
1.000000e+00
1.000000e+00
1.000000e+00
1.000000e+00
1.000000e+00
1.000000e+00
1.000000e+00
1.000000e+00
1.000000e+00
1.000000e+00
1.000000e+00
1.000000e+00
9.999999e-01
9.999999e-01
9.999998e-01
9.999997e-01
9.999994e-01
9.999990e-01
9.999984e-01
9.999972e-01
9.999952e-01
9.999916e-01
9.999854e-01
9.999744e-01
9.999550e-01
9.999207e-01
9.998606e-01
9.997558e-01
9.995755e-01
9.992703e-01
9.987643e-01
9.979459e-01
9.966600e-01
9.947037e-01
9.918293e-01
9.877582e-01
9.822023e-01
9.748975e-01
9.656307e-01
9.542674e-01
9.407646e-01
9.251668e-01
9.076096e-01
8.882845e-01
8.674305e-01
8.453084e-01
8.221813e-01
7.983217e-01
7.739768e-01
7.493802e-01
7.247273e-01
7.002260e-01
6.760412e-01
6.523204e-01
6.291910e-01
6.067666e-01
5.851691e-01
5.644341e-01
5.446438e-01
5.258790e-01
5.080998e-01
4.913374e-01
4.755827e-01
4.607593e-01
4.468536e-01
4.337074e-01
4.213013e-01
4.094646e-01
3.981268e-01
3.871503e-01
3.764529e-01
3.659144e-01
3.554629e-01
3.450147e-01
3.345088e-01
3.238938e-01
3.131202e-01
3.021537e-01
2.909740e-01
2.795660e-01
2.679331e-01
2.561079e-01
2.441464e-01
2.321409e-01
2.202218e-01
2.085549e-01
1.973294e-01
1.867423e-01
1.769788e-01
1.681837e-01
1.604463e-01
1.537927e-01
1.481890e-01
1.435533e-01
1.397738e-01
1.367265e-01
1.342887e-01
1.323488e-01
1.308097e-01
1.295907e-01
1.286261e-01
1.278624e-01
1.272585e-01
1.267803e-01
1.264019e-01
1.261028e-01
1.258658e-01
1.256792e-01
1.255314e-01
1.254151e-01
1.253237e-01
1.252515e-01
1.251953e-01
1.251511e-01
1.251166e-01
1.250898e-01
1.250688e-01
1.250528e-01
1.250402e-01
1.250306e-01
1.250233e-01
1.250176e-01
1.250133e-01
1.250100e-01
1.250075e-01
1.250056e-01
1.250041e-01
1.250031e-01
1.250023e-01
1.250017e-01
1.250012e-01
1.250009e-01
1.250007e-01
1.250005e-01
1.250003e-01
1.250003e-01
1.250002e-01
1.250001e-01
1.250001e-01
1.250001e-01
1.250000e-01
1.250000e-01
1.250000e-01
1.250000e-01
1.250000e-01
1.250000e-01
1.250000e-01
1.250000e-01
1.250000e-01
1.250000e-01
1.250000e-01
1.250000e-01
1.250000e-01
1.250000e-01
1.250000e-01
1.250000e-01
1.250000e-01
1.250000e-01
1.250000e-01
1.250000e-01
1.250000e-01
1.250000e-01
1.250000e-01
1.250000e-01
1.250000e-01
1.250000e-01
1.250000e-01
1.250000e-01
1.250000e-01
1.250000e-01
1.250000e-01
1.250000e-01
1.250000e-01
1.250000e-01
1.250000e-01
1.250000e-01
1.250000e-01
1.250000e-01
1.250000e-01
1.250000e-01
1.250000e-01
1.250000e-01
1.250000e-01
1.250000e-01
1.250000e-01
1.250000e-01
1.250000e-01
1.250000e-01
1.250000e-01
1.250000e-01
1.250000e-01
1.250000e-01
1.250000e-01
1.250000e-01
1.250000e-01
1.250000e-01
1.250000e-01
1.250000e-01
1.250000e-01
1.250000e-01
1.250000e-01
1.250000e-01
1.250000e-01
1.250000e-01
1.250000e-01
1.250000e-01
1.250000e-01
1.250000e-01
1.250000e-01
1.250000e-01
1.250000e-01
1.250000e-01
1.250000e-01
1.250000e-01
1.250000e-01
1.250000e-01
1.250000e-01
1.250000e-01
1.250000e-01
1.250000e-01
1.250000e-01
1.250000e-01
1.250000e-01
1.250000e-01
1.250000e-01
1.250000e-01
1.250000e-01
1.250000e-01
1.250000e-01
1.250000e-01
1.250000e-01
1.250000e-01
1.250000e-01
1.250000e-01
1.250000e-01
1.250000e-01
1.250000e-01
1.250001e-01
1.250001e-01
1.250001e-01
1.250001e-01
1.250002e-01
1.250003e-01
1.250004e-01
1.250005e-01
1.250007e-01
1.250009e-01
1.250013e-01
1.250017e-01
1.250023e-01
1.250032e-01
1.250043e-01
1.250057e-01
1.250076e-01
1.250101e-01
1.250135e-01
1.250178e-01
1.250235e-01
1.250310e-01
1.250406e-01
1.250532e-01
1.250694e-01
1.250904e-01
1.251173e-01
1.251519e-01
1.251963e-01
1.252529e-01
1.253252e-01
1.254171e-01
1.255339e-01
1.256822e-01
1.258699e-01
1.261075e-01
1.264080e-01
1.267876e-01
1.272670e-01
1.278725e-01
1.286369e-01
1.296019e-01
1.308197e-01
1.323553e-01
1.342882e-01
1.367136e-01
1.397418e-01
1.434943e-01
1.480952e-01
1.536581e-01
1.602685e-01
1.679659e-01
1.767291e-01
1.864722e-01
1.970508e-01
2.082805e-01
2.199627e-01
2.319038e-01
2.439337e-01
2.559191e-01
2.677646e-01
2.794135e-01
2.908341e-01
3.020219e-01
3.129923e-01
3.237657e-01
3.343793e-01
3.448833e-01
3.553251e-01
3.657714e-01
3.763110e-01
3.870060e-01
3.979919e-01
4.093350e-01
4.211935e-01
4.336174e-01
4.467962e-01
4.607336e-01
4.756009e-01
4.913950e-01
