5.105610e-01
5.298282e-01
5.501517e-01
5.716065e-01
5.940878e-01
6.174794e-01
6.417128e-01
6.666630e-01
6.921378e-01
7.180040e-01
7.440542e-01
7.700579e-01
7.957828e-01
8.209617e-01
8.453141e-01
8.685251e-01
8.903012e-01
9.103494e-01
9.284120e-01
9.442820e-01
9.578378e-01
9.690557e-01
9.780181e-01
9.849110e-01
9.899995e-01
9.936011e-01
9.960428e-01
9.976295e-01
9.986197e-01
9.992152e-01
9.995620e-01
9.997586e-01
9.998678e-01
9.999277e-01
9.999604e-01
9.999781e-01
9.999878e-01
9.999932e-01
9.999961e-01
9.999978e-01
9.999987e-01
9.999992e-01
9.999996e-01
9.999997e-01
9.999998e-01
9.999999e-01
9.999999e-01
1.000000e+00
1.000000e+00
1.000000e+00
1.000000e+00
1.000000e+00
1.000000e+00
1.000000e+00
1.000000e+00
1.000000e+00
1.000000e+00
1.000000e+00
1.000000e+00
1.000000e+00
1.000000e+00
1.000000e+00
1.000000e+00
1.000000e+00
1.000000e+00
1.000000e+00
1.000000e+00
1.000000e+00
1.000000e+00
1.000000e+00
1.000000e+00
1.000000e+00
1.000000e+00
1.000000e+00
1.000000e+00
1.000000e+00
1.000000e+00
1.000000e+00
1.000000e+00
1.000000e+00
1.000000e+00
1.000000e+00
1.000000e+00
1.000000e+00
1.000000e+00
1.000000e+00
1.000000e+00
1.000000e+00
1.000000e+00
1.000000e+00
1.000000e+00
1.000000e+00
1.000000e+00
1.000000e+00
1.000000e+00
1.000000e+00
1.000000e+00
1.000000e+00
1.000000e+00
1.000000e+00
1.000000e+00
1.000000e+00
1.000000e+00
1.000000e+00
1.000000e+00
1.000000e+00
1.000000e+00
1.000000e+00
1.000000e+00
1.000000e+00
1.000000e+00
1.000000e+00
1.000000e+00
1.000000e+00
1.000000e+00
1.000000e+00
1.000000e+00
1.000000e+00
1.000000e+00
1.000000e+00
1.000000e+00
1.000000e+00
1.000000e+00
1.000000e+00
1.000000e+00
1.000000e+00
1.000000e+00
1.000000e+00
1.000000e+00
1.000000e+00
1.000000e+00
1.000000e+00
1.000000e+00
1.000000e+00
1.000000e+00
1.000000e+00
1.000000e+00
1.000000e+00
1.000000e+00
1.000000e+00
1.000000e+00
1.000000e+00
1.000000e+00
1.000000e+00
1.000000e+00
1.000000e+00
1.000000e+00
1.000000e+00
1.000000e+00
1.000000e+00
1.000000e+00
1.000000e+00
1.000000e+00
1.000000e+00
1.000000e+00
1.000000e+00
1.000000e+00
1.000000e+00
1.000000e+00
1.000000e+00
1.000000e+00
1.000000e+00
1.000000e+00
1.000000e+00
1.000000e+00
1.000000e+00
1.000000e+00
1.000000e+00
1.000000e+00
1.000000e+00
1.000000e+00
1.000000e+00
1.000000e+00
1.000000e+00
1.000000e+00
1.000000e+00
1.000000e+00
1.000000e+00
1.000000e+00
1.000000e+00
1.000000e+00
1.000000e+00
1.000000e+00
1.000000e+00
1.000000e+00
1.000000e+00
1.000000e+00
1.000000e+00
1.000000e+00
1.000000e+00
1.000000e+00
1.000000e+00
1.000000e+00
1.000000e+00
1.000000e+00
1.000000e+00
1.000000e+00
1.000000e+00
1.000000e+00
1.000000e+00
1.000000e+00
1.000000e+00
1.000000e+00
1.000000e+00
1.000000e+00
1.000000e+00
1.000000e+00
1.000000e+00
1.000000e+00
9.999999e-01
9.999999e-01
9.999998e-01
9.999997e-01
9.999994e-01
9.999990e-01
9.999983e-01
9.999971e-01
9.999949e-01
9.999910e-01
9.999841e-01
9.999717e-01
9.999495e-01
9.999097e-01
9.998387e-01
9.997133e-01
9.994946e-01
9.991201e-01
9.984933e-01
9.974725e-01
9.958624e-01
9.934114e-01
9.898196e-01
9.847607e-01
9.779135e-01
9.690040e-01
9.578356e-01
9.443165e-01
9.284636e-01
9.103972e-01
8.903244e-01
8.685076e-01
8.452443e-01
8.208354e-01
7.955999e-01
7.698249e-01
7.437791e-01
7.176998e-01
6.918170e-01
6.663376e-01
6.413962e-01
6.171810e-01
5.938190e-01
5.713713e-01
5.499603e-01
5.296773e-01
5.104687e-01
4.923957e-01
4.754476e-01
4.595455e-01
4.446454e-01
4.305891e-01
4.173206e-01
4.046555e-01
3.925153e-01
3.807363e-01
3.692123e-01
3.578313e-01
3.464920e-01
3.351130e-01
3.236266e-01
3.119690e-01
3.001048e-01
2.880120e-01
2.756834e-01
2.631431e-01
2.504467e-01
2.376853e-01
2.249942e-01
2.125488e-01
2.005564e-01
1.892341e-01
1.787921e-01
1.693992e-01
1.611613e-01
1.541118e-01
1.482139e-01
1.433749e-01
1.394671e-01
1.363490e-01
1.338819e-01
1.319409e-01
1.304185e-01
1.292270e-01
1.282948e-01
1.275660e-01
1.269965e-01
1.265510e-01
1.262036e-01
1.259319e-01
1.257204e-01
1.255556e-01
1.254274e-01
1.253281e-01
1.252509e-01
1.251917e-01
1.251457e-01
1.251106e-01
1.250836e-01
1.250630e-01
1.250474e-01
1.250354e-01
1.250265e-01
1.250196e-01
1.250146e-01
1.250107e-01
1.250079e-01
1.250058e-01
1.250042e-01
1.250031e-01
1.250022e-01
1.250016e-01
1.250012e-01
1.250008e-01
1.250006e-01
1.250004e-01
1.250003e-01
1.250002e-01
1.250001e-01
1.250001e-01
1.250001e-01
1.250001e-01
1.250000e-01
1.250000e-01
1.250000e-01
1.250000e-01
1.250000e-01
1.250000e-01
1.250000e-01
1.250000e-01
1.250000e-01
1.250000e-01
1.250000e-01
1.250000e-01
1.250000e-01
1.250000e-01
1.250000e-01
1.250000e-01
1.250000e-01
1.250000e-01
1.250000e-01
1.250000e-01
1.250000e-01
1.250000e-01
1.250000e-01
1.250000e-01
1.250000e-01
1.250000e-01
1.250000e-01
1.250000e-01
1.250000e-01
1.250000e-01
1.250000e-01
1.250000e-01
1.250000e-01
1.250000e-01
1.250000e-01
1.250000e-01
1.250000e-01
1.250000e-01
1.250000e-01
1.250000e-01
1.250000e-01
1.250000e-01
1.250000e-01
1.250000e-01
1.250000e-01
1.250000e-01
1.250000e-01
1.250000e-01
1.250000e-01
1.250000e-01
1.250000e-01
1.250000e-01
1.250000e-01
1.250000e-01
1.250000e-01
1.250000e-01
1.250000e-01
1.250000e-01
1.250000e-01
1.250000e-01
1.250000e-01
1.250000e-01
1.250000e-01
1.250000e-01
1.250000e-01
1.250000e-01
1.250000e-01
1.250000e-01
1.250000e-01
1.250000e-01
1.250000e-01
1.250000e-01
1.250000e-01
1.250000e-01
1.250000e-01
1.250000e-01
1.250000e-01
1.250000e-01
1.250000e-01
1.250000e-01
1.250000e-01
1.250000e-01
1.250000e-01
1.250000e-01
1.250000e-01
1.250000e-01
1.250000e-01
1.250000e-01
1.250000e-01
1.250000e-01
1.250000e-01
1.250000e-01
1.250000e-01
1.250000e-01
1.250000e-01
1.250000e-01
1.250000e-01
1.250000e-01
1.250000e-01
1.250000e-01
1.250000e-01
1.250000e-01
1.250000e-01
1.250000e-01
1.250000e-01
1.250000e-01
1.250001e-01
1.250001e-01
1.250001e-01
1.250002e-01
1.250002e-01
1.250003e-01
1.250004e-01
1.250006e-01
1.250009e-01
1.250012e-01
1.250017e-01
1.250023e-01
1.250032e-01
1.250043e-01
1.250059e-01
1.250081e-01
1.250110e-01
1.250148e-01
1.250200e-01
1.250268e-01
1.250359e-01
1.250479e-01
1.250636e-01
1.250843e-01
1.251114e-01
1.251468e-01
1.251929e-01
1.252526e-01
1.253299e-01
1.254298e-01
1.255586e-01
1.257241e-01
1.259367e-01
1.262093e-01
1.265585e-01
1.270052e-01
1.275764e-01
1.283065e-01
1.292393e-01
1.304303e-01
1.319494e-01
1.338836e-01
1.363380e-01
1.394360e-01
1.433147e-01
1.481158e-01
1.539692e-01
1.609722e-01
1.691677e-01
1.785280e-01
1.889501e-01
2.002658e-01
2.122662e-01
2.247307e-01
2.374461e-01
2.502336e-01
2.629545e-01
2.755150e-01
2.878582e-01
2.999612e-01
3.118308e-01
3.234904e-01
3.349773e-01
3.463532e-01
3.576875e-01
3.690619e-01
3.805880e-01
3.923686e-01
4.045186e-01
4.171989e-01
4.304894e-01
4.445774e-01
4.595137e-01
4.754615e-01
4.924551e-01
