5.091514e-01
5.275538e-01
5.469616e-01
5.674445e-01
5.888981e-01
6.112262e-01
6.343927e-01
6.582640e-01
6.826934e-01
7.075608e-01
7.326820e-01
7.578857e-01
7.829375e-01
8.076269e-01
8.316945e-01
8.548806e-01
8.768923e-01
8.974630e-01
9.163278e-01
9.332620e-01
9.480887e-01
9.607167e-01
9.711428e-01
9.794610e-01
9.858569e-01
9.905842e-01
9.939392e-01
9.962241e-01
9.977183e-01
9.986583e-01
9.992290e-01
9.995648e-01
9.997575e-01
9.998658e-01
9.999259e-01
9.999590e-01
9.999772e-01
9.999872e-01
9.999927e-01
9.999959e-01
9.999976e-01
9.999986e-01
9.999992e-01
9.999995e-01
9.999997e-01
9.999998e-01
9.999999e-01
9.999999e-01
1.000000e+00
1.000000e+00
1.000000e+00
1.000000e+00
1.000000e+00
1.000000e+00
1.000000e+00
1.000000e+00
1.000000e+00
1.000000e+00
1.000000e+00
1.000000e+00
1.000000e+00
1.000000e+00
1.000000e+00
1.000000e+00
1.000000e+00
1.000000e+00
1.000000e+00
1.000000e+00
1.000000e+00
1.000000e+00
1.000000e+00
1.000000e+00
1.000000e+00
1.000000e+00
1.000000e+00
1.000000e+00
1.000000e+00
1.000000e+00
1.000000e+00
1.000000e+00
1.000000e+00
1.000000e+00
1.000000e+00
1.000000e+00
1.000000e+00
1.000000e+00
1.000000e+00
1.000000e+00
1.000000e+00
1.000000e+00
1.000000e+00
1.000000e+00
1.000000e+00
1.000000e+00
1.000000e+00
1.000000e+00
1.000000e+00
1.000000e+00
1.000000e+00
1.000000e+00
1.000000e+00
1.000000e+00
1.000000e+00
1.000000e+00
1.000000e+00
1.000000e+00
1.000000e+00
1.000000e+00
1.000000e+00
1.000000e+00
1.000000e+00
1.000000e+00
1.000000e+00
1.000000e+00
1.000000e+00
1.000000e+00
1.000000e+00
1.000000e+00
1.000000e+00
1.000000e+00
1.000000e+00
1.000000e+00
1.000000e+00
1.000000e+00
1.000000e+00
1.000000e+00
1.000000e+00
1.000000e+00
1.000000e+00
1.000000e+00
1.000000e+00
1.000000e+00
1.000000e+00
1.000000e+00
1.000000e+00
1.000000e+00
1.000000e+00
1.000000e+00
1.000000e+00
1.000000e+00
1.000000e+00
1.000000e+00
1.000000e+00
1.000000e+00
1.000000e+00
1.000000e+00
1.000000e+00
1.000000e+00
1.000000e+00
1.000000e+00
1.000000e+00
1.000000e+00
1.000000e+00
1.000000e+00
1.000000e+00
1.000000e+00
1.000000e+00
1.000000e+00
1.000000e+00
1.000000e+00
1.000000e+00
1.000000e+00
1.000000e+00
1.000000e+00
1.000000e+00
1.000000e+00
1.000000e+00
1.000000e+00
1.000000e+00
1.000000e+00
1.000000e+00
1.000000e+00
1.000000e+00
1.000000e+00
1.000000e+00
1.000000e+00
1.000000e+00
1.000000e+00
1.000000e+00
1.000000e+00
1.000000e+00
1.000000e+00
1.000000e+00
1.000000e+00
1.000000e+00
1.000000e+00
1.000000e+00
1.000000e+00
1.000000e+00
1.000000e+00
1.000000e+00
1.000000e+00
1.000000e+00
1.000000e+00
1.000000e+00
1.000000e+00
1.000000e+00
1.000000e+00
1.000000e+00
1.000000e+00
1.000000e+00
1.000000e+00
1.000000e+00
1.000000e+00
1.000000e+00
1.000000e+00
1.000000e+00
9.999999e-01
9.999999e-01
9.999999e-01
9.999998e-01
9.999996e-01
9.999994e-01
9.999989e-01
9.999982e-01
9.999969e-01
9.999946e-01
9.999905e-01
9.999834e-01
9.999706e-01
9.999480e-01
9.999079e-01
9.998370e-01
9.997132e-01
9.994995e-01
9.991372e-01
9.985367e-01
9.975673e-01
9.960500e-01
9.937544e-01
9.904060e-01
9.857041e-01
9.793494e-01
9.710807e-01
9.607033e-01
9.481140e-01
9.333093e-01
9.163778e-01
8.974961e-01
8.768922e-01
8.548349e-01
8.315964e-01
8.074745e-01
7.827348e-01
7.576388e-01
7.324008e-01
7.072554e-01
6.823778e-01
6.579475e-01
6.340872e-01
6.109420e-01
5.886410e-01
5.672202e-01
5.467802e-01
5.274103e-01
5.090616e-01
4.917747e-01
4.755410e-01
4.602844e-01
4.459803e-01
4.324679e-01
4.197190e-01
4.075466e-01
3.958948e-01
3.845924e-01
3.735701e-01
3.626973e-01
3.518961e-01
3.410854e-01
3.301894e-01
3.191660e-01
3.079612e-01
2.965477e-01
2.849050e-01
2.730319e-01
2.609519e-01
2.487153e-01
2.364085e-01
2.241571e-01
2.121248e-01
2.005050e-01
1.895019e-01
1.793148e-01
1.701062e-01
1.619823e-01
1.549834e-01
1.490844e-01
1.442066e-01
1.402358e-01
1.370423e-01
1.344958e-01
1.324771e-01
1.308823e-01
1.296247e-01
1.286341e-01
1.278537e-01
1.272395e-01
1.267554e-01
1.263746e-01
1.260749e-01
1.258389e-01
1.256540e-01
1.255083e-01
1.253946e-01
1.253055e-01
1.252358e-01
1.251818e-01
1.251395e-01
1.251069e-01
1.250816e-01
1.250621e-01
1.250472e-01
1.250357e-01
1.250270e-01
1.250202e-01
1.250152e-01
1.250114e-01
1.250084e-01
1.250063e-01
1.250046e-01
1.250034e-01
1.250025e-01
1.250018e-01
1.250013e-01
1.250010e-01
1.250007e-01
1.250005e-01
1.250004e-01
1.250003e-01
1.250002e-01
1.250001e-01
1.250001e-01
1.250001e-01
1.250000e-01
1.250000e-01
1.250000e-01
1.250000e-01
1.250000e-01
1.250000e-01
1.250000e-01
1.250000e-01
1.250000e-01
1.250000e-01
1.250000e-01
1.250000e-01
1.250000e-01
1.250000e-01
1.250000e-01
1.250000e-01
1.250000e-01
1.250000e-01
1.250000e-01
1.250000e-01
1.250000e-01
1.250000e-01
1.250000e-01
1.250000e-01
1.250000e-01
1.250000e-01
1.250000e-01
1.250000e-01
1.250000e-01
1.250000e-01
1.250000e-01
1.250000e-01
1.250000e-01
1.250000e-01
1.250000e-01
1.250000e-01
1.250000e-01
1.250000e-01
1.250000e-01
1.250000e-01
1.250000e-01
1.250000e-01
1.250000e-01
1.250000e-01
1.250000e-01
1.250000e-01
1.250000e-01
1.250000e-01
1.250000e-01
1.250000e-01
1.250000e-01
1.250000e-01
1.250000e-01
1.250000e-01
1.250000e-01
1.250000e-01
1.250000e-01
1.250000e-01
1.250000e-01
1.250000e-01
1.250000e-01
1.250000e-01
1.250000e-01
1.250000e-01
1.250000e-01
1.250000e-01
1.250000e-01
1.250000e-01
1.250000e-01
1.250000e-01
1.250000e-01
1.250000e-01
1.250000e-01
1.250000e-01
1.250000e-01
1.250000e-01
1.250000e-01
1.250000e-01
1.250000e-01
1.250000e-01
1.250000e-01
1.250000e-01
1.250000e-01
1.250000e-01
1.250000e-01
1.250000e-01
1.250000e-01
1.250000e-01
1.250000e-01
1.250000e-01
1.250000e-01
1.250000e-01
1.250000e-01
1.250000e-01
1.250000e-01
1.250000e-01
1.250000e-01
1.250000e-01
1.250000e-01
1.250000e-01
1.250000e-01
1.250001e-01
1.250001e-01
1.250001e-01
1.250001e-01
1.250002e-01
1.250003e-01
1.250004e-01
1.250005e-01
1.250007e-01
1.250010e-01
1.250014e-01
1.250019e-01
1.250026e-01
1.250035e-01
1.250047e-01
1.250064e-01
1.250086e-01
1.250115e-01
1.250154e-01
1.250205e-01
1.250273e-01
1.250361e-01
1.250476e-01
1.250627e-01
1.250823e-01
1.251076e-01
1.251404e-01
1.251827e-01
1.252372e-01
1.253071e-01
1.253966e-01
1.255110e-01
1.256570e-01
1.258431e-01
1.260798e-01
1.263808e-01
1.267630e-01
1.272483e-01
1.278641e-01
1.286454e-01
1.296364e-01
1.308926e-01
1.324836e-01
1.344945e-01
1.370273e-01
1.402001e-01
1.441416e-01
1.489822e-01
1.548382e-01
1.617927e-01
1.698768e-01
1.790551e-01
1.892241e-01
2.002215e-01
2.118490e-01
2.238998e-01
2.361747e-01
2.485065e-01
2.607664e-01
2.728672e-01
2.847546e-01
2.964073e-01
3.078275e-01
3.190358e-01
3.300590e-01
3.409511e-01
3.517564e-01
3.625559e-01
3.734245e-01
3.844461e-01
3.957553e-01
4.074142e-01
4.196053e-01
4.323735e-01
4.459187e-01
4.602562e-01
4.755574e-01
4.918329e-01
