5.103551e-01
5.294943e-01
5.496814e-01
5.709926e-01
5.933228e-01
6.165561e-01
6.406325e-01
6.654246e-01
6.907458e-01
7.164673e-01
7.423833e-01
7.682728e-01
7.939041e-01
8.190179e-01
8.433371e-01
8.665539e-01
8.883759e-01
9.085127e-01
9.267043e-01
9.427410e-01
9.564907e-01
9.679194e-01
9.770958e-01
9.841927e-01
9.894639e-01
9.932189e-01
9.957820e-01
9.974590e-01
9.985127e-01
9.991504e-01
9.995240e-01
9.997368e-01
9.998556e-01
9.999209e-01
9.999566e-01
9.999761e-01
9.999867e-01
9.999925e-01
9.999957e-01
9.999976e-01
9.999986e-01
9.999992e-01
9.999995e-01
9.999997e-01
9.999998e-01
9.999999e-01
9.999999e-01
1.000000e+00
1.000000e+00
1.000000e+00
1.000000e+00
1.000000e+00
1.000000e+00
1.000000e+00
1.000000e+00
1.000000e+00
1.000000e+00
1.000000e+00
1.000000e+00
1.000000e+00
1.000000e+00
1.000000e+00
1.000000e+00
1.000000e+00
1.000000e+00
1.000000e+00
1.000000e+00
1.000000e+00
1.000000e+00
1.000000e+00
1.000000e+00
1.000000e+00
1.000000e+00
1.000000e+00
1.000000e+00
1.000000e+00
1.000000e+00
1.000000e+00
1.000000e+00
1.000000e+00
1.000000e+00
1.000000e+00
1.000000e+00
1.000000e+00
1.000000e+00
1.000000e+00
1.000000e+00
1.000000e+00
1.000000e+00
1.000000e+00
1.000000e+00
1.000000e+00
1.000000e+00
1.000000e+00
1.000000e+00
1.000000e+00
1.000000e+00
1.000000e+00
1.000000e+00
1.000000e+00
1.000000e+00
1.000000e+00
1.000000e+00
1.000000e+00
1.000000e+00
1.000000e+00
1.000000e+00
1.000000e+00
1.000000e+00
1.000000e+00
1.000000e+00
1.000000e+00
1.000000e+00
1.000000e+00
1.000000e+00
1.000000e+00
1.000000e+00
1.000000e+00
1.000000e+00
1.000000e+00
1.000000e+00
1.000000e+00
1.000000e+00
1.000000e+00
1.000000e+00
1.000000e+00
1.000000e+00
1.000000e+00
1.000000e+00
1.000000e+00
1.000000e+00
1.000000e+00
1.000000e+00
1.000000e+00
1.000000e+00
1.000000e+00
1.000000e+00
1.000000e+00
1.000000e+00
1.000000e+00
1.000000e+00
1.000000e+00
1.000000e+00
1.000000e+00
1.000000e+00
1.000000e+00
1.000000e+00
1.000000e+00
1.000000e+00
1.000000e+00
1.000000e+00
1.000000e+00
1.000000e+00
1.000000e+00
1.000000e+00
1.000000e+00
1.000000e+00
1.000000e+00
1.000000e+00
1.000000e+00
1.000000e+00
1.000000e+00
1.000000e+00
1.000000e+00
1.000000e+00
1.000000e+00
1.000000e+00
1.000000e+00
1.000000e+00
1.000000e+00
1.000000e+00
1.000000e+00
1.000000e+00
1.000000e+00
1.000000e+00
1.000000e+00
1.000000e+00
1.000000e+00
1.000000e+00
1.000000e+00
1.000000e+00
1.000000e+00
1.000000e+00
1.000000e+00
1.000000e+00
1.000000e+00
1.000000e+00
1.000000e+00
1.000000e+00
1.000000e+00
1.000000e+00
1.000000e+00
1.000000e+00
1.000000e+00
1.000000e+00
1.000000e+00
1.000000e+00
1.000000e+00
1.000000e+00
1.000000e+00
1.000000e+00
1.000000e+00
1.000000e+00
1.000000e+00
1.000000e+00
1.000000e+00
1.000000e+00
1.000000e+00
9.999999e-01
9.999999e-01
9.999999e-01
9.999998e-01
9.999996e-01
9.999994e-01
9.999989e-01
9.999981e-01
9.999968e-01
9.999944e-01
9.999902e-01
9.999826e-01
9.999691e-01
9.999449e-01
9.999016e-01
9.998246e-01
9.996889e-01
9.994533e-01
9.990515e-01
9.983824e-01
9.972989e-01
9.956002e-01
9.930300e-01
9.892872e-01
9.840476e-01
9.769974e-01
9.678736e-01
9.564931e-01
9.427781e-01
9.267562e-01
9.085589e-01
8.883959e-01
8.665324e-01
8.432631e-01
8.188878e-01
7.937181e-01
7.680377e-01
7.421069e-01
7.161628e-01
6.904257e-01
6.651004e-01
6.403176e-01
6.162599e-01
5.930555e-01
5.707591e-01
5.494915e-01
5.293443e-01
5.102632e-01
4.923063e-01
4.754636e-01
4.596567e-01
4.448446e-01
4.308686e-01
4.176771e-01
4.050841e-01
3.930175e-01
3.813087e-01
3.698594e-01
3.585548e-01
3.472956e-01
3.360016e-01
3.246045e-01
3.130420e-01
3.012753e-01
2.892832e-01
2.770554e-01
2.646103e-01
2.519998e-01
2.393081e-01
2.266626e-01
2.142318e-01
2.022176e-01
1.908347e-01
1.802942e-01
1.707719e-01
1.623833e-01
1.551731e-01
1.491157e-01
1.441274e-01
1.400861e-01
1.368529e-01
1.342892e-01
1.322686e-01
1.306816e-01
1.294378e-01
1.284637e-01
1.277012e-01
1.271047e-01
1.266376e-01
1.262727e-01
1.259872e-01
1.257644e-01
1.255907e-01
1.254552e-01
1.253503e-01
1.252684e-01
1.252054e-01
1.251566e-01
1.251190e-01
1.250903e-01
1.250681e-01
1.250514e-01
1.250385e-01
1.250288e-01
1.250215e-01
1.250159e-01
1.250118e-01
1.250087e-01
1.250064e-01
1.250047e-01
1.250034e-01
1.250025e-01
1.250018e-01
1.250013e-01
1.250009e-01
1.250007e-01
1.250005e-01
1.250003e-01
1.250002e-01
1.250002e-01
1.250001e-01
1.250001e-01
1.250001e-01
1.250000e-01
1.250000e-01
1.250000e-01
1.250000e-01
1.250000e-01
1.250000e-01
1.250000e-01
1.250000e-01
1.250000e-01
1.250000e-01
1.250000e-01
1.250000e-01
1.250000e-01
1.250000e-01
1.250000e-01
1.250000e-01
1.250000e-01
1.250000e-01
1.250000e-01
1.250000e-01
1.250000e-01
1.250000e-01
1.250000e-01
1.250000e-01
1.250000e-01
1.250000e-01
1.250000e-01
1.250000e-01
1.250000e-01
1.250000e-01
1.250000e-01
1.250000e-01
1.250000e-01
1.250000e-01
1.250000e-01
1.250000e-01
1.250000e-01
1.250000e-01
1.250000e-01
1.250000e-01
1.250000e-01
1.250000e-01
1.250000e-01
1.250000e-01
1.250000e-01
1.250000e-01
1.250000e-01
1.250000e-01
1.250000e-01
1.250000e-01
1.250000e-01
1.250000e-01
1.250000e-01
1.250000e-01
1.250000e-01
1.250000e-01
1.250000e-01
1.250000e-01
1.250000e-01
1.250000e-01
1.250000e-01
1.250000e-01
1.250000e-01
1.250000e-01
1.250000e-01
1.250000e-01
1.250000e-01
1.250000e-01
1.250000e-01
1.250000e-01
1.250000e-01
1.250000e-01
1.250000e-01
1.250000e-01
1.250000e-01
1.250000e-01
1.250000e-01
1.250000e-01
1.250000e-01
1.250000e-01
1.250000e-01
1.250000e-01
1.250000e-01
1.250000e-01
1.250000e-01
1.250000e-01
1.250000e-01
1.250000e-01
1.250000e-01
1.250000e-01
1.250000e-01
1.250000e-01
1.250000e-01
1.250000e-01
1.250000e-01
1.250000e-01
1.250000e-01
1.250000e-01
1.250000e-01
1.250000e-01
1.250000e-01
1.250000e-01
1.250000e-01
1.250000e-01
1.250000e-01
1.250000e-01
1.250001e-01
1.250001e-01
1.250001e-01
1.250002e-01
1.250003e-01
1.250004e-01
1.250005e-01
1.250007e-01
1.250010e-01
1.250014e-01
1.250019e-01
1.250026e-01
1.250035e-01
1.250048e-01
1.250066e-01
1.250089e-01
1.250120e-01
1.250162e-01
1.250218e-01
1.250292e-01
1.250390e-01
1.250519e-01
1.250688e-01
1.250910e-01
1.251200e-01
1.251577e-01
1.252067e-01
1.252701e-01
1.253521e-01
1.254578e-01
1.255938e-01
1.257684e-01
1.259922e-01
1.262787e-01
1.266453e-01
1.271136e-01
1.277118e-01
1.284754e-01
1.294500e-01
1.306928e-01
1.322761e-01
1.342890e-01
1.368389e-01
1.400507e-01
1.440616e-01
1.490111e-01
1.550235e-01
1.621877e-01
1.705354e-01
1.800272e-01
1.905498e-01
2.019284e-01
2.139523e-01
2.264033e-01
2.390733e-01
2.517911e-01
2.644253e-01
2.768896e-01
2.891319e-01
3.011334e-01
3.129051e-01
3.244695e-01
3.358661e-01
3.471563e-01
3.584114e-01
3.697096e-01
3.811608e-01
3.928718e-01
4.049481e-01
4.175564e-01
4.307696e-01
4.447776e-01
4.596253e-01
4.754779e-01
4.923655e-01
