5.225465e-01
5.500783e-01
5.793156e-01
6.101169e-01
6.422505e-01
6.754238e-01
7.092230e-01
7.432606e-01
7.769998e-01
8.099296e-01
8.414772e-01
8.710169e-01
8.979920e-01
9.218940e-01
9.423259e-01
9.591006e-01
9.722497e-01
9.820362e-01
9.889247e-01
9.934961e-01
9.963536e-01
9.980386e-01
9.989804e-01
9.994831e-01
9.997418e-01
9.998716e-01
9.999360e-01
9.999678e-01
9.999836e-01
9.999915e-01
9.999956e-01
9.999976e-01
9.999987e-01
9.999993e-01
9.999996e-01
9.999998e-01
9.999999e-01
9.999999e-01
1.000000e+00
1.000000e+00
1.000000e+00
1.000000e+00
1.000000e+00
1.000000e+00
1.000000e+00
1.000000e+00
1.000000e+00
1.000000e+00
1.000000e+00
1.000000e+00
1.000000e+00
1.000000e+00
1.000000e+00
1.000000e+00
1.000000e+00
1.000000e+00
1.000000e+00
1.000000e+00
1.000000e+00
1.000000e+00
1.000000e+00
1.000000e+00
1.000000e+00
1.000000e+00
1.000000e+00
1.000000e+00
1.000000e+00
1.000000e+00
1.000000e+00
1.000000e+00
1.000000e+00
1.000000e+00
1.000000e+00
1.000000e+00
1.000000e+00
1.000000e+00
1.000000e+00
1.000000e+00
1.000000e+00
1.000000e+00
1.000000e+00
1.000000e+00
1.000000e+00
1.000000e+00
1.000000e+00
1.000000e+00
1.000000e+00
1.000000e+00
1.000000e+00
1.000000e+00
1.000000e+00
1.000000e+00
1.000000e+00
1.000000e+00
1.000000e+00
1.000000e+00
1.000000e+00
1.000000e+00
1.000000e+00
1.000000e+00
1.000000e+00
1.000000e+00
1.000000e+00
1.000000e+00
1.000000e+00
1.000000e+00
1.000000e+00
1.000000e+00
1.000000e+00
1.000000e+00
1.000000e+00
1.000000e+00
1.000000e+00
1.000000e+00
1.000000e+00
1.000000e+00
1.000000e+00
1.000000e+00
1.000000e+00
1.000000e+00
1.000000e+00
1.000000e+00
1.000000e+00
1.000000e+00
1.000000e+00
1.000000e+00
1.000000e+00
1.000000e+00
1.000000e+00
1.000000e+00
1.000000e+00
1.000000e+00
1.000000e+00
1.000000e+00
1.000000e+00
1.000000e+00
1.000000e+00
1.000000e+00
1.000000e+00
1.000000e+00
1.000000e+00
1.000000e+00
1.000000e+00
1.000000e+00
1.000000e+00
1.000000e+00
1.000000e+00
1.000000e+00
1.000000e+00
1.000000e+00
1.000000e+00
1.000000e+00
1.000000e+00
1.000000e+00
1.000000e+00
1.000000e+00
1.000000e+00
1.000000e+00
1.000000e+00
1.000000e+00
1.000000e+00
1.000000e+00
1.000000e+00
1.000000e+00
1.000000e+00
1.000000e+00
1.000000e+00
1.000000e+00
1.000000e+00
1.000000e+00
1.000000e+00
1.000000e+00
1.000000e+00
1.000000e+00
1.000000e+00
1.000000e+00
1.000000e+00
1.000000e+00
1.000000e+00
1.000000e+00
1.000000e+00
1.000000e+00
1.000000e+00
1.000000e+00
1.000000e+00
1.000000e+00
1.000000e+00
1.000000e+00
1.000000e+00
1.000000e+00
1.000000e+00
1.000000e+00
1.000000e+00
1.000000e+00
1.000000e+00
1.000000e+00
1.000000e+00
1.000000e+00
1.000000e+00
1.000000e+00
1.000000e+00
1.000000e+00
1.000000e+00
1.000000e+00
1.000000e+00
1.000000e+00
1.000000e+00
1.000000e+00
1.000000e+00
1.000000e+00
1.000000e+00
1.000000e+00
1.000000e+00
1.000000e+00
1.000000e+00
1.000000e+00
1.000000e+00
1.000000e+00
9.999999e-01
9.999998e-01
9.999997e-01
9.999995e-01
9.999991e-01
9.999983e-01
9.999968e-01
9.999939e-01
9.999884e-01
9.999777e-01
9.999568e-01
9.999161e-01
9.998369e-01
9.996836e-01
9.993914e-01
9.988461e-01
9.978586e-01
9.961365e-01
9.932648e-01
9.887134e-01
9.818793e-01
9.721681e-01
9.590951e-01
9.423732e-01
9.219571e-01
8.980311e-01
8.709974e-01
8.413767e-01
8.097409e-01
7.767292e-01
7.429247e-01
7.088483e-01
6.750371e-01
6.418750e-01
6.097801e-01
5.790350e-01
5.498619e-01
5.224331e-01
4.968399e-01
4.731311e-01
4.511505e-01
4.306642e-01
4.114559e-01
3.932518e-01
3.757685e-01
3.587447e-01
3.419536e-01
3.251997e-01
3.083369e-01
2.913058e-01
2.741121e-01
2.568641e-01
2.397511e-01
2.230494e-01
2.071036e-01
1.922830e-01
1.789302e-01
1.673080e-01
1.575454e-01
1.496183e-01
1.433741e-01
1.385771e-01
1.349614e-01
1.322720e-01
1.302886e-01
1.288337e-01
1.277702e-01
1.269948e-01
1.264310e-01
1.260221e-01
1.257267e-01
1.255139e-01
1.253616e-01
1.252528e-01
1.251758e-01
1.251214e-01
1.250833e-01
1.250568e-01
1.250385e-01
1.250259e-01
1.250173e-01
1.250115e-01
1.250076e-01
1.250049e-01
1.250032e-01
1.250021e-01
1.250013e-01
1.250008e-01
1.250005e-01
1.250003e-01
1.250002e-01
1.250001e-01
1.250001e-01
1.250000e-01
1.250000e-01
1.250000e-01
1.250000e-01
1.250000e-01
1.250000e-01
1.250000e-01
1.250000e-01
1.250000e-01
1.250000e-01
1.250000e-01
1.250000e-01
1.250000e-01
1.250000e-01
1.250000e-01
1.250000e-01
1.250000e-01
1.250000e-01
1.250000e-01
1.250000e-01
1.250000e-01
1.250000e-01
1.250000e-01
1.250000e-01
1.250000e-01
1.250000e-01
1.250000e-01
1.250000e-01
1.250000e-01
1.250000e-01
1.250000e-01
1.250000e-01
1.250000e-01
1.250000e-01
1.250000e-01
1.250000e-01
1.250000e-01
1.250000e-01
1.250000e-01
1.250000e-01
1.250000e-01
1.250000e-01
1.250000e-01
1.250000e-01
1.250000e-01
1.250000e-01
1.250000e-01
1.250000e-01
1.250000e-01
1.250000e-01
1.250000e-01
1.250000e-01
1.250000e-01
1.250000e-01
1.250000e-01
1.250000e-01
1.250000e-01
1.250000e-01
1.250000e-01
1.250000e-01
1.250000e-01
1.250000e-01
1.250000e-01
1.250000e-01
1.250000e-01
1.250000e-01
1.250000e-01
1.250000e-01
1.250000e-01
1.250000e-01
1.250000e-01
1.250000e-01
1.250000e-01
1.250000e-01
1.250000e-01
1.250000e-01
1.250000e-01
1.250000e-01
1.250000e-01
1.250000e-01
1.250000e-01
1.250000e-01
1.250000e-01
1.250000e-01
1.250000e-01
1.250000e-01
1.250000e-01
1.250000e-01
1.250000e-01
1.250000e-01
1.250000e-01
1.250000e-01
1.250000e-01
1.250000e-01
1.250000e-01
1.250000e-01
1.250000e-01
1.250000e-01
1.250000e-01
1.250000e-01
1.250000e-01
1.250000e-01
1.250000e-01
1.250000e-01
1.250000e-01
1.250000e-01
1.250000e-01
1.250000e-01
1.250000e-01
1.250000e-01
1.250000e-01
1.250000e-01
1.250000e-01
1.250000e-01
1.250000e-01
1.250000e-01
1.250000e-01
1.250000e-01
1.250000e-01
1.250000e-01
1.250000e-01
1.250000e-01
1.250000e-01
1.250000e-01
1.250000e-01
1.250000e-01
1.250000e-01
1.250000e-01
1.250000e-01
1.250000e-01
1.250000e-01
1.250000e-01
1.250000e-01
1.250000e-01
1.250000e-01
1.250000e-01
1.250000e-01
1.250000e-01
1.250000e-01
1.250000e-01
1.250000e-01
1.250000e-01
1.250000e-01
1.250000e-01
1.250000e-01
1.250001e-01
1.250001e-01
1.250001e-01
1.250002e-01
1.250004e-01
1.250006e-01
1.250009e-01
1.250015e-01
1.250022e-01
1.250035e-01
1.250053e-01
1.250080e-01
1.250121e-01
1.250181e-01
1.250269e-01
1.250397e-01
1.250584e-01
1.250854e-01
1.251240e-01
1.251789e-01
1.252568e-01
1.253665e-01
1.255203e-01
1.257346e-01
1.260322e-01
1.264436e-01
1.270104e-01
1.277886e-01
1.288541e-01
1.303083e-01
1.322858e-01
1.349604e-01
1.385482e-01
1.433014e-01
1.494868e-01
1.573464e-01
1.670435e-01
1.786124e-01
1.919333e-01
2.067488e-01
2.227119e-01
2.394442e-01
2.565940e-01
2.738771e-01
2.910966e-01
3.081449e-01
3.250184e-01
3.417763e-01
3.585666e-01
3.755909e-01
3.930819e-01
4.113050e-01
4.305470e-01
4.510730e-01
4.731182e-01
4.969090e-01
