5.076260e-01
5.251287e-01
5.435832e-01
5.630409e-01
5.834137e-01
6.046349e-01
6.266660e-01
6.493857e-01
6.726995e-01
6.964740e-01
7.205789e-01
7.448538e-01
7.691113e-01
7.931638e-01
8.167968e-01
8.397758e-01
8.618536e-01
8.827720e-01
9.022839e-01
9.201527e-01
9.361798e-01
9.502111e-01
9.621723e-01
9.720679e-01
9.799897e-01
9.861111e-01
9.906660e-01
9.939264e-01
9.961698e-01
9.976547e-01
9.986016e-01
9.991850e-01
9.995336e-01
9.997366e-01
9.998525e-01
9.999176e-01
9.999540e-01
9.999742e-01
9.999854e-01
9.999917e-01
9.999952e-01
9.999972e-01
9.999984e-01
9.999990e-01
9.999994e-01
9.999997e-01
9.999998e-01
9.999999e-01
9.999999e-01
1.000000e+00
1.000000e+00
1.000000e+00
1.000000e+00
1.000000e+00
1.000000e+00
1.000000e+00
1.000000e+00
1.000000e+00
1.000000e+00
1.000000e+00
1.000000e+00
1.000000e+00
1.000000e+00
1.000000e+00
1.000000e+00
1.000000e+00
1.000000e+00
1.000000e+00
1.000000e+00
1.000000e+00
1.000000e+00
1.000000e+00
1.000000e+00
1.000000e+00
1.000000e+00
1.000000e+00
1.000000e+00
1.000000e+00
1.000000e+00
1.000000e+00
1.000000e+00
1.000000e+00
1.000000e+00
1.000000e+00
1.000000e+00
1.000000e+00
1.000000e+00
1.000000e+00
1.000000e+00
1.000000e+00
1.000000e+00
1.000000e+00
1.000000e+00
1.000000e+00
1.000000e+00
1.000000e+00
1.000000e+00
1.000000e+00
1.000000e+00
1.000000e+00
1.000000e+00
1.000000e+00
1.000000e+00
1.000000e+00
1.000000e+00
1.000000e+00
1.000000e+00
1.000000e+00
1.000000e+00
1.000000e+00
1.000000e+00
1.000000e+00
1.000000e+00
1.000000e+00
1.000000e+00
1.000000e+00
1.000000e+00
1.000000e+00
1.000000e+00
1.000000e+00
1.000000e+00
1.000000e+00
1.000000e+00
1.000000e+00
1.000000e+00
1.000000e+00
1.000000e+00
1.000000e+00
1.000000e+00
1.000000e+00
1.000000e+00
1.000000e+00
1.000000e+00
1.000000e+00
1.000000e+00
1.000000e+00
1.000000e+00
1.000000e+00
1.000000e+00
1.000000e+00
1.000000e+00
1.000000e+00
1.000000e+00
1.000000e+00
1.000000e+00
1.000000e+00
1.000000e+00
1.000000e+00
1.000000e+00
1.000000e+00
1.000000e+00
1.000000e+00
1.000000e+00
1.000000e+00
1.000000e+00
1.000000e+00
1.000000e+00
1.000000e+00
1.000000e+00
1.000000e+00
1.000000e+00
1.000000e+00
1.000000e+00
1.000000e+00
1.000000e+00
1.000000e+00
1.000000e+00
1.000000e+00
1.000000e+00
1.000000e+00
1.000000e+00
1.000000e+00
1.000000e+00
1.000000e+00
1.000000e+00
1.000000e+00
1.000000e+00
1.000000e+00
1.000000e+00
1.000000e+00
1.000000e+00
1.000000e+00
1.000000e+00
1.000000e+00
1.000000e+00
1.000000e+00
1.000000e+00
1.000000e+00
1.000000e+00
1.000000e+00
1.000000e+00
1.000000e+00
1.000000e+00
1.000000e+00
1.000000e+00
1.000000e+00
1.000000e+00
1.000000e+00
1.000000e+00
1.000000e+00
1.000000e+00
1.000000e+00
1.000000e+00
1.000000e+00
1.000000e+00
1.000000e+00
9.999999e-01
9.999999e-01
9.999998e-01
9.999997e-01
9.999996e-01
9.999993e-01
9.999987e-01
9.999979e-01
9.999964e-01
9.999938e-01
9.999892e-01
9.999812e-01
9.999670e-01
9.999421e-01
9.998985e-01
9.998224e-01
9.996909e-01
9.994672e-01
9.990930e-01
9.984812e-01
9.975066e-01
9.960001e-01
9.937466e-01
9.904922e-01
9.859606e-01
9.798773e-01
9.720019e-01
9.621529e-01
9.502302e-01
9.362228e-01
9.202024e-01
9.023219e-01
8.827826e-01
8.618247e-01
8.396987e-01
8.166696e-01
7.929872e-01
7.688905e-01
7.445953e-01
7.202937e-01
6.961716e-01
6.723912e-01
6.490797e-01
6.263729e-01
6.043647e-01
5.831703e-01
5.628283e-01
5.434109e-01
5.249931e-01
5.075396e-01
4.910776e-01
4.755984e-01
4.610245e-01
4.473484e-01
4.344141e-01
4.222024e-01
4.105608e-01
3.994018e-01
3.886133e-01
3.780983e-01
3.677514e-01
3.574965e-01
3.472537e-01
3.369670e-01
3.265811e-01
3.160499e-01
3.053380e-01
2.944226e-01
2.832834e-01
2.719185e-01
2.603458e-01
2.486087e-01
2.367819e-01
2.249760e-01
2.133376e-01
2.020440e-01
1.912849e-01
1.812504e-01
1.721023e-01
1.639546e-01
1.568628e-01
1.508213e-01
1.457719e-01
1.416184e-01
1.382446e-01
1.355292e-01
1.333578e-01
1.316284e-01
1.302540e-01
1.291632e-01
1.282974e-01
1.276104e-01
1.270655e-01
1.266326e-01
1.262895e-01
1.260171e-01
1.258009e-01
1.256301e-01
1.254943e-01
1.253874e-01
1.253029e-01
1.252361e-01
1.251840e-01
1.251427e-01
1.251106e-01
1.250854e-01
1.250657e-01
1.250506e-01
1.250387e-01
1.250296e-01
1.250226e-01
1.250171e-01
1.250130e-01
1.250098e-01
1.250074e-01
1.250055e-01
1.250041e-01
1.250031e-01
1.250023e-01
1.250017e-01
1.250013e-01
1.250009e-01
1.250007e-01
1.250005e-01
1.250004e-01
1.250003e-01
1.250002e-01
1.250001e-01
1.250001e-01
1.250001e-01
1.250001e-01
1.250000e-01
1.250000e-01
1.250000e-01
1.250000e-01
1.250000e-01
1.250000e-01
1.250000e-01
1.250000e-01
1.250000e-01
1.250000e-01
1.250000e-01
1.250000e-01
1.250000e-01
1.250000e-01
1.250000e-01
1.250000e-01
1.250000e-01
1.250000e-01
1.250000e-01
1.250000e-01
1.250000e-01
1.250000e-01
1.250000e-01
1.250000e-01
1.250000e-01
1.250000e-01
1.250000e-01
1.250000e-01
1.250000e-01
1.250000e-01
1.250000e-01
1.250000e-01
1.250000e-01
1.250000e-01
1.250000e-01
1.250000e-01
1.250000e-01
1.250000e-01
1.250000e-01
1.250000e-01
1.250000e-01
1.250000e-01
1.250000e-01
1.250000e-01
1.250000e-01
1.250000e-01
1.250000e-01
1.250000e-01
1.250000e-01
1.250000e-01
1.250000e-01
1.250000e-01
1.250000e-01
1.250000e-01
1.250000e-01
1.250000e-01
1.250000e-01
1.250000e-01
1.250000e-01
1.250000e-01
1.250000e-01
1.250000e-01
1.250000e-01
1.250000e-01
1.250000e-01
1.250000e-01
1.250000e-01
1.250000e-01
1.250000e-01
1.250000e-01
1.250000e-01
1.250000e-01
1.250000e-01
1.250000e-01
1.250000e-01
1.250000e-01
1.250000e-01
1.250000e-01
1.250000e-01
1.250000e-01
1.250000e-01
1.250000e-01
1.250000e-01
1.250000e-01
1.250000e-01
1.250000e-01
1.250000e-01
1.250000e-01
1.250000e-01
1.250000e-01
1.250000e-01
1.250000e-01
1.250000e-01
1.250000e-01
1.250001e-01
1.250001e-01
1.250001e-01
1.250001e-01
1.250002e-01
1.250003e-01
1.250004e-01
1.250005e-01
1.250007e-01
1.250010e-01
1.250013e-01
1.250017e-01
1.250024e-01
1.250032e-01
1.250042e-01
1.250056e-01
1.250075e-01
1.250099e-01
1.250131e-01
1.250173e-01
1.250228e-01
1.250299e-01
1.250391e-01
1.250509e-01
1.250663e-01
1.250860e-01
1.251112e-01
1.251436e-01
1.251848e-01
1.252374e-01
1.253043e-01
1.253892e-01
1.254967e-01
1.256327e-01
1.258046e-01
1.260214e-01
1.262948e-01
1.266394e-01
1.270733e-01
1.276197e-01
1.283077e-01
1.291740e-01
1.302645e-01
1.316366e-01
1.333609e-01
1.355228e-01
1.382227e-01
1.415740e-01
1.456971e-01
1.507091e-01
1.567088e-01
1.637590e-01
1.718705e-01
1.809923e-01
1.910122e-01
2.017684e-01
2.130713e-01
2.247282e-01
2.365571e-01
2.484082e-01
2.601672e-01
2.717590e-01
2.831387e-01
2.942879e-01
3.052099e-01
3.159244e-01
3.264556e-01
3.368384e-01
3.471210e-01
3.573601e-01
3.676087e-01
3.779581e-01
3.884710e-01
3.992687e-01
4.104337e-01
4.220975e-01
4.343269e-01
4.472933e-01
4.610004e-01
4.756175e-01
4.911347e-01
