5.131640e-01
5.340976e-01
5.561999e-01
5.795449e-01
6.039658e-01
6.294037e-01
6.556836e-01
6.826248e-01
7.100525e-01
7.377210e-01
7.653775e-01
7.927302e-01
8.194718e-01
8.452719e-01
8.697599e-01
8.925972e-01
9.134473e-01
9.320284e-01
9.481219e-01
9.616284e-01
9.725650e-01
9.810798e-01
9.874314e-01
9.919621e-01
9.950478e-01
9.970547e-01
9.983031e-01
9.990484e-01
9.994774e-01
9.997172e-01
9.998481e-01
9.999186e-01
9.999562e-01
9.999763e-01
9.999870e-01
9.999928e-01
9.999960e-01
9.999977e-01
9.999987e-01
9.999993e-01
9.999996e-01
9.999997e-01
9.999998e-01
9.999999e-01
9.999999e-01
1.000000e+00
1.000000e+00
1.000000e+00
1.000000e+00
1.000000e+00
1.000000e+00
1.000000e+00
1.000000e+00
1.000000e+00
1.000000e+00
1.000000e+00
1.000000e+00
1.000000e+00
1.000000e+00
1.000000e+00
1.000000e+00
1.000000e+00
1.000000e+00
1.000000e+00
1.000000e+00
1.000000e+00
1.000000e+00
1.000000e+00
1.000000e+00
1.000000e+00
1.000000e+00
1.000000e+00
1.000000e+00
1.000000e+00
1.000000e+00
1.000000e+00
1.000000e+00
1.000000e+00
1.000000e+00
1.000000e+00
1.000000e+00
1.000000e+00
1.000000e+00
1.000000e+00
1.000000e+00
1.000000e+00
1.000000e+00
1.000000e+00
1.000000e+00
1.000000e+00
1.000000e+00
1.000000e+00
1.000000e+00
1.000000e+00
1.000000e+00
1.000000e+00
1.000000e+00
1.000000e+00
1.000000e+00
1.000000e+00
1.000000e+00
1.000000e+00
1.000000e+00
1.000000e+00
1.000000e+00
1.000000e+00
1.000000e+00
1.000000e+00
1.000000e+00
1.000000e+00
1.000000e+00
1.000000e+00
1.000000e+00
1.000000e+00
1.000000e+00
1.000000e+00
1.000000e+00
1.000000e+00
1.000000e+00
1.000000e+00
1.000000e+00
1.000000e+00
1.000000e+00
1.000000e+00
1.000000e+00
1.000000e+00
1.000000e+00
1.000000e+00
1.000000e+00
1.000000e+00
1.000000e+00
1.000000e+00
1.000000e+00
1.000000e+00
1.000000e+00
1.000000e+00
1.000000e+00
1.000000e+00
1.000000e+00
1.000000e+00
1.000000e+00
1.000000e+00
1.000000e+00
1.000000e+00
1.000000e+00
1.000000e+00
1.000000e+00
1.000000e+00
1.000000e+00
1.000000e+00
1.000000e+00
1.000000e+00
1.000000e+00
1.000000e+00
1.000000e+00
1.000000e+00
1.000000e+00
1.000000e+00
1.000000e+00
1.000000e+00
1.000000e+00
1.000000e+00
1.000000e+00
1.000000e+00
1.000000e+00
1.000000e+00
1.000000e+00
1.000000e+00
1.000000e+00
1.000000e+00
1.000000e+00
1.000000e+00
1.000000e+00
1.000000e+00
1.000000e+00
1.000000e+00
1.000000e+00
1.000000e+00
1.000000e+00
1.000000e+00
1.000000e+00
1.000000e+00
1.000000e+00
1.000000e+00
1.000000e+00
1.000000e+00
1.000000e+00
1.000000e+00
1.000000e+00
1.000000e+00
1.000000e+00
1.000000e+00
1.000000e+00
1.000000e+00
1.000000e+00
1.000000e+00
1.000000e+00
1.000000e+00
1.000000e+00
1.000000e+00
1.000000e+00
1.000000e+00
1.000000e+00
1.000000e+00
1.000000e+00
1.000000e+00
1.000000e+00
1.000000e+00
1.000000e+00
1.000000e+00
1.000000e+00
9.999999e-01
9.999999e-01
9.999998e-01
9.999997e-01
9.999994e-01
9.999990e-01
9.999983e-01
9.999970e-01
9.999947e-01
9.999905e-01
9.999829e-01
9.999691e-01
9.999438e-01
9.998978e-01
9.998143e-01
9.996643e-01
9.993987e-01
9.989378e-01
9.981581e-01
9.968786e-01
9.948522e-01
9.917661e-01
9.872581e-01
9.809499e-01
9.724916e-01
9.616116e-01
9.481502e-01
9.320808e-01
9.134994e-01
8.926245e-01
8.697433e-01
8.451975e-01
8.193346e-01
7.925307e-01
7.651242e-01
7.374234e-01
7.097267e-01
6.822870e-01
6.553464e-01
6.290818e-01
6.036752e-01
5.792866e-01
5.559914e-01
5.339334e-01
5.130669e-01
4.934884e-01
4.751768e-01
4.580468e-01
4.420036e-01
4.269083e-01
4.126371e-01
3.990347e-01
3.859363e-01
3.732158e-01
3.607170e-01
3.483178e-01
3.359011e-01
3.233857e-01
3.106956e-01
2.977912e-01
2.846483e-01
2.712762e-01
2.577264e-01
2.440877e-01
2.304991e-01
2.171479e-01
2.042605e-01
1.920804e-01
1.808458e-01
1.707559e-01
1.619378e-01
1.544337e-01
1.482035e-01
1.431404e-01
1.390965e-01
1.359086e-01
1.334185e-01
1.314850e-01
1.299888e-01
1.288335e-01
1.279420e-01
1.272550e-01
1.267254e-01
1.263180e-01
1.260044e-01
1.257637e-01
1.255791e-01
1.254378e-01
1.253301e-01
1.252479e-01
1.251857e-01
1.251384e-01
1.251030e-01
1.250762e-01
1.250563e-01
1.250413e-01
1.250302e-01
1.250220e-01
1.250160e-01
1.250116e-01
1.250083e-01
1.250060e-01
1.250042e-01
1.250030e-01
1.250021e-01
1.250015e-01
1.250011e-01
1.250007e-01
1.250005e-01
1.250004e-01
1.250002e-01
1.250002e-01
1.250001e-01
1.250001e-01
1.250001e-01
1.250000e-01
1.250000e-01
1.250000e-01
1.250000e-01
1.250000e-01
1.250000e-01
1.250000e-01
1.250000e-01
1.250000e-01
1.250000e-01
1.250000e-01
1.250000e-01
1.250000e-01
1.250000e-01
1.250000e-01
1.250000e-01
1.250000e-01
1.250000e-01
1.250000e-01
1.250000e-01
1.250000e-01
1.250000e-01
1.250000e-01
1.250000e-01
1.250000e-01
1.250000e-01
1.250000e-01
1.250000e-01
1.250000e-01
1.250000e-01
1.250000e-01
1.250000e-01
1.250000e-01
1.250000e-01
1.250000e-01
1.250000e-01
1.250000e-01
1.250000e-01
1.250000e-01
1.250000e-01
1.250000e-01
1.250000e-01
1.250000e-01
1.250000e-01
1.250000e-01
1.250000e-01
1.250000e-01
1.250000e-01
1.250000e-01
1.250000e-01
1.250000e-01
1.250000e-01
1.250000e-01
1.250000e-01
1.250000e-01
1.250000e-01
1.250000e-01
1.250000e-01
1.250000e-01
1.250000e-01
1.250000e-01
1.250000e-01
1.250000e-01
1.250000e-01
1.250000e-01
1.250000e-01
1.250000e-01
1.250000e-01
1.250000e-01
1.250000e-01
1.250000e-01
1.250000e-01
1.250000e-01
1.250000e-01
1.250000e-01
1.250000e-01
1.250000e-01
1.250000e-01
1.250000e-01
1.250000e-01
1.250000e-01
1.250000e-01
1.250000e-01
1.250000e-01
1.250000e-01
1.250000e-01
1.250000e-01
1.250000e-01
1.250000e-01
1.250000e-01
1.250000e-01
1.250000e-01
1.250000e-01
1.250000e-01
1.250000e-01
1.250000e-01
1.250000e-01
1.250000e-01
1.250000e-01
1.250000e-01
1.250000e-01
1.250000e-01
1.250000e-01
1.250000e-01
1.250000e-01
1.250000e-01
1.250000e-01
1.250000e-01
1.250000e-01
1.250000e-01
1.250000e-01
1.250000e-01
1.250000e-01
1.250000e-01
1.250000e-01
1.250000e-01
1.250001e-01
1.250001e-01
1.250001e-01
1.250002e-01
1.250003e-01
1.250004e-01
1.250005e-01
1.250008e-01
1.250011e-01
1.250016e-01
1.250022e-01
1.250031e-01
1.250044e-01
1.250061e-01
1.250085e-01
1.250118e-01
1.250163e-01
1.250225e-01
1.250307e-01
1.250419e-01
1.250570e-01
1.250771e-01
1.251040e-01
1.251398e-01
1.251872e-01
1.252499e-01
1.253324e-01
1.254408e-01
1.255828e-01
1.257683e-01
1.260102e-01
1.263252e-01
1.267344e-01
1.272656e-01
1.279545e-01
1.288470e-01
1.300023e-01
1.314959e-01
1.334229e-01
1.359002e-01
1.390667e-01
1.430792e-01
1.481009e-01
1.542824e-01
1.617360e-01
1.705091e-01
1.805654e-01
1.917805e-01
2.039571e-01
2.168568e-01
2.302312e-01
2.438467e-01
2.575131e-01
2.710880e-01
2.844786e-01
2.976345e-01
3.105472e-01
3.232394e-01
3.357541e-01
3.481700e-01
3.605700e-01
3.730617e-01
3.857799e-01
3.988867e-01
4.124991e-01
4.267984e-01
4.419225e-01
4.580094e-01
4.751853e-01
4.935508e-01
