5.180568e-01
5.422969e-01
5.679785e-01
5.951121e-01
6.234385e-01
6.528476e-01
6.830407e-01
7.137649e-01
7.446891e-01
7.754157e-01
8.055639e-01
8.346898e-01
8.623148e-01
8.879848e-01
9.112613e-01
9.317788e-01
9.492718e-01
9.636410e-01
9.749565e-01
9.834606e-01
9.895402e-01
9.936647e-01
9.963184e-01
9.979391e-01
9.988825e-01
9.994087e-01
9.996922e-01
9.998410e-01
9.999179e-01
9.999574e-01
9.999777e-01
9.999882e-01
9.999936e-01
9.999965e-01
9.999981e-01
9.999989e-01
9.999994e-01
9.999997e-01
9.999998e-01
9.999999e-01
9.999999e-01
1.000000e+00
1.000000e+00
1.000000e+00
1.000000e+00
1.000000e+00
1.000000e+00
1.000000e+00
1.000000e+00
1.000000e+00
1.000000e+00
1.000000e+00
1.000000e+00
1.000000e+00
1.000000e+00
1.000000e+00
1.000000e+00
1.000000e+00
1.000000e+00
1.000000e+00
1.000000e+00
1.000000e+00
1.000000e+00
1.000000e+00
1.000000e+00
1.000000e+00
1.000000e+00
1.000000e+00
1.000000e+00
1.000000e+00
1.000000e+00
1.000000e+00
1.000000e+00
1.000000e+00
1.000000e+00
1.000000e+00
1.000000e+00
1.000000e+00
1.000000e+00
1.000000e+00
1.000000e+00
1.000000e+00
1.000000e+00
1.000000e+00
1.000000e+00
1.000000e+00
1.000000e+00
1.000000e+00
1.000000e+00
1.000000e+00
1.000000e+00
1.000000e+00
1.000000e+00
1.000000e+00
1.000000e+00
1.000000e+00
1.000000e+00
1.000000e+00
1.000000e+00
1.000000e+00
1.000000e+00
1.000000e+00
1.000000e+00
1.000000e+00
1.000000e+00
1.000000e+00
1.000000e+00
1.000000e+00
1.000000e+00
1.000000e+00
1.000000e+00
1.000000e+00
1.000000e+00
1.000000e+00
1.000000e+00
1.000000e+00
1.000000e+00
1.000000e+00
1.000000e+00
1.000000e+00
1.000000e+00
1.000000e+00
1.000000e+00
1.000000e+00
1.000000e+00
1.000000e+00
1.000000e+00
1.000000e+00
1.000000e+00
1.000000e+00
1.000000e+00
1.000000e+00
1.000000e+00
1.000000e+00
1.000000e+00
1.000000e+00
1.000000e+00
1.000000e+00
1.000000e+00
1.000000e+00
1.000000e+00
1.000000e+00
1.000000e+00
1.000000e+00
1.000000e+00
1.000000e+00
1.000000e+00
1.000000e+00
1.000000e+00
1.000000e+00
1.000000e+00
1.000000e+00
1.000000e+00
1.000000e+00
1.000000e+00
1.000000e+00
1.000000e+00
1.000000e+00
1.000000e+00
1.000000e+00
1.000000e+00
1.000000e+00
1.000000e+00
1.000000e+00
1.000000e+00
1.000000e+00
1.000000e+00
1.000000e+00
1.000000e+00
1.000000e+00
1.000000e+00
1.000000e+00
1.000000e+00
1.000000e+00
1.000000e+00
1.000000e+00
1.000000e+00
1.000000e+00
1.000000e+00
1.000000e+00
1.000000e+00
1.000000e+00
1.000000e+00
1.000000e+00
1.000000e+00
1.000000e+00
1.000000e+00
1.000000e+00
1.000000e+00
1.000000e+00
1.000000e+00
1.000000e+00
1.000000e+00
1.000000e+00
1.000000e+00
1.000000e+00
1.000000e+00
1.000000e+00
1.000000e+00
1.000000e+00
1.000000e+00
1.000000e+00
1.000000e+00
1.000000e+00
1.000000e+00
1.000000e+00
1.000000e+00
1.000000e+00
1.000000e+00
1.000000e+00
1.000000e+00
1.000000e+00
1.000000e+00
1.000000e+00
1.000000e+00
9.999999e-01
9.999999e-01
9.999997e-01
9.999996e-01
9.999992e-01
9.999986e-01
9.999974e-01
9.999953e-01
9.999914e-01
9.999841e-01
9.999703e-01
9.999443e-01
9.998953e-01
9.998030e-01
9.996312e-01
9.993164e-01
9.987519e-01
9.977687e-01
9.961158e-01
9.934493e-01
9.893392e-01
9.833028e-01
9.748616e-01
9.636146e-01
9.493002e-01
9.318362e-01
9.113151e-01
8.880046e-01
8.622769e-01
8.345788e-01
8.053776e-01
7.751600e-01
7.443767e-01
7.134163e-01
6.826769e-01
6.524856e-01
6.231034e-01
5.948137e-01
5.677344e-01
5.421045e-01
5.179508e-01
4.953632e-01
4.743268e-01
4.547583e-01
4.364393e-01
4.192770e-01
4.030290e-01
3.875057e-01
3.724890e-01
3.577768e-01
3.432027e-01
3.286124e-01
3.138979e-01
2.989869e-01
2.838519e-01
2.685215e-01
2.530932e-01
2.377210e-01
2.226255e-01
2.080834e-01
1.943977e-01
1.818617e-01
1.707205e-01
1.611250e-01
1.531092e-01
1.465989e-01
1.414373e-01
1.374226e-01
1.343435e-01
1.320043e-01
1.302376e-01
1.289084e-01
1.279102e-01
1.271621e-01
1.266019e-01
1.261835e-01
1.258713e-01
1.256393e-01
1.254671e-01
1.253399e-01
1.252461e-01
1.251775e-01
1.251273e-01
1.250909e-01
1.250646e-01
1.250456e-01
1.250321e-01
1.250224e-01
1.250156e-01
1.250108e-01
1.250074e-01
1.250051e-01
1.250034e-01
1.250023e-01
1.250016e-01
1.250010e-01
1.250007e-01
1.250005e-01
1.250003e-01
1.250002e-01
1.250001e-01
1.250001e-01
1.250001e-01
1.250000e-01
1.250000e-01
1.250000e-01
1.250000e-01
1.250000e-01
1.250000e-01
1.250000e-01
1.250000e-01
1.250000e-01
1.250000e-01
1.250000e-01
1.250000e-01
1.250000e-01
1.250000e-01
1.250000e-01
1.250000e-01
1.250000e-01
1.250000e-01
1.250000e-01
1.250000e-01
1.250000e-01
1.250000e-01
1.250000e-01
1.250000e-01
1.250000e-01
1.250000e-01
1.250000e-01
1.250000e-01
1.250000e-01
1.250000e-01
1.250000e-01
1.250000e-01
1.250000e-01
1.250000e-01
1.250000e-01
1.250000e-01
1.250000e-01
1.250000e-01
1.250000e-01
1.250000e-01
1.250000e-01
1.250000e-01
1.250000e-01
1.250000e-01
1.250000e-01
1.250000e-01
1.250000e-01
1.250000e-01
1.250000e-01
1.250000e-01
1.250000e-01
1.250000e-01
1.250000e-01
1.250000e-01
1.250000e-01
1.250000e-01
1.250000e-01
1.250000e-01
1.250000e-01
1.250000e-01
1.250000e-01
1.250000e-01
1.250000e-01
1.250000e-01
1.250000e-01
1.250000e-01
1.250000e-01
1.250000e-01
1.250000e-01
1.250000e-01
1.250000e-01
1.250000e-01
1.250000e-01
1.250000e-01
1.250000e-01
1.250000e-01
1.250000e-01
1.250000e-01
1.250000e-01
1.250000e-01
1.250000e-01
1.250000e-01
1.250000e-01
1.250000e-01
1.250000e-01
1.250000e-01
1.250000e-01
1.250000e-01
1.250000e-01
1.250000e-01
1.250000e-01
1.250000e-01
1.250000e-01
1.250000e-01
1.250000e-01
1.250000e-01
1.250000e-01
1.250000e-01
1.250000e-01
1.250000e-01
1.250000e-01
1.250000e-01
1.250000e-01
1.250000e-01
1.250000e-01
1.250000e-01
1.250000e-01
1.250000e-01
1.250000e-01
1.250000e-01
1.250000e-01
1.250000e-01
1.250000e-01
1.250000e-01
1.250000e-01
1.250000e-01
1.250000e-01
1.250000e-01
1.250000e-01
1.250000e-01
1.250000e-01
1.250000e-01
1.250000e-01
1.250000e-01
1.250000e-01
1.250000e-01
1.250000e-01
1.250000e-01
1.250000e-01
1.250000e-01
1.250000e-01
1.250000e-01
1.250001e-01
1.250001e-01
1.250001e-01
1.250002e-01
1.250003e-01
1.250005e-01
1.250008e-01
1.250011e-01
1.250017e-01
1.250025e-01
1.250036e-01
1.250053e-01
1.250077e-01
1.250112e-01
1.250161e-01
1.250230e-01
1.250329e-01
1.250466e-01
1.250658e-01
1.250924e-01
1.251292e-01
1.251797e-01
1.252490e-01
1.253433e-01
1.254714e-01
1.256447e-01
1.258783e-01
1.261921e-01
1.266127e-01
1.271751e-01
1.279256e-01
1.289252e-01
1.302540e-01
1.320163e-01
1.343449e-01
1.374037e-01
1.413859e-01
1.465020e-01
1.529565e-01
1.609132e-01
1.704553e-01
1.815562e-01
1.940700e-01
2.077551e-01
2.223144e-01
2.374379e-01
2.528427e-01
2.683014e-01
2.836558e-01
2.988089e-01
3.137318e-01
3.284490e-01
3.430399e-01
3.576113e-01
3.723221e-01
3.873436e-01
4.028803e-01
4.191411e-01
4.363325e-01
4.547017e-01
4.743242e-01
4.954319e-01
