5.016470e-01
5.159021e-01
5.308981e-01
5.466488e-01
5.631338e-01
5.803280e-01
5.981702e-01
6.166515e-01
6.357038e-01
6.552720e-01
6.752734e-01
6.956482e-01
7.163031e-01
7.371417e-01
7.580652e-01
7.789383e-01
7.996445e-01
8.200370e-01
8.399600e-01
8.592533e-01
8.777344e-01
8.952354e-01
9.115834e-01
9.266202e-01
9.402113e-01
9.522535e-01
9.626910e-01
9.715201e-01
9.787918e-01
9.846111e-01
9.891286e-01
9.925249e-01
9.949967e-01
9.967374e-01
9.979244e-01
9.987092e-01
9.992131e-01
9.995283e-01
9.997210e-01
9.998366e-01
9.999049e-01
9.999448e-01
9.999679e-01
9.999813e-01
9.999890e-01
9.999935e-01
9.999962e-01
9.999977e-01
9.999986e-01
9.999992e-01
9.999995e-01
9.999997e-01
9.999998e-01
9.999999e-01
9.999999e-01
9.999999e-01
1.000000e+00
1.000000e+00
1.000000e+00
1.000000e+00
1.000000e+00
1.000000e+00
1.000000e+00
1.000000e+00
1.000000e+00
1.000000e+00
1.000000e+00
1.000000e+00
1.000000e+00
1.000000e+00
1.000000e+00
1.000000e+00
1.000000e+00
1.000000e+00
1.000000e+00
1.000000e+00
1.000000e+00
1.000000e+00
1.000000e+00
1.000000e+00
1.000000e+00
1.000000e+00
1.000000e+00
1.000000e+00
1.000000e+00
1.000000e+00
1.000000e+00
1.000000e+00
1.000000e+00
1.000000e+00
1.000000e+00
1.000000e+00
1.000000e+00
1.000000e+00
1.000000e+00
1.000000e+00
1.000000e+00
1.000000e+00
1.000000e+00
1.000000e+00
1.000000e+00
1.000000e+00
1.000000e+00
1.000000e+00
1.000000e+00
1.000000e+00
1.000000e+00
1.000000e+00
1.000000e+00
1.000000e+00
1.000000e+00
1.000000e+00
1.000000e+00
1.000000e+00
1.000000e+00
1.000000e+00
1.000000e+00
1.000000e+00
1.000000e+00
1.000000e+00
1.000000e+00
1.000000e+00
1.000000e+00
1.000000e+00
1.000000e+00
1.000000e+00
1.000000e+00
1.000000e+00
1.000000e+00
1.000000e+00
1.000000e+00
1.000000e+00
1.000000e+00
1.000000e+00
1.000000e+00
1.000000e+00
1.000000e+00
1.000000e+00
1.000000e+00
1.000000e+00
1.000000e+00
1.000000e+00
1.000000e+00
1.000000e+00
1.000000e+00
1.000000e+00
1.000000e+00
1.000000e+00
1.000000e+00
1.000000e+00
1.000000e+00
1.000000e+00
1.000000e+00
1.000000e+00
1.000000e+00
1.000000e+00
1.000000e+00
1.000000e+00
1.000000e+00
1.000000e+00
1.000000e+00
1.000000e+00
1.000000e+00
1.000000e+00
1.000000e+00
1.000000e+00
1.000000e+00
1.000000e+00
1.000000e+00
1.000000e+00
1.000000e+00
1.000000e+00
1.000000e+00
1.000000e+00
1.000000e+00
1.000000e+00
1.000000e+00
1.000000e+00
1.000000e+00
1.000000e+00
1.000000e+00
1.000000e+00
1.000000e+00
1.000000e+00
1.000000e+00
1.000000e+00
1.000000e+00
1.000000e+00
1.000000e+00
1.000000e+00
1.000000e+00
1.000000e+00
1.000000e+00
1.000000e+00
1.000000e+00
1.000000e+00
1.000000e+00
1.000000e+00
1.000000e+00
1.000000e+00
9.999999e-01
9.999999e-01
9.999998e-01
9.999997e-01
9.999996e-01
9.999993e-01
9.999989e-01
9.999982e-01
9.999970e-01
9.999951e-01
9.999917e-01
9.999860e-01
9.999763e-01
9.999599e-01
9.999322e-01
9.998855e-01
9.998074e-01
9.996786e-01
9.994687e-01
9.991328e-01
9.986059e-01
9.977983e-01
9.965918e-01
9.948385e-01
9.923647e-01
9.889784e-01
9.844833e-01
9.786957e-01
9.714610e-01
9.626689e-01
9.522631e-01
9.402430e-01
9.266628e-01
9.116239e-01
8.952622e-01
8.777376e-01
8.592250e-01
8.398955e-01
8.199337e-01
7.995031e-01
7.787614e-01
7.578567e-01
7.369074e-01
7.160485e-01
6.953806e-01
6.750002e-01
6.549979e-01
6.354368e-01
6.163958e-01
5.979320e-01
5.801089e-01
5.629397e-01
5.464811e-01
5.307591e-01
5.157911e-01
5.015722e-01
4.880976e-01
4.753690e-01
4.633260e-01
4.519532e-01
4.412035e-01
4.309827e-01
4.212651e-01
4.119527e-01
4.029707e-01
3.942692e-01
3.857443e-01
3.773690e-01
3.690640e-01
3.607839e-01
3.525023e-01
3.441732e-01
3.357836e-01
3.273048e-01
3.187224e-01
3.100174e-01
3.011676e-01
2.921575e-01
2.829660e-01
2.735788e-01
2.639870e-01
2.541987e-01
2.442372e-01
2.341499e-01
2.240117e-01
2.139250e-01
2.040180e-01
1.944336e-01
1.853223e-01
1.768230e-01
1.690494e-01
1.620788e-01
1.559465e-01
1.506458e-01
1.461343e-01
1.423439e-01
1.391923e-01
1.365920e-01
1.344583e-01
1.327140e-01
1.312908e-01
1.301306e-01
1.291855e-01
1.284152e-01
1.277867e-01
1.272742e-01
1.268559e-01
1.265138e-01
1.262346e-01
1.260065e-01
1.258195e-01
1.256671e-01
1.255427e-01
1.254405e-01
1.253575e-01
1.252900e-01
1.252344e-01
1.251895e-01
1.251531e-01
1.251232e-01
1.250991e-01
1.250798e-01
1.250638e-01
1.250511e-01
1.250409e-01
1.250325e-01
1.250259e-01
1.250206e-01
1.250163e-01
1.250129e-01
1.250102e-01
1.250080e-01
1.250063e-01
1.250050e-01
1.250039e-01
1.250030e-01
1.250024e-01
1.250018e-01
1.250014e-01
1.250011e-01
1.250009e-01
1.250007e-01
1.250005e-01
1.250004e-01
1.250003e-01
1.250002e-01
1.250002e-01
1.250001e-01
1.250001e-01
1.250001e-01
1.250001e-01
1.250000e-01
1.250000e-01
1.250000e-01
1.250000e-01
1.250000e-01
1.250000e-01
1.250000e-01
1.250000e-01
1.250000e-01
1.250000e-01
1.250000e-01
1.250000e-01
1.250000e-01
1.250000e-01
1.250000e-01
1.250000e-01
1.250000e-01
1.250000e-01
1.250000e-01
1.250000e-01
1.250000e-01
1.250000e-01
1.250000e-01
1.250000e-01
1.250000e-01
1.250000e-01
1.250000e-01
1.250000e-01
1.250000e-01
1.250000e-01
1.250000e-01
1.250000e-01
1.250000e-01
1.250000e-01
1.250000e-01
1.250000e-01
1.250000e-01
1.250000e-01
1.250000e-01
1.250000e-01
1.250000e-01
1.250000e-01
1.250000e-01
1.250000e-01
1.250000e-01
1.250000e-01
1.250000e-01
1.250000e-01
1.250000e-01
1.250000e-01
1.250000e-01
1.250000e-01
1.250000e-01
1.250000e-01
1.250000e-01
1.250000e-01
1.250000e-01
1.250000e-01
1.250000e-01
1.250000e-01
1.250000e-01
1.250000e-01
1.250000e-01
1.250000e-01
1.250000e-01
1.250000e-01
1.250001e-01
1.250001e-01
1.250001e-01
1.250001e-01
1.250002e-01
1.250002e-01
1.250003e-01
1.250004e-01
1.250005e-01
1.250007e-01
1.250009e-01
1.250011e-01
1.250015e-01
1.250019e-01
1.250024e-01
1.250031e-01
1.250039e-01
1.250050e-01
1.250064e-01
1.250081e-01
1.250103e-01
1.250130e-01
1.250164e-01
1.250207e-01
1.250261e-01
1.250327e-01
1.250410e-01
1.250513e-01
1.250641e-01
1.250800e-01
1.250995e-01
1.251237e-01
1.251535e-01
1.251902e-01
1.252353e-01
1.252907e-01
1.253588e-01
1.254421e-01
1.255443e-01
1.256694e-01
1.258224e-01
1.260096e-01
1.262387e-01
1.265188e-01
1.268615e-01
1.272809e-01
1.277943e-01
1.284232e-01
1.291940e-01
1.301389e-01
1.312974e-01
1.327175e-01
1.344561e-01
1.365804e-01
1.391669e-01
1.422992e-01
1.460646e-01
1.505459e-01
1.558129e-01
1.619107e-01
1.688495e-01
1.765978e-01
1.850805e-01
1.941848e-01
2.037710e-01
2.136885e-01
2.237923e-01
2.339506e-01
2.440588e-01
2.540398e-01
2.638447e-01
2.734505e-01
2.828482e-01
2.920466e-01
3.010609e-01
3.099116e-01
3.186160e-01
3.271975e-01
3.356714e-01
3.440587e-01
3.523822e-01
3.606606e-01
3.689362e-01
3.772432e-01
3.856164e-01
3.941448e-01
4.028499e-01
4.118430e-01
4.211710e-01
4.309039e-01
4.411482e-01
4.519197e-01
4.633209e-01
4.753926e-01
4.881493e-01
