5.164459e-01
5.395748e-01
5.640527e-01
5.899169e-01
6.169273e-01
6.450025e-01
6.739194e-01
7.034109e-01
7.332104e-01
7.630064e-01
7.924271e-01
8.210970e-01
8.486103e-01
8.745174e-01
8.984162e-01
9.199235e-01
9.387279e-01
9.546378e-01
9.676063e-01
9.777471e-01
9.853221e-01
9.907130e-01
9.943607e-01
9.967071e-01
9.981436e-01
9.989840e-01
9.994565e-01
9.997136e-01
9.998502e-01
9.999216e-01
9.999588e-01
9.999782e-01
9.999883e-01
9.999936e-01
9.999965e-01
9.999981e-01
9.999989e-01
9.999994e-01
9.999996e-01
9.999998e-01
9.999999e-01
9.999999e-01
1.000000e+00
1.000000e+00
1.000000e+00
1.000000e+00
1.000000e+00
1.000000e+00
1.000000e+00
1.000000e+00
1.000000e+00
1.000000e+00
1.000000e+00
1.000000e+00
1.000000e+00
1.000000e+00
1.000000e+00
1.000000e+00
1.000000e+00
1.000000e+00
1.000000e+00
1.000000e+00
1.000000e+00
1.000000e+00
1.000000e+00
1.000000e+00
1.000000e+00
1.000000e+00
1.000000e+00
1.000000e+00
1.000000e+00
1.000000e+00
1.000000e+00
1.000000e+00
1.000000e+00
1.000000e+00
1.000000e+00
1.000000e+00
1.000000e+00
1.000000e+00
1.000000e+00
1.000000e+00
1.000000e+00
1.000000e+00
1.000000e+00
1.000000e+00
1.000000e+00
1.000000e+00
1.000000e+00
1.000000e+00
1.000000e+00
1.000000e+00
1.000000e+00
1.000000e+00
1.000000e+00
1.000000e+00
1.000000e+00
1.000000e+00
1.000000e+00
1.000000e+00
1.000000e+00
1.000000e+00
1.000000e+00
1.000000e+00
1.000000e+00
1.000000e+00
1.000000e+00
1.000000e+00
1.000000e+00
1.000000e+00
1.000000e+00
1.000000e+00
1.000000e+00
1.000000e+00
1.000000e+00
1.000000e+00
1.000000e+00
1.000000e+00
1.000000e+00
1.000000e+00
1.000000e+00
1.000000e+00
1.000000e+00
1.000000e+00
1.000000e+00
1.000000e+00
1.000000e+00
1.000000e+00
1.000000e+00
1.000000e+00
1.000000e+00
1.000000e+00
1.000000e+00
1.000000e+00
1.000000e+00
1.000000e+00
1.000000e+00
1.000000e+00
1.000000e+00
1.000000e+00
1.000000e+00
1.000000e+00
1.000000e+00
1.000000e+00
1.000000e+00
1.000000e+00
1.000000e+00
1.000000e+00
1.000000e+00
1.000000e+00
1.000000e+00
1.000000e+00
1.000000e+00
1.000000e+00
1.000000e+00
1.000000e+00
1.000000e+00
1.000000e+00
1.000000e+00
1.000000e+00
1.000000e+00
1.000000e+00
1.000000e+00
1.000000e+00
1.000000e+00
1.000000e+00
1.000000e+00
1.000000e+00
1.000000e+00
1.000000e+00
1.000000e+00
1.000000e+00
1.000000e+00
1.000000e+00
1.000000e+00
1.000000e+00
1.000000e+00
1.000000e+00
1.000000e+00
1.000000e+00
1.000000e+00
1.000000e+00
1.000000e+00
1.000000e+00
1.000000e+00
1.000000e+00
1.000000e+00
1.000000e+00
1.000000e+00
1.000000e+00
1.000000e+00
1.000000e+00
1.000000e+00
1.000000e+00
1.000000e+00
1.000000e+00
1.000000e+00
1.000000e+00
1.000000e+00
1.000000e+00
1.000000e+00
1.000000e+00
1.000000e+00
1.000000e+00
1.000000e+00
1.000000e+00
1.000000e+00
1.000000e+00
1.000000e+00
1.000000e+00
1.000000e+00
1.000000e+00
1.000000e+00
9.999999e-01
9.999999e-01
9.999998e-01
9.999997e-01
9.999995e-01
9.999992e-01
9.999985e-01
9.999974e-01
9.999953e-01
9.999915e-01
9.999844e-01
9.999712e-01
9.999465e-01
9.999004e-01
9.998148e-01
9.996571e-01
9.993711e-01
9.988629e-01
9.979843e-01
9.965149e-01
9.941516e-01
9.905109e-01
9.851543e-01
9.776349e-01
9.675594e-01
9.546489e-01
9.387768e-01
9.199810e-01
8.984539e-01
8.745094e-01
8.485391e-01
8.209547e-01
7.922145e-01
7.627338e-01
7.328900e-01
7.030626e-01
6.735638e-01
6.446531e-01
6.166054e-01
5.896315e-01
5.638213e-01
5.393919e-01
5.163430e-01
4.947774e-01
4.746588e-01
4.559081e-01
4.383514e-01
4.218905e-01
4.062903e-01
3.914253e-01
3.770711e-01
3.630429e-01
3.491850e-01
3.353493e-01
3.214290e-01
3.073274e-01
2.930078e-01
2.784585e-01
2.637230e-01
2.489001e-01
2.341456e-01
2.196734e-01
2.057452e-01
1.926438e-01
1.806414e-01
1.699617e-01
1.607397e-01
1.530046e-01
1.466878e-01
1.416457e-01
1.376936e-01
1.346370e-01
1.322944e-01
1.305090e-01
1.291533e-01
1.281255e-01
1.273477e-01
1.267594e-01
1.263155e-01
1.259805e-01
1.257288e-01
1.255396e-01
1.253983e-01
1.252926e-01
1.252142e-01
1.251560e-01
1.251133e-01
1.250817e-01
1.250588e-01
1.250420e-01
1.250299e-01
1.250212e-01
1.250149e-01
1.250105e-01
1.250073e-01
1.250051e-01
1.250035e-01
1.250024e-01
1.250016e-01
1.250011e-01
1.250008e-01
1.250005e-01
1.250003e-01
1.250002e-01
1.250001e-01
1.250001e-01
1.250001e-01
1.250000e-01
1.250000e-01
1.250000e-01
1.250000e-01
1.250000e-01
1.250000e-01
1.250000e-01
1.250000e-01
1.250000e-01
1.250000e-01
1.250000e-01
1.250000e-01
1.250000e-01
1.250000e-01
1.250000e-01
1.250000e-01
1.250000e-01
1.250000e-01
1.250000e-01
1.250000e-01
1.250000e-01
1.250000e-01
1.250000e-01
1.250000e-01
1.250000e-01
1.250000e-01
1.250000e-01
1.250000e-01
1.250000e-01
1.250000e-01
1.250000e-01
1.250000e-01
1.250000e-01
1.250000e-01
1.250000e-01
1.250000e-01
1.250000e-01
1.250000e-01
1.250000e-01
1.250000e-01
1.250000e-01
1.250000e-01
1.250000e-01
1.250000e-01
1.250000e-01
1.250000e-01
1.250000e-01
1.250000e-01
1.250000e-01
1.250000e-01
1.250000e-01
1.250000e-01
1.250000e-01
1.250000e-01
1.250000e-01
1.250000e-01
1.250000e-01
1.250000e-01
1.250000e-01
1.250000e-01
1.250000e-01
1.250000e-01
1.250000e-01
1.250000e-01
1.250000e-01
1.250000e-01
1.250000e-01
1.250000e-01
1.250000e-01
1.250000e-01
1.250000e-01
1.250000e-01
1.250000e-01
1.250000e-01
1.250000e-01
1.250000e-01
1.250000e-01
1.250000e-01
1.250000e-01
1.250000e-01
1.250000e-01
1.250000e-01
1.250000e-01
1.250000e-01
1.250000e-01
1.250000e-01
1.250000e-01
1.250000e-01
1.250000e-01
1.250000e-01
1.250000e-01
1.250000e-01
1.250000e-01
1.250000e-01
1.250000e-01
1.250000e-01
1.250000e-01
1.250000e-01
1.250000e-01
1.250000e-01
1.250000e-01
1.250000e-01
1.250000e-01
1.250000e-01
1.250000e-01
1.250000e-01
1.250000e-01
1.250000e-01
1.250000e-01
1.250000e-01
1.250000e-01
1.250000e-01
1.250000e-01
1.250000e-01
1.250000e-01
1.250000e-01
1.250000e-01
1.250000e-01
1.250000e-01
1.250000e-01
1.250000e-01
1.250000e-01
1.250000e-01
1.250000e-01
1.250000e-01
1.250000e-01
1.250000e-01
1.250000e-01
1.250001e-01
1.250001e-01
1.250002e-01
1.250002e-01
1.250004e-01
1.250005e-01
1.250008e-01
1.250012e-01
1.250017e-01
1.250025e-01
1.250037e-01
1.250053e-01
1.250076e-01
1.250108e-01
1.250154e-01
1.250217e-01
1.250306e-01
1.250429e-01
1.250598e-01
1.250830e-01
1.251147e-01
1.251579e-01
1.252164e-01
1.252954e-01
1.254016e-01
1.255440e-01
1.257342e-01
1.259875e-01
1.263240e-01
1.267701e-01
1.273604e-01
1.281403e-01
1.291690e-01
1.305239e-01
1.323045e-01
1.346363e-01
1.376730e-01
1.415938e-01
1.465925e-01
1.528565e-01
1.605353e-01
1.697062e-01
1.803468e-01
1.923264e-01
2.054245e-01
2.193670e-01
2.338655e-01
2.486501e-01
2.635022e-01
2.782646e-01
2.928322e-01
3.071630e-01
3.212699e-01
3.351917e-01
3.490257e-01
3.628834e-01
3.769118e-01
3.912680e-01
4.061430e-01
4.217603e-01
4.382512e-01
4.558605e-01
4.746599e-01
4.948447e-01
