5.269450e-01
5.579068e-01
5.908508e-01
6.254381e-01
6.614477e-01
6.982854e-01
7.355029e-01
7.724189e-01
8.083657e-01
8.426214e-01
8.744044e-01
9.030336e-01
9.279115e-01
9.486365e-01
9.650921e-01
9.774602e-01
9.862095e-01
9.920122e-01
9.956113e-01
9.977013e-01
9.988430e-01
9.994342e-01
9.997279e-01
9.998698e-01
9.999374e-01
9.999696e-01
9.999850e-01
9.999925e-01
9.999962e-01
9.999980e-01
9.999990e-01
9.999995e-01
9.999997e-01
9.999999e-01
9.999999e-01
1.000000e+00
1.000000e+00
1.000000e+00
1.000000e+00
1.000000e+00
1.000000e+00
1.000000e+00
1.000000e+00
1.000000e+00
1.000000e+00
1.000000e+00
1.000000e+00
1.000000e+00
1.000000e+00
1.000000e+00
1.000000e+00
1.000000e+00
1.000000e+00
1.000000e+00
1.000000e+00
1.000000e+00
1.000000e+00
1.000000e+00
1.000000e+00
1.000000e+00
1.000000e+00
1.000000e+00
1.000000e+00
1.000000e+00
1.000000e+00
1.000000e+00
1.000000e+00
1.000000e+00
1.000000e+00
1.000000e+00
1.000000e+00
1.000000e+00
1.000000e+00
1.000000e+00
1.000000e+00
1.000000e+00
1.000000e+00
1.000000e+00
1.000000e+00
1.000000e+00
1.000000e+00
1.000000e+00
1.000000e+00
1.000000e+00
1.000000e+00
1.000000e+00
1.000000e+00
1.000000e+00
1.000000e+00
1.000000e+00
1.000000e+00
1.000000e+00
1.000000e+00
1.000000e+00
1.000000e+00
1.000000e+00
1.000000e+00
1.000000e+00
1.000000e+00
1.000000e+00
1.000000e+00
1.000000e+00
1.000000e+00
1.000000e+00
1.000000e+00
1.000000e+00
1.000000e+00
1.000000e+00
1.000000e+00
1.000000e+00
1.000000e+00
1.000000e+00
1.000000e+00
1.000000e+00
1.000000e+00
1.000000e+00
1.000000e+00
1.000000e+00
1.000000e+00
1.000000e+00
1.000000e+00
1.000000e+00
1.000000e+00
1.000000e+00
1.000000e+00
1.000000e+00
1.000000e+00
1.000000e+00
1.000000e+00
1.000000e+00
1.000000e+00
1.000000e+00
1.000000e+00
1.000000e+00
1.000000e+00
1.000000e+00
1.000000e+00
1.000000e+00
1.000000e+00
1.000000e+00
1.000000e+00
1.000000e+00
1.000000e+00
1.000000e+00
1.000000e+00
1.000000e+00
1.000000e+00
1.000000e+00
1.000000e+00
1.000000e+00
1.000000e+00
1.000000e+00
1.000000e+00
1.000000e+00
1.000000e+00
1.000000e+00
1.000000e+00
1.000000e+00
1.000000e+00
1.000000e+00
1.000000e+00
1.000000e+00
1.000000e+00
1.000000e+00
1.000000e+00
1.000000e+00
1.000000e+00
1.000000e+00
1.000000e+00
1.000000e+00
1.000000e+00
1.000000e+00
1.000000e+00
1.000000e+00
1.000000e+00
1.000000e+00
1.000000e+00
1.000000e+00
1.000000e+00
1.000000e+00
1.000000e+00
1.000000e+00
1.000000e+00
1.000000e+00
1.000000e+00
1.000000e+00
1.000000e+00
1.000000e+00
1.000000e+00
1.000000e+00
1.000000e+00
1.000000e+00
1.000000e+00
1.000000e+00
1.000000e+00
1.000000e+00
1.000000e+00
1.000000e+00
1.000000e+00
1.000000e+00
1.000000e+00
1.000000e+00
1.000000e+00
1.000000e+00
1.000000e+00
1.000000e+00
1.000000e+00
1.000000e+00
1.000000e+00
1.000000e+00
1.000000e+00
1.000000e+00
1.000000e+00
1.000000e+00
1.000000e+00
1.000000e+00
1.000000e+00
1.000000e+00
1.000000e+00
1.000000e+00
9.999999e-01
9.999999e-01
9.999998e-01
9.999996e-01
9.999993e-01
9.999986e-01
9.999972e-01
9.999946e-01
9.999895e-01
9.999792e-01
9.999584e-01
9.999165e-01
9.998321e-01
9.996632e-01
9.993303e-01
9.986897e-01
9.974974e-01
9.953712e-01
9.917685e-01
9.860058e-01
9.773325e-01
9.650531e-01
9.486705e-01
9.279777e-01
9.030817e-01
8.743917e-01
8.425173e-01
8.081602e-01
7.721213e-01
7.351344e-01
6.978840e-01
6.610400e-01
6.250678e-01
5.905344e-01
5.576652e-01
5.268227e-01
4.980465e-01
4.715725e-01
4.471148e-01
4.243787e-01
4.030250e-01
3.827200e-01
3.631313e-01
3.439405e-01
3.248957e-01
3.058125e-01
2.866366e-01
2.674190e-01
2.483520e-01
2.297310e-01
2.119546e-01
1.954641e-01
1.806772e-01
1.679135e-01
1.573284e-01
1.488815e-01
1.423677e-01
1.374839e-01
1.338986e-01
1.313044e-01
1.294447e-01
1.281196e-01
1.271795e-01
1.265151e-01
1.260474e-01
1.257197e-01
1.254912e-01
1.253330e-01
1.252240e-01
1.251496e-01
1.250991e-01
1.250651e-01
1.250424e-01
1.250274e-01
1.250176e-01
1.250112e-01
1.250070e-01
1.250044e-01
1.250027e-01
1.250017e-01
1.250010e-01
1.250006e-01
1.250004e-01
1.250002e-01
1.250001e-01
1.250001e-01
1.250000e-01
1.250000e-01
1.250000e-01
1.250000e-01
1.250000e-01
1.250000e-01
1.250000e-01
1.250000e-01
1.250000e-01
1.250000e-01
1.250000e-01
1.250000e-01
1.250000e-01
1.250000e-01
1.250000e-01
1.250000e-01
1.250000e-01
1.250000e-01
1.250000e-01
1.250000e-01
1.250000e-01
1.250000e-01
1.250000e-01
1.250000e-01
1.250000e-01
1.250000e-01
1.250000e-01
1.250000e-01
1.250000e-01
1.250000e-01
1.250000e-01
1.250000e-01
1.250000e-01
1.250000e-01
1.250000e-01
1.250000e-01
1.250000e-01
1.250000e-01
1.250000e-01
1.250000e-01
1.250000e-01
1.250000e-01
1.250000e-01
1.250000e-01
1.250000e-01
1.250000e-01
1.250000e-01
1.250000e-01
1.250000e-01
1.250000e-01
1.250000e-01
1.250000e-01
1.250000e-01
1.250000e-01
1.250000e-01
1.250000e-01
1.250000e-01
1.250000e-01
1.250000e-01
1.250000e-01
1.250000e-01
1.250000e-01
1.250000e-01
1.250000e-01
1.250000e-01
1.250000e-01
1.250000e-01
1.250000e-01
1.250000e-01
1.250000e-01
1.250000e-01
1.250000e-01
1.250000e-01
1.250000e-01
1.250000e-01
1.250000e-01
1.250000e-01
1.250000e-01
1.250000e-01
1.250000e-01
1.250000e-01
1.250000e-01
1.250000e-01
1.250000e-01
1.250000e-01
1.250000e-01
1.250000e-01
1.250000e-01
1.250000e-01
1.250000e-01
1.250000e-01
1.250000e-01
1.250000e-01
1.250000e-01
1.250000e-01
1.250000e-01
1.250000e-01
1.250000e-01
1.250000e-01
1.250000e-01
1.250000e-01
1.250000e-01
1.250000e-01
1.250000e-01
1.250000e-01
1.250000e-01
1.250000e-01
1.250000e-01
1.250000e-01
1.250000e-01
1.250000e-01
1.250000e-01
1.250000e-01
1.250000e-01
1.250000e-01
1.250000e-01
1.250000e-01
1.250000e-01
1.250000e-01
1.250000e-01
1.250000e-01
1.250000e-01
1.250000e-01
1.250000e-01
1.250000e-01
1.250000e-01
1.250000e-01
1.250000e-01
1.250000e-01
1.250000e-01
1.250000e-01
1.250000e-01
1.250000e-01
1.250000e-01
1.250000e-01
1.250000e-01
1.250000e-01
1.250000e-01
1.250000e-01
1.250000e-01
1.250000e-01
1.250000e-01
1.250000e-01
1.250000e-01
1.250000e-01
1.250000e-01
1.250000e-01
1.250000e-01
1.250000e-01
1.250000e-01
1.250000e-01
1.250000e-01
1.250000e-01
1.250000e-01
1.250000e-01
1.250001e-01
1.250001e-01
1.250002e-01
1.250003e-01
1.250004e-01
1.250007e-01
1.250011e-01
1.250019e-01
1.250030e-01
1.250048e-01
1.250076e-01
1.250119e-01
1.250186e-01
1.250287e-01
1.250442e-01
1.250674e-01
1.251021e-01
1.251534e-01
1.252290e-01
1.253393e-01
1.254994e-01
1.257300e-01
1.260605e-01
1.265316e-01
1.271997e-01
1.281431e-01
1.294695e-01
1.313255e-01
1.339068e-01
1.374643e-01
1.423015e-01
1.487500e-01
1.571201e-01
1.676293e-01
1.803320e-01
1.950863e-01
2.115765e-01
2.293775e-01
2.480359e-01
2.671435e-01
2.863953e-01
3.055956e-01
3.246973e-01
3.437489e-01
3.629399e-01
3.825343e-01
4.028562e-01
4.242400e-01
4.470261e-01
4.715535e-01
4.981082e-01
