5.254610e-01
5.552417e-01
5.869124e-01
6.202046e-01
6.549012e-01
6.905048e-01
7.265868e-01
7.625876e-01
7.978642e-01
8.317837e-01
8.636178e-01
8.927072e-01
9.184529e-01
9.403824e-01
9.582691e-01
9.721492e-01
9.823329e-01
9.893673e-01
9.939268e-01
9.966974e-01
9.982798e-01
9.991343e-01
9.995744e-01
9.997933e-01
9.998997e-01
9.999510e-01
9.999758e-01
9.999879e-01
9.999938e-01
9.999968e-01
9.999983e-01
9.999991e-01
9.999995e-01
9.999998e-01
9.999999e-01
9.999999e-01
1.000000e+00
1.000000e+00
1.000000e+00
1.000000e+00
1.000000e+00
1.000000e+00
1.000000e+00
1.000000e+00
1.000000e+00
1.000000e+00
1.000000e+00
1.000000e+00
1.000000e+00
1.000000e+00
1.000000e+00
1.000000e+00
1.000000e+00
1.000000e+00
1.000000e+00
1.000000e+00
1.000000e+00
1.000000e+00
1.000000e+00
1.000000e+00
1.000000e+00
1.000000e+00
1.000000e+00
1.000000e+00
1.000000e+00
1.000000e+00
1.000000e+00
1.000000e+00
1.000000e+00
1.000000e+00
1.000000e+00
1.000000e+00
1.000000e+00
1.000000e+00
1.000000e+00
1.000000e+00
1.000000e+00
1.000000e+00
1.000000e+00
1.000000e+00
1.000000e+00
1.000000e+00
1.000000e+00
1.000000e+00
1.000000e+00
1.000000e+00
1.000000e+00
1.000000e+00
1.000000e+00
1.000000e+00
1.000000e+00
1.000000e+00
1.000000e+00
1.000000e+00
1.000000e+00
1.000000e+00
1.000000e+00
1.000000e+00
1.000000e+00
1.000000e+00
1.000000e+00
1.000000e+00
1.000000e+00
1.000000e+00
1.000000e+00
1.000000e+00
1.000000e+00
1.000000e+00
1.000000e+00
1.000000e+00
1.000000e+00
1.000000e+00
1.000000e+00
1.000000e+00
1.000000e+00
1.000000e+00
1.000000e+00
1.000000e+00
1.000000e+00
1.000000e+00
1.000000e+00
1.000000e+00
1.000000e+00
1.000000e+00
1.000000e+00
1.000000e+00
1.000000e+00
1.000000e+00
1.000000e+00
1.000000e+00
1.000000e+00
1.000000e+00
1.000000e+00
1.000000e+00
1.000000e+00
1.000000e+00
1.000000e+00
1.000000e+00
1.000000e+00
1.000000e+00
1.000000e+00
1.000000e+00
1.000000e+00
1.000000e+00
1.000000e+00
1.000000e+00
1.000000e+00
1.000000e+00
1.000000e+00
1.000000e+00
1.000000e+00
1.000000e+00
1.000000e+00
1.000000e+00
1.000000e+00
1.000000e+00
1.000000e+00
1.000000e+00
1.000000e+00
1.000000e+00
1.000000e+00
1.000000e+00
1.000000e+00
1.000000e+00
1.000000e+00
1.000000e+00
1.000000e+00
1.000000e+00
1.000000e+00
1.000000e+00
1.000000e+00
1.000000e+00
1.000000e+00
1.000000e+00
1.000000e+00
1.000000e+00
1.000000e+00
1.000000e+00
1.000000e+00
1.000000e+00
1.000000e+00
1.000000e+00
1.000000e+00
1.000000e+00
1.000000e+00
1.000000e+00
1.000000e+00
1.000000e+00
1.000000e+00
1.000000e+00
1.000000e+00
1.000000e+00
1.000000e+00
1.000000e+00
1.000000e+00
1.000000e+00
1.000000e+00
1.000000e+00
1.000000e+00
1.000000e+00
1.000000e+00
1.000000e+00
1.000000e+00
1.000000e+00
1.000000e+00
1.000000e+00
1.000000e+00
1.000000e+00
1.000000e+00
1.000000e+00
1.000000e+00
1.000000e+00
1.000000e+00
1.000000e+00
1.000000e+00
1.000000e+00
1.000000e+00
1.000000e+00
1.000000e+00
9.999999e-01
9.999999e-01
9.999998e-01
9.999997e-01
9.999994e-01
9.999988e-01
9.999977e-01
9.999956e-01
9.999914e-01
9.999832e-01
9.999669e-01
9.999345e-01
9.998697e-01
9.997412e-01
9.994893e-01
9.990052e-01
9.981010e-01
9.964755e-01
9.936850e-01
9.891436e-01
9.821666e-01
9.720651e-01
9.582670e-01
9.404349e-01
9.185168e-01
8.927372e-01
8.635767e-01
8.316494e-01
7.976348e-01
7.622751e-01
7.262133e-01
6.901062e-01
6.545033e-01
6.198460e-01
5.866085e-01
5.550086e-01
5.253413e-01
4.976681e-01
4.721391e-01
4.485291e-01
4.265763e-01
4.059538e-01
3.863773e-01
3.675221e-01
3.490880e-01
3.308179e-01
3.125331e-01
2.941371e-01
2.756213e-01
2.571144e-01
2.388439e-01
2.211353e-01
2.043887e-01
1.890191e-01
1.753923e-01
1.637588e-01
1.541998e-01
1.466207e-01
1.407946e-01
1.364253e-01
1.332070e-01
1.308648e-01
1.291733e-01
1.279578e-01
1.270876e-01
1.264666e-01
1.260250e-01
1.257125e-01
1.254922e-01
1.253378e-01
1.252303e-01
1.251558e-01
1.251047e-01
1.250698e-01
1.250462e-01
1.250303e-01
1.250198e-01
1.250128e-01
1.250082e-01
1.250052e-01
1.250033e-01
1.250021e-01
1.250013e-01
1.250008e-01
1.250005e-01
1.250003e-01
1.250002e-01
1.250001e-01
1.250001e-01
1.250000e-01
1.250000e-01
1.250000e-01
1.250000e-01
1.250000e-01
1.250000e-01
1.250000e-01
1.250000e-01
1.250000e-01
1.250000e-01
1.250000e-01
1.250000e-01
1.250000e-01
1.250000e-01
1.250000e-01
1.250000e-01
1.250000e-01
1.250000e-01
1.250000e-01
1.250000e-01
1.250000e-01
1.250000e-01
1.250000e-01
1.250000e-01
1.250000e-01
1.250000e-01
1.250000e-01
1.250000e-01
1.250000e-01
1.250000e-01
1.250000e-01
1.250000e-01
1.250000e-01
1.250000e-01
1.250000e-01
1.250000e-01
1.250000e-01
1.250000e-01
1.250000e-01
1.250000e-01
1.250000e-01
1.250000e-01
1.250000e-01
1.250000e-01
1.250000e-01
1.250000e-01
1.250000e-01
1.250000e-01
1.250000e-01
1.250000e-01
1.250000e-01
1.250000e-01
1.250000e-01
1.250000e-01
1.250000e-01
1.250000e-01
1.250000e-01
1.250000e-01
1.250000e-01
1.250000e-01
1.250000e-01
1.250000e-01
1.250000e-01
1.250000e-01
1.250000e-01
1.250000e-01
1.250000e-01
1.250000e-01
1.250000e-01
1.250000e-01
1.250000e-01
1.250000e-01
1.250000e-01
1.250000e-01
1.250000e-01
1.250000e-01
1.250000e-01
1.250000e-01
1.250000e-01
1.250000e-01
1.250000e-01
1.250000e-01
1.250000e-01
1.250000e-01
1.250000e-01
1.250000e-01
1.250000e-01
1.250000e-01
1.250000e-01
1.250000e-01
1.250000e-01
1.250000e-01
1.250000e-01
1.250000e-01
1.250000e-01
1.250000e-01
1.250000e-01
1.250000e-01
1.250000e-01
1.250000e-01
1.250000e-01
1.250000e-01
1.250000e-01
1.250000e-01
1.250000e-01
1.250000e-01
1.250000e-01
1.250000e-01
1.250000e-01
1.250000e-01
1.250000e-01
1.250000e-01
1.250000e-01
1.250000e-01
1.250000e-01
1.250000e-01
1.250000e-01
1.250000e-01
1.250000e-01
1.250000e-01
1.250000e-01
1.250000e-01
1.250000e-01
1.250000e-01
1.250000e-01
1.250000e-01
1.250000e-01
1.250000e-01
1.250000e-01
1.250000e-01
1.250000e-01
1.250000e-01
1.250000e-01
1.250000e-01
1.250000e-01
1.250000e-01
1.250000e-01
1.250000e-01
1.250000e-01
1.250000e-01
1.250000e-01
1.250000e-01
1.250000e-01
1.250000e-01
1.250000e-01
1.250000e-01
1.250000e-01
1.250000e-01
1.250000e-01
1.250000e-01
1.250000e-01
1.250000e-01
1.250001e-01
1.250001e-01
1.250002e-01
1.250003e-01
1.250005e-01
1.250009e-01
1.250014e-01
1.250023e-01
1.250036e-01
1.250056e-01
1.250087e-01
1.250135e-01
1.250207e-01
1.250316e-01
1.250479e-01
1.250720e-01
1.251075e-01
1.251595e-01
1.252348e-01
1.253436e-01
1.254996e-01
1.257219e-01
1.260370e-01
1.264816e-01
1.271060e-01
1.279794e-01
1.291966e-01
1.308859e-01
1.332183e-01
1.364144e-01
1.407446e-01
1.465133e-01
1.540214e-01
1.635064e-01
1.750752e-01
1.886592e-01
2.040157e-01
2.207766e-01
2.385174e-01
2.568268e-01
2.753696e-01
2.939151e-01
3.123347e-01
3.306258e-01
3.488984e-01
3.673353e-01
3.861982e-01
4.057928e-01
4.264457e-01
4.484443e-01
4.721207e-01
4.977324e-01
