5.242234e-01
5.530381e-01
5.836648e-01
6.158911e-01
6.494963e-01
6.840649e-01
7.191873e-01
7.543805e-01
7.890382e-01
8.225851e-01
8.543608e-01
8.837154e-01
9.100602e-01
9.328971e-01
9.519164e-01
9.670471e-01
9.784771e-01
9.866333e-01
9.921122e-01
9.955700e-01
9.976214e-01
9.987705e-01
9.993823e-01
9.996951e-01
9.998506e-01
9.999266e-01
9.999636e-01
9.999818e-01
9.999907e-01
9.999952e-01
9.999975e-01
9.999987e-01
9.999993e-01
9.999996e-01
9.999998e-01
9.999999e-01
9.999999e-01
1.000000e+00
1.000000e+00
1.000000e+00
1.000000e+00
1.000000e+00
1.000000e+00
1.000000e+00
1.000000e+00
1.000000e+00
1.000000e+00
1.000000e+00
1.000000e+00
1.000000e+00
1.000000e+00
1.000000e+00
1.000000e+00
1.000000e+00
1.000000e+00
1.000000e+00
1.000000e+00
1.000000e+00
1.000000e+00
1.000000e+00
1.000000e+00
1.000000e+00
1.000000e+00
1.000000e+00
1.000000e+00
1.000000e+00
1.000000e+00
1.000000e+00
1.000000e+00
1.000000e+00
1.000000e+00
1.000000e+00
1.000000e+00
1.000000e+00
1.000000e+00
1.000000e+00
1.000000e+00
1.000000e+00
1.000000e+00
1.000000e+00
1.000000e+00
1.000000e+00
1.000000e+00
1.000000e+00
1.000000e+00
1.000000e+00
1.000000e+00
1.000000e+00
1.000000e+00
1.000000e+00
1.000000e+00
1.000000e+00
1.000000e+00
1.000000e+00
1.000000e+00
1.000000e+00
1.000000e+00
1.000000e+00
1.000000e+00
1.000000e+00
1.000000e+00
1.000000e+00
1.000000e+00
1.000000e+00
1.000000e+00
1.000000e+00
1.000000e+00
1.000000e+00
1.000000e+00
1.000000e+00
1.000000e+00
1.000000e+00
1.000000e+00
1.000000e+00
1.000000e+00
1.000000e+00
1.000000e+00
1.000000e+00
1.000000e+00
1.000000e+00
1.000000e+00
1.000000e+00
1.000000e+00
1.000000e+00
1.000000e+00
1.000000e+00
1.000000e+00
1.000000e+00
1.000000e+00
1.000000e+00
1.000000e+00
1.000000e+00
1.000000e+00
1.000000e+00
1.000000e+00
1.000000e+00
1.000000e+00
1.000000e+00
1.000000e+00
1.000000e+00
1.000000e+00
1.000000e+00
1.000000e+00
1.000000e+00
1.000000e+00
1.000000e+00
1.000000e+00
1.000000e+00
1.000000e+00
1.000000e+00
1.000000e+00
1.000000e+00
1.000000e+00
1.000000e+00
1.000000e+00
1.000000e+00
1.000000e+00
1.000000e+00
1.000000e+00
1.000000e+00
1.000000e+00
1.000000e+00
1.000000e+00
1.000000e+00
1.000000e+00
1.000000e+00
1.000000e+00
1.000000e+00
1.000000e+00
1.000000e+00
1.000000e+00
1.000000e+00
1.000000e+00
1.000000e+00
1.000000e+00
1.000000e+00
1.000000e+00
1.000000e+00
1.000000e+00
1.000000e+00
1.000000e+00
1.000000e+00
1.000000e+00
1.000000e+00
1.000000e+00
1.000000e+00
1.000000e+00
1.000000e+00
1.000000e+00
1.000000e+00
1.000000e+00
1.000000e+00
1.000000e+00
1.000000e+00
1.000000e+00
1.000000e+00
1.000000e+00
1.000000e+00
1.000000e+00
1.000000e+00
1.000000e+00
1.000000e+00
1.000000e+00
1.000000e+00
1.000000e+00
1.000000e+00
1.000000e+00
1.000000e+00
1.000000e+00
1.000000e+00
1.000000e+00
1.000000e+00
1.000000e+00
1.000000e+00
1.000000e+00
1.000000e+00
1.000000e+00
1.000000e+00
1.000000e+00
9.999999e-01
9.999998e-01
9.999997e-01
9.999995e-01
9.999990e-01
9.999982e-01
9.999965e-01
9.999933e-01
9.999872e-01
9.999750e-01
9.999511e-01
9.999038e-01
9.998105e-01
9.996281e-01
9.992775e-01
9.986192e-01
9.974234e-01
9.953391e-01
9.918779e-01
9.864339e-01
9.783460e-01
9.669983e-01
9.519393e-01
9.329586e-01
9.101162e-01
8.837263e-01
8.542953e-01
8.224261e-01
7.887902e-01
7.540569e-01
7.188125e-01
6.836705e-01
6.491066e-01
6.155423e-01
5.833711e-01
5.528121e-01
5.241064e-01
4.973301e-01
4.725799e-01
4.496673e-01
4.283484e-01
4.083293e-01
3.893457e-01
3.710837e-01
3.532598e-01
3.356282e-01
3.180018e-01
3.002537e-01
2.823603e-01
2.643821e-01
2.464967e-01
2.289707e-01
2.121568e-01
1.964477e-01
1.822241e-01
1.697914e-01
1.593213e-01
1.508167e-01
1.441308e-01
1.390170e-01
1.351872e-01
1.323612e-01
1.302960e-01
1.287961e-01
1.277110e-01
1.269285e-01
1.263659e-01
1.259627e-01
1.256751e-01
1.254706e-01
1.253260e-01
1.252245e-01
1.251535e-01
1.251043e-01
1.250703e-01
1.250471e-01
1.250313e-01
1.250206e-01
1.250135e-01
1.250088e-01
1.250057e-01
1.250036e-01
1.250023e-01
1.250014e-01
1.250009e-01
1.250006e-01
1.250003e-01
1.250002e-01
1.250001e-01
1.250001e-01
1.250000e-01
1.250000e-01
1.250000e-01
1.250000e-01
1.250000e-01
1.250000e-01
1.250000e-01
1.250000e-01
1.250000e-01
1.250000e-01
1.250000e-01
1.250000e-01
1.250000e-01
1.250000e-01
1.250000e-01
1.250000e-01
1.250000e-01
1.250000e-01
1.250000e-01
1.250000e-01
1.250000e-01
1.250000e-01
1.250000e-01
1.250000e-01
1.250000e-01
1.250000e-01
1.250000e-01
1.250000e-01
1.250000e-01
1.250000e-01
1.250000e-01
1.250000e-01
1.250000e-01
1.250000e-01
1.250000e-01
1.250000e-01
1.250000e-01
1.250000e-01
1.250000e-01
1.250000e-01
1.250000e-01
1.250000e-01
1.250000e-01
1.250000e-01
1.250000e-01
1.250000e-01
1.250000e-01
1.250000e-01
1.250000e-01
1.250000e-01
1.250000e-01
1.250000e-01
1.250000e-01
1.250000e-01
1.250000e-01
1.250000e-01
1.250000e-01
1.250000e-01
1.250000e-01
1.250000e-01
1.250000e-01
1.250000e-01
1.250000e-01
1.250000e-01
1.250000e-01
1.250000e-01
1.250000e-01
1.250000e-01
1.250000e-01
1.250000e-01
1.250000e-01
1.250000e-01
1.250000e-01
1.250000e-01
1.250000e-01
1.250000e-01
1.250000e-01
1.250000e-01
1.250000e-01
1.250000e-01
1.250000e-01
1.250000e-01
1.250000e-01
1.250000e-01
1.250000e-01
1.250000e-01
1.250000e-01
1.250000e-01
1.250000e-01
1.250000e-01
1.250000e-01
1.250000e-01
1.250000e-01
1.250000e-01
1.250000e-01
1.250000e-01
1.250000e-01
1.250000e-01
1.250000e-01
1.250000e-01
1.250000e-01
1.250000e-01
1.250000e-01
1.250000e-01
1.250000e-01
1.250000e-01
1.250000e-01
1.250000e-01
1.250000e-01
1.250000e-01
1.250000e-01
1.250000e-01
1.250000e-01
1.250000e-01
1.250000e-01
1.250000e-01
1.250000e-01
1.250000e-01
1.250000e-01
1.250000e-01
1.250000e-01
1.250000e-01
1.250000e-01
1.250000e-01
1.250000e-01
1.250000e-01
1.250000e-01
1.250000e-01
1.250000e-01
1.250000e-01
1.250000e-01
1.250000e-01
1.250000e-01
1.250000e-01
1.250000e-01
1.250000e-01
1.250000e-01
1.250000e-01
1.250000e-01
1.250000e-01
1.250000e-01
1.250000e-01
1.250000e-01
1.250000e-01
1.250000e-01
1.250000e-01
1.250000e-01
1.250000e-01
1.250000e-01
1.250001e-01
1.250001e-01
1.250002e-01
1.250002e-01
1.250004e-01
1.250006e-01
1.250010e-01
1.250016e-01
1.250025e-01
1.250039e-01
1.250061e-01
1.250093e-01
1.250142e-01
1.250216e-01
1.250325e-01
1.250486e-01
1.250723e-01
1.251068e-01
1.251568e-01
1.252286e-01
1.253313e-01
1.254772e-01
1.256834e-01
1.259734e-01
1.263793e-01
1.269451e-01
1.277307e-01
1.288180e-01
1.303172e-01
1.323758e-01
1.351852e-01
1.389839e-01
1.440493e-01
1.506712e-01
1.591043e-01
1.695070e-01
1.818873e-01
1.960842e-01
2.117952e-01
2.286335e-01
2.461938e-01
2.641160e-01
2.821292e-01
3.000484e-01
3.178093e-01
3.354417e-01
3.530751e-01
3.709013e-01
3.891707e-01
4.081730e-01
4.282243e-01
4.495857e-01
4.725634e-01
4.973967e-01
