5.108727e-01
5.303350e-01
5.508664e-01
5.725406e-01
5.952507e-01
6.188839e-01
6.433560e-01
6.685454e-01
6.942537e-01
7.203383e-01
7.465901e-01
7.727649e-01
7.986284e-01
8.239015e-01
8.482981e-01
8.714942e-01
8.931933e-01
9.130993e-01
9.309587e-01
9.465698e-01
9.598271e-01
9.707237e-01
9.793629e-01
9.859503e-01
9.907685e-01
9.941451e-01
9.964109e-01
9.978681e-01
9.987683e-01
9.993045e-01
9.996140e-01
9.997882e-01
9.998844e-01
9.999369e-01
9.999654e-01
9.999809e-01
9.999894e-01
9.999940e-01
9.999966e-01
9.999980e-01
9.999989e-01
9.999993e-01
9.999996e-01
9.999998e-01
9.999999e-01
9.999999e-01
9.999999e-01
1.000000e+00
1.000000e+00
1.000000e+00
1.000000e+00
1.000000e+00
1.000000e+00
1.000000e+00
1.000000e+00
1.000000e+00
1.000000e+00
1.000000e+00
1.000000e+00
1.000000e+00
1.000000e+00
1.000000e+00
1.000000e+00
1.000000e+00
1.000000e+00
1.000000e+00
1.000000e+00
1.000000e+00
1.000000e+00
1.000000e+00
1.000000e+00
1.000000e+00
1.000000e+00
1.000000e+00
1.000000e+00
1.000000e+00
1.000000e+00
1.000000e+00
1.000000e+00
1.000000e+00
1.000000e+00
1.000000e+00
1.000000e+00
1.000000e+00
1.000000e+00
1.000000e+00
1.000000e+00
1.000000e+00
1.000000e+00
1.000000e+00
1.000000e+00
1.000000e+00
1.000000e+00
1.000000e+00
1.000000e+00
1.000000e+00
1.000000e+00
1.000000e+00
1.000000e+00
1.000000e+00
1.000000e+00
1.000000e+00
1.000000e+00
1.000000e+00
1.000000e+00
1.000000e+00
1.000000e+00
1.000000e+00
1.000000e+00
1.000000e+00
1.000000e+00
1.000000e+00
1.000000e+00
1.000000e+00
1.000000e+00
1.000000e+00
1.000000e+00
1.000000e+00
1.000000e+00
1.000000e+00
1.000000e+00
1.000000e+00
1.000000e+00
1.000000e+00
1.000000e+00
1.000000e+00
1.000000e+00
1.000000e+00
1.000000e+00
1.000000e+00
1.000000e+00
1.000000e+00
1.000000e+00
1.000000e+00
1.000000e+00
1.000000e+00
1.000000e+00
1.000000e+00
1.000000e+00
1.000000e+00
1.000000e+00
1.000000e+00
1.000000e+00
1.000000e+00
1.000000e+00
1.000000e+00
1.000000e+00
1.000000e+00
1.000000e+00
1.000000e+00
1.000000e+00
1.000000e+00
1.000000e+00
1.000000e+00
1.000000e+00
1.000000e+00
1.000000e+00
1.000000e+00
1.000000e+00
1.000000e+00
1.000000e+00
1.000000e+00
1.000000e+00
1.000000e+00
1.000000e+00
1.000000e+00
1.000000e+00
1.000000e+00
1.000000e+00
1.000000e+00
1.000000e+00
1.000000e+00
1.000000e+00
1.000000e+00
1.000000e+00
1.000000e+00
1.000000e+00
1.000000e+00
1.000000e+00
1.000000e+00
1.000000e+00
1.000000e+00
1.000000e+00
1.000000e+00
1.000000e+00
1.000000e+00
1.000000e+00
1.000000e+00
1.000000e+00
1.000000e+00
1.000000e+00
1.000000e+00
1.000000e+00
1.000000e+00
1.000000e+00
1.000000e+00
1.000000e+00
1.000000e+00
1.000000e+00
1.000000e+00
1.000000e+00
1.000000e+00
1.000000e+00
1.000000e+00
1.000000e+00
1.000000e+00
1.000000e+00
1.000000e+00
1.000000e+00
9.999999e-01
9.999999e-01
9.999998e-01
9.999997e-01
9.999995e-01
9.999991e-01
9.999985e-01
9.999974e-01
9.999955e-01
9.999921e-01
9.999861e-01
9.999752e-01
9.999557e-01
9.999207e-01
9.998580e-01
9.997467e-01
9.995515e-01
9.992151e-01
9.986477e-01
9.977159e-01
9.962332e-01
9.939548e-01
9.905842e-01
9.857926e-01
9.792489e-01
9.706628e-01
9.598176e-01
9.466000e-01
9.310094e-01
9.131493e-01
8.932210e-01
8.714826e-01
8.482348e-01
8.237812e-01
7.984504e-01
7.725354e-01
7.463170e-01
7.200345e-01
6.939319e-01
6.682184e-01
6.430369e-01
6.185822e-01
5.949796e-01
5.723025e-01
5.506730e-01
5.301827e-01
5.107798e-01
4.925302e-01
4.754219e-01
4.593750e-01
4.443409e-01
4.301628e-01
4.167767e-01
4.040020e-01
3.917498e-01
3.798629e-01
3.682253e-01
3.567273e-01
3.452661e-01
3.337568e-01
3.221329e-01
3.103301e-01
2.983171e-01
2.860710e-01
2.735907e-01
2.609078e-01
2.480843e-01
2.352230e-01
2.224703e-01
2.100124e-01
1.980636e-01
1.868443e-01
1.765611e-01
1.673718e-01
1.593666e-01
1.525611e-01
1.469024e-01
1.422850e-01
1.385736e-01
1.356236e-01
1.332970e-01
1.314710e-01
1.300420e-01
1.289256e-01
1.280537e-01
1.273733e-01
1.268422e-01
1.264280e-01
1.261053e-01
1.258535e-01
1.256581e-01
1.255059e-01
1.253882e-01
1.252969e-01
1.252265e-01
1.251723e-01
1.251306e-01
1.250988e-01
1.250743e-01
1.250559e-01
1.250418e-01
1.250311e-01
1.250232e-01
1.250171e-01
1.250127e-01
1.250093e-01
1.250068e-01
1.250050e-01
1.250036e-01
1.250026e-01
1.250019e-01
1.250014e-01
1.250010e-01
1.250007e-01
1.250005e-01
1.250003e-01
1.250002e-01
1.250002e-01
1.250001e-01
1.250001e-01
1.250001e-01
1.250000e-01
1.250000e-01
1.250000e-01
1.250000e-01
1.250000e-01
1.250000e-01
1.250000e-01
1.250000e-01
1.250000e-01
1.250000e-01
1.250000e-01
1.250000e-01
1.250000e-01
1.250000e-01
1.250000e-01
1.250000e-01
1.250000e-01
1.250000e-01
1.250000e-01
1.250000e-01
1.250000e-01
1.250000e-01
1.250000e-01
1.250000e-01
1.250000e-01
1.250000e-01
1.250000e-01
1.250000e-01
1.250000e-01
1.250000e-01
1.250000e-01
1.250000e-01
1.250000e-01
1.250000e-01
1.250000e-01
1.250000e-01
1.250000e-01
1.250000e-01
1.250000e-01
1.250000e-01
1.250000e-01
1.250000e-01
1.250000e-01
1.250000e-01
1.250000e-01
1.250000e-01
1.250000e-01
1.250000e-01
1.250000e-01
1.250000e-01
1.250000e-01
1.250000e-01
1.250000e-01
1.250000e-01
1.250000e-01
1.250000e-01
1.250000e-01
1.250000e-01
1.250000e-01
1.250000e-01
1.250000e-01
1.250000e-01
1.250000e-01
1.250000e-01
1.250000e-01
1.250000e-01
1.250000e-01
1.250000e-01
1.250000e-01
1.250000e-01
1.250000e-01
1.250000e-01
1.250000e-01
1.250000e-01
1.250000e-01
1.250000e-01
1.250000e-01
1.250000e-01
1.250000e-01
1.250000e-01
1.250000e-01
1.250000e-01
1.250000e-01
1.250000e-01
1.250000e-01
1.250000e-01
1.250000e-01
1.250000e-01
1.250000e-01
1.250000e-01
1.250000e-01
1.250000e-01
1.250000e-01
1.250000e-01
1.250000e-01
1.250000e-01
1.250000e-01
1.250000e-01
1.250000e-01
1.250000e-01
1.250000e-01
1.250000e-01
1.250000e-01
1.250000e-01
1.250000e-01
1.250000e-01
1.250000e-01
1.250000e-01
1.250001e-01
1.250001e-01
1.250001e-01
1.250002e-01
1.250003e-01
1.250004e-01
1.250005e-01
1.250007e-01
1.250010e-01
1.250014e-01
1.250020e-01
1.250027e-01
1.250037e-01
1.250051e-01
1.250070e-01
1.250095e-01
1.250129e-01
1.250174e-01
1.250235e-01
1.250316e-01
1.250423e-01
1.250564e-01
1.250751e-01
1.250996e-01
1.251316e-01
1.251735e-01
1.252280e-01
1.252988e-01
1.253904e-01
1.255088e-01
1.256615e-01
1.258581e-01
1.261107e-01
1.264350e-01
1.268507e-01
1.273833e-01
1.280652e-01
1.289379e-01
1.300543e-01
1.314809e-01
1.333012e-01
1.356168e-01
1.385485e-01
1.422329e-01
1.468141e-01
1.524292e-01
1.591876e-01
1.671484e-01
1.763022e-01
1.865622e-01
1.977716e-01
2.097255e-01
2.222005e-01
2.349772e-01
2.478646e-01
2.607132e-01
2.734181e-01
2.859137e-01
2.981709e-01
3.101901e-01
3.219950e-01
3.336204e-01
3.451279e-01
3.565826e-01
3.680744e-01
3.797141e-01
3.916014e-01
4.038639e-01
4.166532e-01
4.300618e-01
4.442716e-01
4.593425e-01
4.754351e-01
4.925900e-01
