5.110826e-01
5.306768e-01
5.513489e-01
5.731727e-01
5.960363e-01
6.198333e-01
6.444670e-01
6.698173e-01
6.956831e-01
7.219142e-01
7.483007e-01
7.745893e-01
8.005439e-01
8.258774e-01
8.502996e-01
8.734813e-01
8.951234e-01
9.149285e-01
9.326456e-01
9.480785e-01
9.611317e-01
9.718108e-01
9.802333e-01
9.866178e-01
9.912584e-01
9.944887e-01
9.966413e-01
9.980161e-01
9.988597e-01
9.993590e-01
9.996455e-01
9.998060e-01
9.998943e-01
9.999424e-01
9.999685e-01
9.999826e-01
9.999903e-01
9.999945e-01
9.999969e-01
9.999982e-01
9.999990e-01
9.999994e-01
9.999996e-01
9.999998e-01
9.999999e-01
9.999999e-01
1.000000e+00
1.000000e+00
1.000000e+00
1.000000e+00
1.000000e+00
1.000000e+00
1.000000e+00
1.000000e+00
1.000000e+00
1.000000e+00
1.000000e+00
1.000000e+00
1.000000e+00
1.000000e+00
1.000000e+00
1.000000e+00
1.000000e+00
1.000000e+00
1.000000e+00
1.000000e+00
1.000000e+00
1.000000e+00
1.000000e+00
1.000000e+00
1.000000e+00
1.000000e+00
1.000000e+00
1.000000e+00
1.000000e+00
1.000000e+00
1.000000e+00
1.000000e+00
1.000000e+00
1.000000e+00
1.000000e+00
1.000000e+00
1.000000e+00
1.000000e+00
1.000000e+00
1.000000e+00
1.000000e+00
1.000000e+00
1.000000e+00
1.000000e+00
1.000000e+00
1.000000e+00
1.000000e+00
1.000000e+00
1.000000e+00
1.000000e+00
1.000000e+00
1.000000e+00
1.000000e+00
1.000000e+00
1.000000e+00
1.000000e+00
1.000000e+00
1.000000e+00
1.000000e+00
1.000000e+00
1.000000e+00
1.000000e+00
1.000000e+00
1.000000e+00
1.000000e+00
1.000000e+00
1.000000e+00
1.000000e+00
1.000000e+00
1.000000e+00
1.000000e+00
1.000000e+00
1.000000e+00
1.000000e+00
1.000000e+00
1.000000e+00
1.000000e+00
1.000000e+00
1.000000e+00
1.000000e+00
1.000000e+00
1.000000e+00
1.000000e+00
1.000000e+00
1.000000e+00
1.000000e+00
1.000000e+00
1.000000e+00
1.000000e+00
1.000000e+00
1.000000e+00
1.000000e+00
1.000000e+00
1.000000e+00
1.000000e+00
1.000000e+00
1.000000e+00
1.000000e+00
1.000000e+00
1.000000e+00
1.000000e+00
1.000000e+00
1.000000e+00
1.000000e+00
1.000000e+00
1.000000e+00
1.000000e+00
1.000000e+00
1.000000e+00
1.000000e+00
1.000000e+00
1.000000e+00
1.000000e+00
1.000000e+00
1.000000e+00
1.000000e+00
1.000000e+00
1.000000e+00
1.000000e+00
1.000000e+00
1.000000e+00
1.000000e+00
1.000000e+00
1.000000e+00
1.000000e+00
1.000000e+00
1.000000e+00
1.000000e+00
1.000000e+00
1.000000e+00
1.000000e+00
1.000000e+00
1.000000e+00
1.000000e+00
1.000000e+00
1.000000e+00
1.000000e+00
1.000000e+00
1.000000e+00
1.000000e+00
1.000000e+00
1.000000e+00
1.000000e+00
1.000000e+00
1.000000e+00
1.000000e+00
1.000000e+00
1.000000e+00
1.000000e+00
1.000000e+00
1.000000e+00
1.000000e+00
1.000000e+00
1.000000e+00
1.000000e+00
1.000000e+00
1.000000e+00
1.000000e+00
1.000000e+00
1.000000e+00
1.000000e+00
1.000000e+00
1.000000e+00
9.999999e-01
9.999999e-01
9.999998e-01
9.999997e-01
9.999995e-01
9.999992e-01
9.999986e-01
9.999977e-01
9.999959e-01
9.999928e-01
9.999873e-01
9.999774e-01
9.999595e-01
9.999273e-01
9.998696e-01
9.997669e-01
9.995862e-01
9.992733e-01
9.987430e-01
9.978675e-01
9.964657e-01
9.942983e-01
9.910715e-01
9.864553e-01
9.801131e-01
9.717436e-01
9.611170e-01
9.481054e-01
9.326955e-01
9.149796e-01
8.951540e-01
8.734737e-01
8.502408e-01
8.257611e-01
8.003692e-01
7.743623e-01
7.480290e-01
7.216109e-01
6.953607e-01
6.694892e-01
6.441462e-01
6.195296e-01
5.957638e-01
5.729323e-01
5.511543e-01
5.305235e-01
5.109893e-01
4.926202e-01
4.754036e-01
4.592589e-01
4.441341e-01
4.298735e-01
4.164080e-01
4.035591e-01
3.912311e-01
3.792705e-01
3.675562e-01
3.559783e-01
3.444348e-01
3.328365e-01
3.211188e-01
3.092176e-01
2.971034e-01
2.847539e-01
2.721722e-01
2.593943e-01
2.464877e-01
2.335632e-01
2.207743e-01
2.083147e-01
1.964024e-01
1.852599e-01
1.750901e-01
1.660425e-01
1.581962e-01
1.515552e-01
1.460556e-01
1.415842e-01
1.380010e-01
1.351600e-01
1.329239e-01
1.311718e-01
1.298026e-01
1.287343e-01
1.279008e-01
1.272513e-01
1.267447e-01
1.263504e-01
1.260432e-01
1.258043e-01
1.256189e-01
1.254748e-01
1.253637e-01
1.252775e-01
1.252113e-01
1.251603e-01
1.251212e-01
1.250915e-01
1.250687e-01
1.250515e-01
1.250384e-01
1.250286e-01
1.250211e-01
1.250156e-01
1.250115e-01
1.250084e-01
1.250062e-01
1.250045e-01
1.250032e-01
1.250023e-01
1.250017e-01
1.250012e-01
1.250009e-01
1.250006e-01
1.250004e-01
1.250003e-01
1.250002e-01
1.250001e-01
1.250001e-01
1.250001e-01
1.250000e-01
1.250000e-01
1.250000e-01
1.250000e-01
1.250000e-01
1.250000e-01
1.250000e-01
1.250000e-01
1.250000e-01
1.250000e-01
1.250000e-01
1.250000e-01
1.250000e-01
1.250000e-01
1.250000e-01
1.250000e-01
1.250000e-01
1.250000e-01
1.250000e-01
1.250000e-01
1.250000e-01
1.250000e-01
1.250000e-01
1.250000e-01
1.250000e-01
1.250000e-01
1.250000e-01
1.250000e-01
1.250000e-01
1.250000e-01
1.250000e-01
1.250000e-01
1.250000e-01
1.250000e-01
1.250000e-01
1.250000e-01
1.250000e-01
1.250000e-01
1.250000e-01
1.250000e-01
1.250000e-01
1.250000e-01
1.250000e-01
1.250000e-01
1.250000e-01
1.250000e-01
1.250000e-01
1.250000e-01
1.250000e-01
1.250000e-01
1.250000e-01
1.250000e-01
1.250000e-01
1.250000e-01
1.250000e-01
1.250000e-01
1.250000e-01
1.250000e-01
1.250000e-01
1.250000e-01
1.250000e-01
1.250000e-01
1.250000e-01
1.250000e-01
1.250000e-01
1.250000e-01
1.250000e-01
1.250000e-01
1.250000e-01
1.250000e-01
1.250000e-01
1.250000e-01
1.250000e-01
1.250000e-01
1.250000e-01
1.250000e-01
1.250000e-01
1.250000e-01
1.250000e-01
1.250000e-01
1.250000e-01
1.250000e-01
1.250000e-01
1.250000e-01
1.250000e-01
1.250000e-01
1.250000e-01
1.250000e-01
1.250000e-01
1.250000e-01
1.250000e-01
1.250000e-01
1.250000e-01
1.250000e-01
1.250000e-01
1.250000e-01
1.250000e-01
1.250000e-01
1.250000e-01
1.250000e-01
1.250000e-01
1.250000e-01
1.250000e-01
1.250000e-01
1.250000e-01
1.250000e-01
1.250000e-01
1.250000e-01
1.250000e-01
1.250001e-01
1.250001e-01
1.250001e-01
1.250002e-01
1.250002e-01
1.250003e-01
1.250005e-01
1.250006e-01
1.250009e-01
1.250013e-01
1.250017e-01
1.250024e-01
1.250033e-01
1.250046e-01
1.250063e-01
1.250086e-01
1.250117e-01
1.250159e-01
1.250215e-01
1.250290e-01
1.250389e-01
1.250520e-01
1.250694e-01
1.250922e-01
1.251222e-01
1.251615e-01
1.252127e-01
1.252793e-01
1.253657e-01
1.254776e-01
1.256222e-01
1.258086e-01
1.260486e-01
1.263570e-01
1.267530e-01
1.272609e-01
1.279122e-01
1.287465e-01
1.298152e-01
1.311825e-01
1.329295e-01
1.351556e-01
1.379796e-01
1.415372e-01
1.459737e-01
1.514304e-01
1.580242e-01
1.658249e-01
1.748350e-01
1.849794e-01
1.961099e-01
2.080251e-01
2.205005e-01
2.333130e-01
2.462637e-01
2.591955e-01
2.719963e-01
2.845946e-01
2.969554e-01
3.090763e-01
3.209798e-01
3.326992e-01
3.442968e-01
3.558334e-01
3.674051e-01
3.791213e-01
3.910815e-01
4.034202e-01
4.162832e-01
4.297718e-01
4.440638e-01
4.592258e-01
4.754163e-01
4.926802e-01
