5.008561e-01
5.147158e-01
5.292936e-01
5.445969e-01
5.606088e-01
5.773052e-01
5.946394e-01
6.125965e-01
6.311143e-01
6.501406e-01
6.696142e-01
6.894631e-01
7.096122e-01
7.299767e-01
7.504604e-01
7.709467e-01
7.913261e-01
8.114666e-01
8.312280e-01
8.504582e-01
8.689937e-01
8.866695e-01
9.033213e-01
9.187902e-01
9.329331e-01
9.456354e-01
9.568130e-01
9.664334e-01
9.745118e-01
9.811163e-01
9.863632e-01
9.904077e-01
9.934285e-01
9.956140e-01
9.971456e-01
9.981858e-01
9.988716e-01
9.993113e-01
9.995863e-01
9.997546e-01
9.998557e-01
9.999156e-01
9.999508e-01
9.999712e-01
9.999832e-01
9.999901e-01
9.999941e-01
9.999965e-01
9.999979e-01
9.999987e-01
9.999992e-01
9.999995e-01
9.999997e-01
9.999998e-01
9.999999e-01
9.999999e-01
1.000000e+00
1.000000e+00
1.000000e+00
1.000000e+00
1.000000e+00
1.000000e+00
1.000000e+00
1.000000e+00
1.000000e+00
1.000000e+00
1.000000e+00
1.000000e+00
1.000000e+00
1.000000e+00
1.000000e+00
1.000000e+00
1.000000e+00
1.000000e+00
1.000000e+00
1.000000e+00
1.000000e+00
1.000000e+00
1.000000e+00
1.000000e+00
1.000000e+00
1.000000e+00
1.000000e+00
1.000000e+00
1.000000e+00
1.000000e+00
1.000000e+00
1.000000e+00
1.000000e+00
1.000000e+00
1.000000e+00
1.000000e+00
1.000000e+00
1.000000e+00
1.000000e+00
1.000000e+00
1.000000e+00
1.000000e+00
1.000000e+00
1.000000e+00
1.000000e+00
1.000000e+00
1.000000e+00
1.000000e+00
1.000000e+00
1.000000e+00
1.000000e+00
1.000000e+00
1.000000e+00
1.000000e+00
1.000000e+00
1.000000e+00
1.000000e+00
1.000000e+00
1.000000e+00
1.000000e+00
1.000000e+00
1.000000e+00
1.000000e+00
1.000000e+00
1.000000e+00
1.000000e+00
1.000000e+00
1.000000e+00
1.000000e+00
1.000000e+00
1.000000e+00
1.000000e+00
1.000000e+00
1.000000e+00
1.000000e+00
1.000000e+00
1.000000e+00
1.000000e+00
1.000000e+00
1.000000e+00
1.000000e+00
1.000000e+00
1.000000e+00
1.000000e+00
1.000000e+00
1.000000e+00
1.000000e+00
1.000000e+00
1.000000e+00
1.000000e+00
1.000000e+00
1.000000e+00
1.000000e+00
1.000000e+00
1.000000e+00
1.000000e+00
1.000000e+00
1.000000e+00
1.000000e+00
1.000000e+00
1.000000e+00
1.000000e+00
1.000000e+00
1.000000e+00
1.000000e+00
1.000000e+00
1.000000e+00
1.000000e+00
1.000000e+00
1.000000e+00
1.000000e+00
1.000000e+00
1.000000e+00
1.000000e+00
1.000000e+00
1.000000e+00
1.000000e+00
1.000000e+00
1.000000e+00
1.000000e+00
1.000000e+00
1.000000e+00
1.000000e+00
1.000000e+00
1.000000e+00
1.000000e+00
1.000000e+00
1.000000e+00
1.000000e+00
1.000000e+00
1.000000e+00
1.000000e+00
1.000000e+00
1.000000e+00
1.000000e+00
1.000000e+00
1.000000e+00
1.000000e+00
1.000000e+00
1.000000e+00
1.000000e+00
1.000000e+00
1.000000e+00
9.999999e-01
9.999999e-01
9.999999e-01
9.999998e-01
9.999996e-01
9.999994e-01
9.999990e-01
9.999984e-01
9.999973e-01
9.999955e-01
9.999925e-01
9.999873e-01
9.999787e-01
9.999641e-01
9.999395e-01
9.998982e-01
9.998294e-01
9.997162e-01
9.995322e-01
9.992379e-01
9.987763e-01
9.980680e-01
9.970075e-01
9.954613e-01
9.932701e-01
9.902549e-01
9.862280e-01
9.810089e-01
9.744390e-01
9.663970e-01
9.568099e-01
9.456581e-01
9.329714e-01
9.188322e-01
9.033555e-01
8.866855e-01
8.689832e-01
8.504145e-01
8.311484e-01
8.113497e-01
7.911731e-01
7.707610e-01
7.502457e-01
7.297394e-01
7.093577e-01
6.891976e-01
6.693451e-01
6.498719e-01
6.308535e-01
6.123478e-01
5.944085e-01
5.770930e-01
5.604204e-01
5.444343e-01
5.291590e-01
5.146081e-01
5.007828e-01
4.876752e-01
4.752860e-01
4.635568e-01
4.524719e-01
4.419914e-01
4.320240e-01
4.225412e-01
4.134658e-01
4.047055e-01
3.962213e-01
3.879196e-01
3.797609e-01
3.716853e-01
3.636353e-01
3.555904e-01
3.475038e-01
3.393695e-01
3.311528e-01
3.228513e-01
3.144374e-01
3.059002e-01
2.972197e-01
2.883770e-01
2.793527e-01
2.701325e-01
2.607105e-01
2.510966e-01
2.413163e-01
2.314208e-01
2.214875e-01
2.116204e-01
2.019470e-01
1.926074e-01
1.837469e-01
1.754965e-01
1.679616e-01
1.612120e-01
1.552765e-01
1.501448e-01
1.457733e-01
1.420951e-01
1.390306e-01
1.364962e-01
1.344109e-01
1.327011e-01
1.313019e-01
1.301576e-01
1.292224e-01
1.284578e-01
1.278319e-01
1.273196e-01
1.269003e-01
1.265561e-01
1.262740e-01
1.260430e-01
1.258529e-01
1.256970e-01
1.255697e-01
1.254647e-01
1.253787e-01
1.253087e-01
1.252510e-01
1.252037e-01
1.251655e-01
1.251340e-01
1.251082e-01
1.250876e-01
1.250706e-01
1.250567e-01
1.250457e-01
1.250367e-01
1.250293e-01
1.250235e-01
1.250187e-01
1.250149e-01
1.250118e-01
1.250094e-01
1.250074e-01
1.250059e-01
1.250047e-01
1.250036e-01
1.250029e-01
1.250023e-01
1.250018e-01
1.250014e-01
1.250011e-01
1.250008e-01
1.250006e-01
1.250005e-01
1.250004e-01
1.250003e-01
1.250002e-01
1.250002e-01
1.250001e-01
1.250001e-01
1.250001e-01
1.250001e-01
1.250000e-01
1.250000e-01
1.250000e-01
1.250000e-01
1.250000e-01
1.250000e-01
1.250000e-01
1.250000e-01
1.250000e-01
1.250000e-01
1.250000e-01
1.250000e-01
1.250000e-01
1.250000e-01
1.250000e-01
1.250000e-01
1.250000e-01
1.250000e-01
1.250000e-01
1.250000e-01
1.250000e-01
1.250000e-01
1.250000e-01
1.250000e-01
1.250000e-01
1.250000e-01
1.250000e-01
1.250000e-01
1.250000e-01
1.250000e-01
1.250000e-01
1.250000e-01
1.250000e-01
1.250000e-01
1.250000e-01
1.250000e-01
1.250000e-01
1.250000e-01
1.250000e-01
1.250000e-01
1.250000e-01
1.250000e-01
1.250000e-01
1.250000e-01
1.250000e-01
1.250000e-01
1.250000e-01
1.250000e-01
1.250000e-01
1.250000e-01
1.250000e-01
1.250000e-01
1.250000e-01
1.250000e-01
1.250000e-01
1.250000e-01
1.250000e-01
1.250000e-01
1.250000e-01
1.250000e-01
1.250000e-01
1.250000e-01
1.250001e-01
1.250001e-01
1.250001e-01
1.250001e-01
1.250002e-01
1.250002e-01
1.250003e-01
1.250004e-01
1.250005e-01
1.250007e-01
1.250008e-01
1.250011e-01
1.250014e-01
1.250018e-01
1.250023e-01
1.250029e-01
1.250037e-01
1.250047e-01
1.250059e-01
1.250075e-01
1.250095e-01
1.250119e-01
1.250150e-01
1.250188e-01
1.250236e-01
1.250295e-01
1.250368e-01
1.250458e-01
1.250570e-01
1.250708e-01
1.250878e-01
1.251087e-01
1.251344e-01
1.251659e-01
1.252045e-01
1.252517e-01
1.253095e-01
1.253801e-01
1.254662e-01
1.255713e-01
1.256995e-01
1.258557e-01
1.260461e-01
1.262782e-01
1.265609e-01
1.269057e-01
1.273262e-01
1.278392e-01
1.284655e-01
1.292307e-01
1.301655e-01
1.313082e-01
1.327044e-01
1.344087e-01
1.364851e-01
1.390064e-01
1.420525e-01
1.457069e-01
1.500496e-01
1.551487e-01
1.610505e-01
1.677686e-01
1.752775e-01
1.835102e-01
1.923624e-01
2.017022e-01
2.113844e-01
2.212672e-01
2.312198e-01
2.411358e-01
2.509357e-01
2.605672e-01
2.700034e-01
2.792345e-01
2.882668e-01
2.971141e-01
3.057971e-01
3.143353e-01
3.227463e-01
3.310451e-01
3.392598e-01
3.473875e-01
3.554717e-01
3.635117e-01
3.715610e-01
3.796353e-01
3.877931e-01
3.960996e-01
4.045879e-01
4.133615e-01
4.224509e-01
4.319500e-01
4.419392e-01
4.524409e-01
4.635538e-01
4.753102e-01
4.877267e-01
