5.019406e-01
5.163451e-01
5.314989e-01
5.474179e-01
5.640806e-01
5.814624e-01
5.994965e-01
6.181747e-01
6.374272e-01
6.571981e-01
6.773977e-01
6.979672e-01
7.188100e-01
7.398235e-01
7.609056e-01
7.819187e-01
8.027392e-01
8.232169e-01
8.431896e-01
8.624919e-01
8.809386e-01
8.983577e-01
9.145753e-01
9.294336e-01
9.428032e-01
9.545862e-01
9.647388e-01
9.732689e-01
9.802420e-01
9.857766e-01
9.900351e-01
9.932065e-01
9.954920e-01
9.970855e-01
9.981611e-01
9.988652e-01
9.993131e-01
9.995908e-01
9.997593e-01
9.998596e-01
9.999185e-01
9.999528e-01
9.999726e-01
9.999840e-01
9.999906e-01
9.999945e-01
9.999967e-01
9.999980e-01
9.999988e-01
9.999993e-01
9.999996e-01
9.999997e-01
9.999998e-01
9.999999e-01
9.999999e-01
1.000000e+00
1.000000e+00
1.000000e+00
1.000000e+00
1.000000e+00
1.000000e+00
1.000000e+00
1.000000e+00
1.000000e+00
1.000000e+00
1.000000e+00
1.000000e+00
1.000000e+00
1.000000e+00
1.000000e+00
1.000000e+00
1.000000e+00
1.000000e+00
1.000000e+00
1.000000e+00
1.000000e+00
1.000000e+00
1.000000e+00
1.000000e+00
1.000000e+00
1.000000e+00
1.000000e+00
1.000000e+00
1.000000e+00
1.000000e+00
1.000000e+00
1.000000e+00
1.000000e+00
1.000000e+00
1.000000e+00
1.000000e+00
1.000000e+00
1.000000e+00
1.000000e+00
1.000000e+00
1.000000e+00
1.000000e+00
1.000000e+00
1.000000e+00
1.000000e+00
1.000000e+00
1.000000e+00
1.000000e+00
1.000000e+00
1.000000e+00
1.000000e+00
1.000000e+00
1.000000e+00
1.000000e+00
1.000000e+00
1.000000e+00
1.000000e+00
1.000000e+00
1.000000e+00
1.000000e+00
1.000000e+00
1.000000e+00
1.000000e+00
1.000000e+00
1.000000e+00
1.000000e+00
1.000000e+00
1.000000e+00
1.000000e+00
1.000000e+00
1.000000e+00
1.000000e+00
1.000000e+00
1.000000e+00
1.000000e+00
1.000000e+00
1.000000e+00
1.000000e+00
1.000000e+00
1.000000e+00
1.000000e+00
1.000000e+00
1.000000e+00
1.000000e+00
1.000000e+00
1.000000e+00
1.000000e+00
1.000000e+00
1.000000e+00
1.000000e+00
1.000000e+00
1.000000e+00
1.000000e+00
1.000000e+00
1.000000e+00
1.000000e+00
1.000000e+00
1.000000e+00
1.000000e+00
1.000000e+00
1.000000e+00
1.000000e+00
1.000000e+00
1.000000e+00
1.000000e+00
1.000000e+00
1.000000e+00
1.000000e+00
1.000000e+00
1.000000e+00
1.000000e+00
1.000000e+00
1.000000e+00
1.000000e+00
1.000000e+00
1.000000e+00
1.000000e+00
1.000000e+00
1.000000e+00
1.000000e+00
1.000000e+00
1.000000e+00
1.000000e+00
1.000000e+00
1.000000e+00
1.000000e+00
1.000000e+00
1.000000e+00
1.000000e+00
1.000000e+00
1.000000e+00
1.000000e+00
1.000000e+00
1.000000e+00
1.000000e+00
1.000000e+00
1.000000e+00
1.000000e+00
1.000000e+00
1.000000e+00
1.000000e+00
1.000000e+00
1.000000e+00
1.000000e+00
1.000000e+00
9.999999e-01
9.999999e-01
9.999999e-01
9.999998e-01
9.999996e-01
9.999994e-01
9.999991e-01
9.999985e-01
9.999975e-01
9.999958e-01
9.999929e-01
9.999880e-01
9.999797e-01
9.999656e-01
9.999417e-01
9.999012e-01
9.998333e-01
9.997206e-01
9.995359e-01
9.992382e-01
9.987676e-01
9.980400e-01
9.969434e-01
9.953352e-01
9.930448e-01
9.898805e-01
9.856419e-01
9.801376e-01
9.732013e-01
9.647089e-01
9.545899e-01
9.428316e-01
9.294754e-01
9.146174e-01
8.983881e-01
8.809466e-01
8.624693e-01
8.431307e-01
8.231190e-01
8.026025e-01
7.817454e-01
7.606999e-01
7.395904e-01
7.185557e-01
6.976992e-01
6.771230e-01
6.569221e-01
6.371579e-01
6.179164e-01
5.992556e-01
5.812408e-01
5.638844e-01
5.472482e-01
5.313582e-01
5.162329e-01
5.018654e-01
4.882526e-01
4.753966e-01
4.632359e-01
4.517552e-01
4.409041e-01
4.305888e-01
4.207832e-01
4.113813e-01
4.023160e-01
3.935330e-01
3.849257e-01
3.764675e-01
3.680750e-01
3.597088e-01
3.513363e-01
3.429160e-01
3.344272e-01
3.258490e-01
3.171581e-01
3.083399e-01
2.993710e-01
2.902341e-01
2.809098e-01
2.713852e-01
2.616554e-01
2.517340e-01
2.416504e-01
2.314607e-01
2.212493e-01
2.111278e-01
2.012319e-01
1.917095e-01
1.827116e-01
1.743721e-01
1.667959e-01
1.600482e-01
1.541506e-01
1.490836e-01
1.447943e-01
1.412075e-01
1.382369e-01
1.357937e-01
1.337941e-01
1.321627e-01
1.308337e-01
1.297520e-01
1.288718e-01
1.281549e-01
1.275709e-01
1.270952e-01
1.267070e-01
1.263901e-01
1.261320e-01
1.259209e-01
1.257485e-01
1.256083e-01
1.254936e-01
1.253998e-01
1.253240e-01
1.252619e-01
1.252113e-01
1.251706e-01
1.251373e-01
1.251102e-01
1.250886e-01
1.250709e-01
1.250566e-01
1.250453e-01
1.250360e-01
1.250286e-01
1.250228e-01
1.250180e-01
1.250142e-01
1.250112e-01
1.250088e-01
1.250069e-01
1.250054e-01
1.250043e-01
1.250033e-01
1.250026e-01
1.250020e-01
1.250015e-01
1.250012e-01
1.250009e-01
1.250007e-01
1.250006e-01
1.250004e-01
1.250003e-01
1.250002e-01
1.250002e-01
1.250001e-01
1.250001e-01
1.250001e-01
1.250001e-01
1.250000e-01
1.250000e-01
1.250000e-01
1.250000e-01
1.250000e-01
1.250000e-01
1.250000e-01
1.250000e-01
1.250000e-01
1.250000e-01
1.250000e-01
1.250000e-01
1.250000e-01
1.250000e-01
1.250000e-01
1.250000e-01
1.250000e-01
1.250000e-01
1.250000e-01
1.250000e-01
1.250000e-01
1.250000e-01
1.250000e-01
1.250000e-01
1.250000e-01
1.250000e-01
1.250000e-01
1.250000e-01
1.250000e-01
1.250000e-01
1.250000e-01
1.250000e-01
1.250000e-01
1.250000e-01
1.250000e-01
1.250000e-01
1.250000e-01
1.250000e-01
1.250000e-01
1.250000e-01
1.250000e-01
1.250000e-01
1.250000e-01
1.250000e-01
1.250000e-01
1.250000e-01
1.250000e-01
1.250000e-01
1.250000e-01
1.250000e-01
1.250000e-01
1.250000e-01
1.250000e-01
1.250000e-01
1.250000e-01
1.250000e-01
1.250000e-01
1.250000e-01
1.250000e-01
1.250000e-01
1.250000e-01
1.250000e-01
1.250000e-01
1.250000e-01
1.250000e-01
1.250000e-01
1.250000e-01
1.250000e-01
1.250001e-01
1.250001e-01
1.250001e-01
1.250001e-01
1.250002e-01
1.250003e-01
1.250003e-01
1.250004e-01
1.250006e-01
1.250007e-01
1.250009e-01
1.250012e-01
1.250016e-01
1.250020e-01
1.250026e-01
1.250034e-01
1.250043e-01
1.250055e-01
1.250070e-01
1.250089e-01
1.250113e-01
1.250143e-01
1.250181e-01
1.250229e-01
1.250288e-01
1.250362e-01
1.250454e-01
1.250569e-01
1.250712e-01
1.250888e-01
1.251107e-01
1.251377e-01
1.251711e-01
1.252122e-01
1.252627e-01
1.253250e-01
1.254014e-01
1.254952e-01
1.256102e-01
1.257512e-01
1.259240e-01
1.261356e-01
1.263949e-01
1.267123e-01
1.271014e-01
1.275783e-01
1.281629e-01
1.288802e-01
1.297606e-01
1.308412e-01
1.321677e-01
1.337944e-01
1.357859e-01
1.382167e-01
1.411699e-01
1.447332e-01
1.489936e-01
1.540274e-01
1.598901e-01
1.666045e-01
1.741528e-01
1.824726e-01
1.914606e-01
2.009822e-01
2.108863e-01
2.210234e-01
2.312545e-01
2.414652e-01
2.515690e-01
2.615082e-01
2.712523e-01
2.807885e-01
2.901207e-01
2.992623e-01
3.082334e-01
3.170516e-01
3.257409e-01
3.343144e-01
3.428016e-01
3.512158e-01
3.595860e-01
3.679462e-01
3.763410e-01
3.847969e-01
3.934080e-01
4.021945e-01
4.112697e-01
4.206874e-01
4.305082e-01
4.408477e-01
4.517208e-01
4.632300e-01
4.754201e-01
4.883044e-01
