5.095469e-01
5.281887e-01
5.478492e-01
5.686024e-01
5.903420e-01
6.129639e-01
6.364279e-01
6.606007e-01
6.853218e-01
7.104716e-01
7.358540e-01
7.612878e-01
7.865351e-01
8.113725e-01
8.355321e-01
8.587411e-01
8.807048e-01
9.011488e-01
9.198077e-01
9.364625e-01
9.509467e-01
9.631880e-01
9.732053e-01
9.811180e-01
9.871347e-01
9.915290e-01
9.946084e-01
9.966782e-01
9.980141e-01
9.988436e-01
9.993413e-01
9.996309e-01
9.997955e-01
9.998873e-01
9.999379e-01
9.999657e-01
9.999809e-01
9.999893e-01
9.999939e-01
9.999965e-01
9.999980e-01
9.999988e-01
9.999993e-01
9.999996e-01
9.999998e-01
9.999999e-01
9.999999e-01
9.999999e-01
1.000000e+00
1.000000e+00
1.000000e+00
1.000000e+00
1.000000e+00
1.000000e+00
1.000000e+00
1.000000e+00
1.000000e+00
1.000000e+00
1.000000e+00
1.000000e+00
1.000000e+00
1.000000e+00
1.000000e+00
1.000000e+00
1.000000e+00
1.000000e+00
1.000000e+00
1.000000e+00
1.000000e+00
1.000000e+00
1.000000e+00
1.000000e+00
1.000000e+00
1.000000e+00
1.000000e+00
1.000000e+00
1.000000e+00
1.000000e+00
1.000000e+00
1.000000e+00
1.000000e+00
1.000000e+00
1.000000e+00
1.000000e+00
1.000000e+00
1.000000e+00
1.000000e+00
1.000000e+00
1.000000e+00
1.000000e+00
1.000000e+00
1.000000e+00
1.000000e+00
1.000000e+00
1.000000e+00
1.000000e+00
1.000000e+00
1.000000e+00
1.000000e+00
1.000000e+00
1.000000e+00
1.000000e+00
1.000000e+00
1.000000e+00
1.000000e+00
1.000000e+00
1.000000e+00
1.000000e+00
1.000000e+00
1.000000e+00
1.000000e+00
1.000000e+00
1.000000e+00
1.000000e+00
1.000000e+00
1.000000e+00
1.000000e+00
1.000000e+00
1.000000e+00
1.000000e+00
1.000000e+00
1.000000e+00
1.000000e+00
1.000000e+00
1.000000e+00
1.000000e+00
1.000000e+00
1.000000e+00
1.000000e+00
1.000000e+00
1.000000e+00
1.000000e+00
1.000000e+00
1.000000e+00
1.000000e+00
1.000000e+00
1.000000e+00
1.000000e+00
1.000000e+00
1.000000e+00
1.000000e+00
1.000000e+00
1.000000e+00
1.000000e+00
1.000000e+00
1.000000e+00
1.000000e+00
1.000000e+00
1.000000e+00
1.000000e+00
1.000000e+00
1.000000e+00
1.000000e+00
1.000000e+00
1.000000e+00
1.000000e+00
1.000000e+00
1.000000e+00
1.000000e+00
1.000000e+00
1.000000e+00
1.000000e+00
1.000000e+00
1.000000e+00
1.000000e+00
1.000000e+00
1.000000e+00
1.000000e+00
1.000000e+00
1.000000e+00
1.000000e+00
1.000000e+00
1.000000e+00
1.000000e+00
1.000000e+00
1.000000e+00
1.000000e+00
1.000000e+00
1.000000e+00
1.000000e+00
1.000000e+00
1.000000e+00
1.000000e+00
1.000000e+00
1.000000e+00
1.000000e+00
1.000000e+00
1.000000e+00
1.000000e+00
1.000000e+00
1.000000e+00
1.000000e+00
1.000000e+00
1.000000e+00
1.000000e+00
1.000000e+00
1.000000e+00
1.000000e+00
1.000000e+00
1.000000e+00
1.000000e+00
1.000000e+00
1.000000e+00
1.000000e+00
1.000000e+00
1.000000e+00
1.000000e+00
1.000000e+00
9.999999e-01
9.999999e-01
9.999998e-01
9.999997e-01
9.999995e-01
9.999991e-01
9.999985e-01
9.999974e-01
9.999954e-01
9.999920e-01
9.999860e-01
9.999753e-01
9.999562e-01
9.999222e-01
9.998619e-01
9.997559e-01
9.995717e-01
9.992567e-01
9.987295e-01
9.978695e-01
9.965079e-01
9.944235e-01
9.913461e-01
9.869732e-01
9.809948e-01
9.731314e-01
9.631645e-01
9.509653e-01
9.365074e-01
9.198592e-01
9.011866e-01
8.807117e-01
8.587036e-01
8.354416e-01
8.112272e-01
7.863378e-01
7.610446e-01
7.355740e-01
7.101661e-01
6.850048e-01
6.602816e-01
6.361193e-01
6.126759e-01
5.900814e-01
5.683751e-01
5.476652e-01
5.280429e-01
5.094563e-01
4.919510e-01
4.755186e-01
4.600824e-01
4.456127e-01
4.319491e-01
4.190561e-01
4.067461e-01
3.949611e-01
3.835250e-01
3.723649e-01
3.613527e-01
3.504036e-01
3.394368e-01
3.283793e-01
3.171824e-01
3.057951e-01
2.941933e-01
2.823593e-01
2.702969e-01
2.580379e-01
2.456434e-01
2.332129e-01
2.208857e-01
2.088390e-01
1.972749e-01
1.864018e-01
1.764143e-01
1.674617e-01
1.596312e-01
1.529416e-01
1.473477e-01
1.427544e-01
1.390379e-01
1.360636e-01
1.337017e-01
1.318354e-01
1.303648e-01
1.292082e-01
1.282988e-01
1.275840e-01
1.270224e-01
1.265808e-01
1.262344e-01
1.259620e-01
1.257486e-01
1.255814e-01
1.254504e-01
1.253484e-01
1.252685e-01
1.252066e-01
1.251584e-01
1.251211e-01
1.250925e-01
1.250702e-01
1.250533e-01
1.250402e-01
1.250303e-01
1.250228e-01
1.250170e-01
1.250127e-01
1.250094e-01
1.250070e-01
1.250052e-01
1.250038e-01
1.250028e-01
1.250020e-01
1.250015e-01
1.250011e-01
1.250008e-01
1.250006e-01
1.250004e-01
1.250003e-01
1.250002e-01
1.250001e-01
1.250001e-01
1.250001e-01
1.250001e-01
1.250000e-01
1.250000e-01
1.250000e-01
1.250000e-01
1.250000e-01
1.250000e-01
1.250000e-01
1.250000e-01
1.250000e-01
1.250000e-01
1.250000e-01
1.250000e-01
1.250000e-01
1.250000e-01
1.250000e-01
1.250000e-01
1.250000e-01
1.250000e-01
1.250000e-01
1.250000e-01
1.250000e-01
1.250000e-01
1.250000e-01
1.250000e-01
1.250000e-01
1.250000e-01
1.250000e-01
1.250000e-01
1.250000e-01
1.250000e-01
1.250000e-01
1.250000e-01
1.250000e-01
1.250000e-01
1.250000e-01
1.250000e-01
1.250000e-01
1.250000e-01
1.250000e-01
1.250000e-01
1.250000e-01
1.250000e-01
1.250000e-01
1.250000e-01
1.250000e-01
1.250000e-01
1.250000e-01
1.250000e-01
1.250000e-01
1.250000e-01
1.250000e-01
1.250000e-01
1.250000e-01
1.250000e-01
1.250000e-01
1.250000e-01
1.250000e-01
1.250000e-01
1.250000e-01
1.250000e-01
1.250000e-01
1.250000e-01
1.250000e-01
1.250000e-01
1.250000e-01
1.250000e-01
1.250000e-01
1.250000e-01
1.250000e-01
1.250000e-01
1.250000e-01
1.250000e-01
1.250000e-01
1.250000e-01
1.250000e-01
1.250000e-01
1.250000e-01
1.250000e-01
1.250000e-01
1.250000e-01
1.250000e-01
1.250000e-01
1.250000e-01
1.250000e-01
1.250000e-01
1.250000e-01
1.250000e-01
1.250000e-01
1.250000e-01
1.250000e-01
1.250000e-01
1.250000e-01
1.250000e-01
1.250000e-01
1.250000e-01
1.250000e-01
1.250000e-01
1.250000e-01
1.250000e-01
1.250000e-01
1.250000e-01
1.250000e-01
1.250001e-01
1.250001e-01
1.250001e-01
1.250002e-01
1.250002e-01
1.250003e-01
1.250004e-01
1.250006e-01
1.250008e-01
1.250011e-01
1.250015e-01
1.250021e-01
1.250029e-01
1.250039e-01
1.250053e-01
1.250071e-01
1.250096e-01
1.250129e-01
1.250173e-01
1.250231e-01
1.250307e-01
1.250407e-01
1.250538e-01
1.250709e-01
1.250931e-01
1.251220e-01
1.251595e-01
1.252078e-01
1.252701e-01
1.253501e-01
1.254528e-01
1.255843e-01
1.257523e-01
1.259667e-01
1.262400e-01
1.265880e-01
1.270308e-01
1.275940e-01
1.283099e-01
1.292200e-01
1.303762e-01
1.318438e-01
1.337039e-01
1.360543e-01
1.390102e-01
1.427000e-01
1.472580e-01
1.528099e-01
1.594544e-01
1.672424e-01
1.761610e-01
1.861263e-01
1.969897e-01
2.085580e-01
2.206204e-01
2.329705e-01
2.454264e-01
2.578449e-01
2.701253e-01
2.822049e-01
2.940498e-01
3.056586e-01
3.170501e-01
3.282485e-01
3.393014e-01
3.502634e-01
3.612110e-01
3.722179e-01
3.833783e-01
3.948193e-01
4.066129e-01
4.189400e-01
4.318531e-01
4.455495e-01
4.600531e-01
4.755344e-01
4.920096e-01
