5.184751e-01
5.430100e-01
5.690086e-01
5.964759e-01
6.251482e-01
6.549061e-01
6.854335e-01
7.164729e-01
7.476809e-01
7.786399e-01
8.089578e-01
8.381783e-01
8.658039e-01
8.913778e-01
9.144583e-01
9.346832e-01
9.518091e-01
9.657616e-01
9.766455e-01
9.847374e-01
9.904544e-01
9.942838e-01
9.967152e-01
9.981805e-01
9.990226e-01
9.994869e-01
9.997344e-01
9.998634e-01
9.999296e-01
9.999635e-01
9.999809e-01
9.999899e-01
9.999946e-01
9.999970e-01
9.999984e-01
9.999991e-01
9.999995e-01
9.999997e-01
9.999998e-01
9.999999e-01
9.999999e-01
1.000000e+00
1.000000e+00
1.000000e+00
1.000000e+00
1.000000e+00
1.000000e+00
1.000000e+00
1.000000e+00
1.000000e+00
1.000000e+00
1.000000e+00
1.000000e+00
1.000000e+00
1.000000e+00
1.000000e+00
1.000000e+00
1.000000e+00
1.000000e+00
1.000000e+00
1.000000e+00
1.000000e+00
1.000000e+00
1.000000e+00
1.000000e+00
1.000000e+00
1.000000e+00
1.000000e+00
1.000000e+00
1.000000e+00
1.000000e+00
1.000000e+00
1.000000e+00
1.000000e+00
1.000000e+00
1.000000e+00
1.000000e+00
1.000000e+00
1.000000e+00
1.000000e+00
1.000000e+00
1.000000e+00
1.000000e+00
1.000000e+00
1.000000e+00
1.000000e+00
1.000000e+00
1.000000e+00
1.000000e+00
1.000000e+00
1.000000e+00
1.000000e+00
1.000000e+00
1.000000e+00
1.000000e+00
1.000000e+00
1.000000e+00
1.000000e+00
1.000000e+00
1.000000e+00
1.000000e+00
1.000000e+00
1.000000e+00
1.000000e+00
1.000000e+00
1.000000e+00
1.000000e+00
1.000000e+00
1.000000e+00
1.000000e+00
1.000000e+00
1.000000e+00
1.000000e+00
1.000000e+00
1.000000e+00
1.000000e+00
1.000000e+00
1.000000e+00
1.000000e+00
1.000000e+00
1.000000e+00
1.000000e+00
1.000000e+00
1.000000e+00
1.000000e+00
1.000000e+00
1.000000e+00
1.000000e+00
1.000000e+00
1.000000e+00
1.000000e+00
1.000000e+00
1.000000e+00
1.000000e+00
1.000000e+00
1.000000e+00
1.000000e+00
1.000000e+00
1.000000e+00
1.000000e+00
1.000000e+00
1.000000e+00
1.000000e+00
1.000000e+00
1.000000e+00
1.000000e+00
1.000000e+00
1.000000e+00
1.000000e+00
1.000000e+00
1.000000e+00
1.000000e+00
1.000000e+00
1.000000e+00
1.000000e+00
1.000000e+00
1.000000e+00
1.000000e+00
1.000000e+00
1.000000e+00
1.000000e+00
1.000000e+00
1.000000e+00
1.000000e+00
1.000000e+00
1.000000e+00
1.000000e+00
1.000000e+00
1.000000e+00
1.000000e+00
1.000000e+00
1.000000e+00
1.000000e+00
1.000000e+00
1.000000e+00
1.000000e+00
1.000000e+00
1.000000e+00
1.000000e+00
1.000000e+00
1.000000e+00
1.000000e+00
1.000000e+00
1.000000e+00
1.000000e+00
1.000000e+00
1.000000e+00
1.000000e+00
1.000000e+00
1.000000e+00
1.000000e+00
1.000000e+00
1.000000e+00
1.000000e+00
1.000000e+00
1.000000e+00
1.000000e+00
1.000000e+00
1.000000e+00
1.000000e+00
1.000000e+00
1.000000e+00
1.000000e+00
1.000000e+00
1.000000e+00
1.000000e+00
1.000000e+00
1.000000e+00
1.000000e+00
1.000000e+00
1.000000e+00
1.000000e+00
1.000000e+00
1.000000e+00
1.000000e+00
9.999999e-01
9.999999e-01
9.999998e-01
9.999996e-01
9.999993e-01
9.999988e-01
9.999978e-01
9.999960e-01
9.999926e-01
9.999864e-01
9.999745e-01
9.999521e-01
9.999096e-01
9.998293e-01
9.996790e-01
9.994015e-01
9.988997e-01
9.980169e-01
9.965166e-01
9.940675e-01
9.902470e-01
9.845688e-01
9.765381e-01
9.657239e-01
9.518303e-01
9.347386e-01
9.145147e-01
8.914042e-01
8.657743e-01
8.380758e-01
8.087787e-01
7.783892e-01
7.473713e-01
7.161246e-01
6.850678e-01
6.545413e-01
6.248095e-01
5.961741e-01
5.687612e-01
5.428150e-01
5.183683e-01
4.955104e-01
4.742324e-01
4.544470e-01
4.359293e-01
4.185829e-01
4.021633e-01
3.864637e-01
3.712706e-01
3.563759e-01
3.416093e-01
3.268190e-01
3.118938e-01
2.967691e-01
2.814226e-01
2.658987e-01
2.503057e-01
2.348150e-01
2.196655e-01
2.051475e-01
1.915705e-01
1.792259e-01
1.683447e-01
1.590530e-01
1.513565e-01
1.451553e-01
1.402737e-01
1.364997e-01
1.336196e-01
1.314407e-01
1.298008e-01
1.285707e-01
1.276498e-01
1.269615e-01
1.264479e-01
1.260654e-01
1.257811e-01
1.255705e-01
1.254149e-01
1.253004e-01
1.252165e-01
1.251552e-01
1.251108e-01
1.250786e-01
1.250556e-01
1.250390e-01
1.250273e-01
1.250189e-01
1.250131e-01
1.250090e-01
1.250061e-01
1.250042e-01
1.250028e-01
1.250019e-01
1.250013e-01
1.250008e-01
1.250006e-01
1.250004e-01
1.250002e-01
1.250002e-01
1.250001e-01
1.250001e-01
1.250000e-01
1.250000e-01
1.250000e-01
1.250000e-01
1.250000e-01
1.250000e-01
1.250000e-01
1.250000e-01
1.250000e-01
1.250000e-01
1.250000e-01
1.250000e-01
1.250000e-01
1.250000e-01
1.250000e-01
1.250000e-01
1.250000e-01
1.250000e-01
1.250000e-01
1.250000e-01
1.250000e-01
1.250000e-01
1.250000e-01
1.250000e-01
1.250000e-01
1.250000e-01
1.250000e-01
1.250000e-01
1.250000e-01
1.250000e-01
1.250000e-01
1.250000e-01
1.250000e-01
1.250000e-01
1.250000e-01
1.250000e-01
1.250000e-01
1.250000e-01
1.250000e-01
1.250000e-01
1.250000e-01
1.250000e-01
1.250000e-01
1.250000e-01
1.250000e-01
1.250000e-01
1.250000e-01
1.250000e-01
1.250000e-01
1.250000e-01
1.250000e-01
1.250000e-01
1.250000e-01
1.250000e-01
1.250000e-01
1.250000e-01
1.250000e-01
1.250000e-01
1.250000e-01
1.250000e-01
1.250000e-01
1.250000e-01
1.250000e-01
1.250000e-01
1.250000e-01
1.250000e-01
1.250000e-01
1.250000e-01
1.250000e-01
1.250000e-01
1.250000e-01
1.250000e-01
1.250000e-01
1.250000e-01
1.250000e-01
1.250000e-01
1.250000e-01
1.250000e-01
1.250000e-01
1.250000e-01
1.250000e-01
1.250000e-01
1.250000e-01
1.250000e-01
1.250000e-01
1.250000e-01
1.250000e-01
1.250000e-01
1.250000e-01
1.250000e-01
1.250000e-01
1.250000e-01
1.250000e-01
1.250000e-01
1.250000e-01
1.250000e-01
1.250000e-01
1.250000e-01
1.250000e-01
1.250000e-01
1.250000e-01
1.250000e-01
1.250000e-01
1.250000e-01
1.250000e-01
1.250000e-01
1.250000e-01
1.250000e-01
1.250000e-01
1.250000e-01
1.250000e-01
1.250000e-01
1.250000e-01
1.250000e-01
1.250000e-01
1.250000e-01
1.250000e-01
1.250000e-01
1.250000e-01
1.250000e-01
1.250000e-01
1.250000e-01
1.250000e-01
1.250000e-01
1.250000e-01
1.250000e-01
1.250000e-01
1.250000e-01
1.250000e-01
1.250000e-01
1.250000e-01
1.250000e-01
1.250000e-01
1.250000e-01
1.250001e-01
1.250001e-01
1.250002e-01
1.250003e-01
1.250004e-01
1.250006e-01
1.250009e-01
1.250014e-01
1.250020e-01
1.250030e-01
1.250044e-01
1.250064e-01
1.250093e-01
1.250135e-01
1.250195e-01
1.250280e-01
1.250399e-01
1.250567e-01
1.250801e-01
1.251125e-01
1.251574e-01
1.252192e-01
1.253037e-01
1.254190e-01
1.255757e-01
1.257876e-01
1.260736e-01
1.264582e-01
1.269741e-01
1.276648e-01
1.285875e-01
1.298179e-01
1.314548e-01
1.336250e-01
1.364874e-01
1.402319e-01
1.450707e-01
1.512174e-01
1.588540e-01
1.680895e-01
1.789262e-01
1.912436e-01
2.048152e-01
2.193473e-01
2.345237e-01
2.500466e-01
2.656714e-01
2.812220e-01
2.965861e-01
3.117242e-01
3.266542e-01
3.414452e-01
3.562090e-01
3.711026e-01
3.863005e-01
4.020132e-01
4.184458e-01
4.358214e-01
4.543879e-01
4.742287e-01
4.955793e-01
