5.177814e-01
5.418290e-01
5.673030e-01
5.942179e-01
6.223175e-01
6.514975e-01
6.814712e-01
7.119869e-01
7.427222e-01
7.732936e-01
8.033259e-01
8.323837e-01
8.600021e-01
8.857273e-01
9.091252e-01
9.298276e-01
9.475565e-01
9.621969e-01
9.737963e-01
9.825754e-01
9.888998e-01
9.932263e-01
9.960342e-01
9.977644e-01
9.987800e-01
9.993510e-01
9.996607e-01
9.998242e-01
9.999091e-01
9.999528e-01
9.999752e-01
9.999869e-01
9.999930e-01
9.999962e-01
9.999979e-01
9.999988e-01
9.999993e-01
9.999996e-01
9.999998e-01
9.999999e-01
9.999999e-01
1.000000e+00
1.000000e+00
1.000000e+00
1.000000e+00
1.000000e+00
1.000000e+00
1.000000e+00
1.000000e+00
1.000000e+00
1.000000e+00
1.000000e+00
1.000000e+00
1.000000e+00
1.000000e+00
1.000000e+00
1.000000e+00
1.000000e+00
1.000000e+00
1.000000e+00
1.000000e+00
1.000000e+00
1.000000e+00
1.000000e+00
1.000000e+00
1.000000e+00
1.000000e+00
1.000000e+00
1.000000e+00
1.000000e+00
1.000000e+00
1.000000e+00
1.000000e+00
1.000000e+00
1.000000e+00
1.000000e+00
1.000000e+00
1.000000e+00
1.000000e+00
1.000000e+00
1.000000e+00
1.000000e+00
1.000000e+00
1.000000e+00
1.000000e+00
1.000000e+00
1.000000e+00
1.000000e+00
1.000000e+00
1.000000e+00
1.000000e+00
1.000000e+00
1.000000e+00
1.000000e+00
1.000000e+00
1.000000e+00
1.000000e+00
1.000000e+00
1.000000e+00
1.000000e+00
1.000000e+00
1.000000e+00
1.000000e+00
1.000000e+00
1.000000e+00
1.000000e+00
1.000000e+00
1.000000e+00
1.000000e+00
1.000000e+00
1.000000e+00
1.000000e+00
1.000000e+00
1.000000e+00
1.000000e+00
1.000000e+00
1.000000e+00
1.000000e+00
1.000000e+00
1.000000e+00
1.000000e+00
1.000000e+00
1.000000e+00
1.000000e+00
1.000000e+00
1.000000e+00
1.000000e+00
1.000000e+00
1.000000e+00
1.000000e+00
1.000000e+00
1.000000e+00
1.000000e+00
1.000000e+00
1.000000e+00
1.000000e+00
1.000000e+00
1.000000e+00
1.000000e+00
1.000000e+00
1.000000e+00
1.000000e+00
1.000000e+00
1.000000e+00
1.000000e+00
1.000000e+00
1.000000e+00
1.000000e+00
1.000000e+00
1.000000e+00
1.000000e+00
1.000000e+00
1.000000e+00
1.000000e+00
1.000000e+00
1.000000e+00
1.000000e+00
1.000000e+00
1.000000e+00
1.000000e+00
1.000000e+00
1.000000e+00
1.000000e+00
1.000000e+00
1.000000e+00
1.000000e+00
1.000000e+00
1.000000e+00
1.000000e+00
1.000000e+00
1.000000e+00
1.000000e+00
1.000000e+00
1.000000e+00
1.000000e+00
1.000000e+00
1.000000e+00
1.000000e+00
1.000000e+00
1.000000e+00
1.000000e+00
1.000000e+00
1.000000e+00
1.000000e+00
1.000000e+00
1.000000e+00
1.000000e+00
1.000000e+00
1.000000e+00
1.000000e+00
1.000000e+00
1.000000e+00
1.000000e+00
1.000000e+00
1.000000e+00
1.000000e+00
1.000000e+00
1.000000e+00
1.000000e+00
1.000000e+00
1.000000e+00
1.000000e+00
1.000000e+00
1.000000e+00
1.000000e+00
1.000000e+00
1.000000e+00
1.000000e+00
1.000000e+00
1.000000e+00
1.000000e+00
1.000000e+00
1.000000e+00
1.000000e+00
9.999999e-01
9.999999e-01
9.999998e-01
9.999997e-01
9.999995e-01
9.999991e-01
9.999984e-01
9.999972e-01
9.999948e-01
9.999905e-01
9.999824e-01
9.999672e-01
9.999386e-01
9.998846e-01
9.997835e-01
9.995959e-01
9.992539e-01
9.986443e-01
9.975897e-01
9.958296e-01
9.930121e-01
9.887035e-01
9.824250e-01
9.737098e-01
9.621775e-01
9.475893e-01
9.298857e-01
9.091770e-01
8.857426e-01
8.599587e-01
8.322671e-01
8.031349e-01
7.730348e-01
7.424081e-01
7.116382e-01
6.811087e-01
6.511374e-01
6.219848e-01
5.939218e-01
5.670611e-01
5.416383e-01
5.176760e-01
4.952651e-01
4.743872e-01
4.549604e-01
4.367719e-01
4.197304e-01
4.035944e-01
3.881860e-01
3.732846e-01
3.586911e-01
3.442425e-01
3.297826e-01
3.152065e-01
3.004344e-01
2.854397e-01
2.702390e-01
2.549227e-01
2.396343e-01
2.245826e-01
2.100344e-01
1.962874e-01
1.836350e-01
1.723300e-01
1.625387e-01
1.543132e-01
1.475967e-01
1.422458e-01
1.380667e-01
1.348504e-01
1.324001e-01
1.305452e-01
1.291467e-01
1.280944e-01
1.273042e-01
1.267113e-01
1.262677e-01
1.259358e-01
1.256886e-01
1.255046e-01
1.253684e-01
1.252676e-01
1.251937e-01
1.251394e-01
1.250999e-01
1.250712e-01
1.250505e-01
1.250356e-01
1.250250e-01
1.250175e-01
1.250121e-01
1.250084e-01
1.250058e-01
1.250039e-01
1.250027e-01
1.250018e-01
1.250012e-01
1.250008e-01
1.250005e-01
1.250004e-01
1.250002e-01
1.250002e-01
1.250001e-01
1.250001e-01
1.250000e-01
1.250000e-01
1.250000e-01
1.250000e-01
1.250000e-01
1.250000e-01
1.250000e-01
1.250000e-01
1.250000e-01
1.250000e-01
1.250000e-01
1.250000e-01
1.250000e-01
1.250000e-01
1.250000e-01
1.250000e-01
1.250000e-01
1.250000e-01
1.250000e-01
1.250000e-01
1.250000e-01
1.250000e-01
1.250000e-01
1.250000e-01
1.250000e-01
1.250000e-01
1.250000e-01
1.250000e-01
1.250000e-01
1.250000e-01
1.250000e-01
1.250000e-01
1.250000e-01
1.250000e-01
1.250000e-01
1.250000e-01
1.250000e-01
1.250000e-01
1.250000e-01
1.250000e-01
1.250000e-01
1.250000e-01
1.250000e-01
1.250000e-01
1.250000e-01
1.250000e-01
1.250000e-01
1.250000e-01
1.250000e-01
1.250000e-01
1.250000e-01
1.250000e-01
1.250000e-01
1.250000e-01
1.250000e-01
1.250000e-01
1.250000e-01
1.250000e-01
1.250000e-01
1.250000e-01
1.250000e-01
1.250000e-01
1.250000e-01
1.250000e-01
1.250000e-01
1.250000e-01
1.250000e-01
1.250000e-01
1.250000e-01
1.250000e-01
1.250000e-01
1.250000e-01
1.250000e-01
1.250000e-01
1.250000e-01
1.250000e-01
1.250000e-01
1.250000e-01
1.250000e-01
1.250000e-01
1.250000e-01
1.250000e-01
1.250000e-01
1.250000e-01
1.250000e-01
1.250000e-01
1.250000e-01
1.250000e-01
1.250000e-01
1.250000e-01
1.250000e-01
1.250000e-01
1.250000e-01
1.250000e-01
1.250000e-01
1.250000e-01
1.250000e-01
1.250000e-01
1.250000e-01
1.250000e-01
1.250000e-01
1.250000e-01
1.250000e-01
1.250000e-01
1.250000e-01
1.250000e-01
1.250000e-01
1.250000e-01
1.250000e-01
1.250000e-01
1.250000e-01
1.250000e-01
1.250000e-01
1.250000e-01
1.250000e-01
1.250000e-01
1.250000e-01
1.250000e-01
1.250000e-01
1.250000e-01
1.250000e-01
1.250000e-01
1.250000e-01
1.250000e-01
1.250000e-01
1.250000e-01
1.250000e-01
1.250000e-01
1.250000e-01
1.250000e-01
1.250000e-01
1.250000e-01
1.250001e-01
1.250001e-01
1.250002e-01
1.250003e-01
1.250004e-01
1.250006e-01
1.250009e-01
1.250013e-01
1.250019e-01
1.250028e-01
1.250041e-01
1.250060e-01
1.250087e-01
1.250125e-01
1.250180e-01
1.250257e-01
1.250365e-01
1.250515e-01
1.250725e-01
1.251014e-01
1.251413e-01
1.251960e-01
1.252706e-01
1.253719e-01
1.255091e-01
1.256942e-01
1.259430e-01
1.262766e-01
1.267226e-01
1.273176e-01
1.281100e-01
1.291633e-01
1.305609e-01
1.324106e-01
1.348488e-01
1.380430e-01
1.421877e-01
1.474914e-01
1.541515e-01
1.623187e-01
1.720589e-01
1.833263e-01
1.959597e-01
2.097091e-01
2.242765e-01
2.393568e-01
2.546778e-01
2.700233e-01
2.852470e-01
3.002600e-01
3.150417e-01
3.296204e-01
3.440801e-01
3.585269e-01
3.731184e-01
3.880247e-01
4.034463e-01
4.195953e-01
4.366660e-01
4.549053e-01
4.743852e-01
4.953337e-01
