5.042555e-01
5.198760e-01
5.363249e-01
5.536259e-01
5.717312e-01
5.906266e-01
6.102330e-01
6.305133e-01
6.513846e-01
6.727616e-01
6.945553e-01
7.166600e-01
7.389516e-01
7.613065e-01
7.835623e-01
8.055681e-01
8.271446e-01
8.481026e-01
8.682345e-01
8.873373e-01
9.052070e-01
9.216520e-01
9.365071e-01
9.496435e-01
9.609883e-01
9.705317e-01
9.783308e-01
9.845082e-01
9.892417e-01
9.927444e-01
9.952464e-01
9.969712e-01
9.981197e-01
9.988597e-01
9.993222e-01
9.996036e-01
9.997709e-01
9.998687e-01
9.999250e-01
9.999571e-01
9.999754e-01
9.999859e-01
9.999918e-01
9.999952e-01
9.999972e-01
9.999983e-01
9.999990e-01
9.999994e-01
9.999996e-01
9.999998e-01
9.999999e-01
9.999999e-01
9.999999e-01
1.000000e+00
1.000000e+00
1.000000e+00
1.000000e+00
1.000000e+00
1.000000e+00
1.000000e+00
1.000000e+00
1.000000e+00
1.000000e+00
1.000000e+00
1.000000e+00
1.000000e+00
1.000000e+00
1.000000e+00
1.000000e+00
1.000000e+00
1.000000e+00
1.000000e+00
1.000000e+00
1.000000e+00
1.000000e+00
1.000000e+00
1.000000e+00
1.000000e+00
1.000000e+00
1.000000e+00
1.000000e+00
1.000000e+00
1.000000e+00
1.000000e+00
1.000000e+00
1.000000e+00
1.000000e+00
1.000000e+00
1.000000e+00
1.000000e+00
1.000000e+00
1.000000e+00
1.000000e+00
1.000000e+00
1.000000e+00
1.000000e+00
1.000000e+00
1.000000e+00
1.000000e+00
1.000000e+00
1.000000e+00
1.000000e+00
1.000000e+00
1.000000e+00
1.000000e+00
1.000000e+00
1.000000e+00
1.000000e+00
1.000000e+00
1.000000e+00
1.000000e+00
1.000000e+00
1.000000e+00
1.000000e+00
1.000000e+00
1.000000e+00
1.000000e+00
1.000000e+00
1.000000e+00
1.000000e+00
1.000000e+00
1.000000e+00
1.000000e+00
1.000000e+00
1.000000e+00
1.000000e+00
1.000000e+00
1.000000e+00
1.000000e+00
1.000000e+00
1.000000e+00
1.000000e+00
1.000000e+00
1.000000e+00
1.000000e+00
1.000000e+00
1.000000e+00
1.000000e+00
1.000000e+00
1.000000e+00
1.000000e+00
1.000000e+00
1.000000e+00
1.000000e+00
1.000000e+00
1.000000e+00
1.000000e+00
1.000000e+00
1.000000e+00
1.000000e+00
1.000000e+00
1.000000e+00
1.000000e+00
1.000000e+00
1.000000e+00
1.000000e+00
1.000000e+00
1.000000e+00
1.000000e+00
1.000000e+00
1.000000e+00
1.000000e+00
1.000000e+00
1.000000e+00
1.000000e+00
1.000000e+00
1.000000e+00
1.000000e+00
1.000000e+00
1.000000e+00
1.000000e+00
1.000000e+00
1.000000e+00
1.000000e+00
1.000000e+00
1.000000e+00
1.000000e+00
1.000000e+00
1.000000e+00
1.000000e+00
1.000000e+00
1.000000e+00
1.000000e+00
1.000000e+00
1.000000e+00
1.000000e+00
1.000000e+00
1.000000e+00
1.000000e+00
1.000000e+00
1.000000e+00
1.000000e+00
1.000000e+00
1.000000e+00
1.000000e+00
1.000000e+00
1.000000e+00
1.000000e+00
1.000000e+00
1.000000e+00
1.000000e+00
1.000000e+00
1.000000e+00
9.999999e-01
9.999999e-01
9.999998e-01
9.999997e-01
9.999995e-01
9.999992e-01
9.999987e-01
9.999978e-01
9.999963e-01
9.999938e-01
9.999894e-01
9.999819e-01
9.999689e-01
9.999466e-01
9.999082e-01
9.998427e-01
9.997320e-01
9.995473e-01
9.992444e-01
9.987572e-01
9.979918e-01
9.968209e-01
9.950811e-01
9.925757e-01
9.890837e-01
9.843751e-01
9.782335e-01
9.704759e-01
9.609729e-01
9.496613e-01
9.365460e-01
9.216982e-01
9.052454e-01
8.873548e-01
8.682206e-01
8.480493e-01
8.270487e-01
8.054286e-01
7.833817e-01
7.610898e-01
7.387045e-01
7.163903e-01
6.942718e-01
6.724728e-01
6.510964e-01
6.302351e-01
6.099712e-01
5.903863e-01
5.715155e-01
5.534386e-01
5.361718e-01
5.197554e-01
5.041763e-01
4.894434e-01
4.755560e-01
4.624409e-01
4.500934e-01
4.384168e-01
4.273395e-01
4.168151e-01
4.067092e-01
3.969799e-01
3.875082e-01
3.782379e-01
3.690847e-01
3.599879e-01
3.508991e-01
3.417705e-01
3.325615e-01
3.232516e-01
3.138049e-01
3.041977e-01
2.944115e-01
2.844252e-01
2.742281e-01
2.638193e-01
2.532181e-01
2.424638e-01
2.316250e-01
2.208011e-01
2.101222e-01
1.997423e-01
1.898266e-01
1.805389e-01
1.720186e-01
1.643669e-01
1.576375e-01
1.518342e-01
1.469162e-01
1.428097e-01
1.394214e-01
1.366507e-01
1.343991e-01
1.325774e-01
1.311068e-01
1.299211e-01
1.289658e-01
1.281957e-01
1.275747e-01
1.270742e-01
1.266699e-01
1.263437e-01
1.260808e-01
1.258680e-01
1.256967e-01
1.255586e-01
1.254468e-01
1.253574e-01
1.252852e-01
1.252270e-01
1.251808e-01
1.251434e-01
1.251135e-01
1.250899e-01
1.250708e-01
1.250558e-01
1.250439e-01
1.250343e-01
1.250269e-01
1.250210e-01
1.250163e-01
1.250127e-01
1.250098e-01
1.250076e-01
1.250059e-01
1.250045e-01
1.250034e-01
1.250026e-01
1.250020e-01
1.250015e-01
1.250012e-01
1.250009e-01
1.250007e-01
1.250005e-01
1.250004e-01
1.250003e-01
1.250002e-01
1.250002e-01
1.250001e-01
1.250001e-01
1.250001e-01
1.250000e-01
1.250000e-01
1.250000e-01
1.250000e-01
1.250000e-01
1.250000e-01
1.250000e-01
1.250000e-01
1.250000e-01
1.250000e-01
1.250000e-01
1.250000e-01
1.250000e-01
1.250000e-01
1.250000e-01
1.250000e-01
1.250000e-01
1.250000e-01
1.250000e-01
1.250000e-01
1.250000e-01
1.250000e-01
1.250000e-01
1.250000e-01
1.250000e-01
1.250000e-01
1.250000e-01
1.250000e-01
1.250000e-01
1.250000e-01
1.250000e-01
1.250000e-01
1.250000e-01
1.250000e-01
1.250000e-01
1.250000e-01
1.250000e-01
1.250000e-01
1.250000e-01
1.250000e-01
1.250000e-01
1.250000e-01
1.250000e-01
1.250000e-01
1.250000e-01
1.250000e-01
1.250000e-01
1.250000e-01
1.250000e-01
1.250000e-01
1.250000e-01
1.250000e-01
1.250000e-01
1.250000e-01
1.250000e-01
1.250000e-01
1.250000e-01
1.250000e-01
1.250000e-01
1.250000e-01
1.250000e-01
1.250000e-01
1.250000e-01
1.250000e-01
1.250000e-01
1.250000e-01
1.250000e-01
1.250000e-01
1.250000e-01
1.250000e-01
1.250000e-01
1.250000e-01
1.250000e-01
1.250000e-01
1.250000e-01
1.250000e-01
1.250000e-01
1.250000e-01
1.250000e-01
1.250000e-01
1.250001e-01
1.250001e-01
1.250001e-01
1.250002e-01
1.250002e-01
1.250003e-01
1.250004e-01
1.250005e-01
1.250007e-01
1.250009e-01
1.250012e-01
1.250016e-01
1.250021e-01
1.250027e-01
1.250035e-01
1.250046e-01
1.250059e-01
1.250077e-01
1.250099e-01
1.250128e-01
1.250165e-01
1.250211e-01
1.250271e-01
1.250346e-01
1.250441e-01
1.250561e-01
1.250712e-01
1.250902e-01
1.251141e-01
1.251440e-01
1.251814e-01
1.252280e-01
1.252862e-01
1.253586e-01
1.254487e-01
1.255605e-01
1.256993e-01
1.258714e-01
1.260846e-01
1.263487e-01
1.266758e-01
1.270809e-01
1.275828e-01
1.282045e-01
1.289752e-01
1.299305e-01
1.311147e-01
1.325820e-01
1.343975e-01
1.366385e-01
1.393936e-01
1.427599e-01
1.468377e-01
1.517215e-01
1.574874e-01
1.641797e-01
1.717990e-01
1.802954e-01
1.895696e-01
1.994819e-01
2.098687e-01
2.205631e-01
2.314075e-01
2.422687e-01
2.530440e-01
2.636637e-01
2.740885e-01
2.842971e-01
2.942912e-01
3.040821e-01
3.136915e-01
3.231364e-01
3.324435e-01
3.416502e-01
3.507723e-01
3.598599e-01
3.689508e-01
3.781053e-01
3.873731e-01
3.968533e-01
4.065868e-01
4.167071e-01
4.272456e-01
4.383477e-01
4.500526e-01
4.624277e-01
4.755789e-01
4.894968e-01
