5.098472e-01
5.286726e-01
5.485272e-01
5.694868e-01
5.914451e-01
6.142924e-01
6.379832e-01
6.623858e-01
6.873292e-01
7.126922e-01
7.382737e-01
7.638784e-01
7.892712e-01
8.142152e-01
8.384394e-01
8.616568e-01
8.835750e-01
9.039125e-01
9.224049e-01
9.388373e-01
9.530537e-01
9.649962e-01
9.747014e-01
9.823087e-01
9.880433e-01
9.921935e-01
9.950736e-01
9.969902e-01
9.982149e-01
9.989681e-01
9.994159e-01
9.996744e-01
9.998203e-01
9.999012e-01
9.999457e-01
9.999700e-01
9.999833e-01
9.999906e-01
9.999947e-01
9.999970e-01
9.999982e-01
9.999990e-01
9.999994e-01
9.999996e-01
9.999998e-01
9.999999e-01
9.999999e-01
1.000000e+00
1.000000e+00
1.000000e+00
1.000000e+00
1.000000e+00
1.000000e+00
1.000000e+00
1.000000e+00
1.000000e+00
1.000000e+00
1.000000e+00
1.000000e+00
1.000000e+00
1.000000e+00
1.000000e+00
1.000000e+00
1.000000e+00
1.000000e+00
1.000000e+00
1.000000e+00
1.000000e+00
1.000000e+00
1.000000e+00
1.000000e+00
1.000000e+00
1.000000e+00
1.000000e+00
1.000000e+00
1.000000e+00
1.000000e+00
1.000000e+00
1.000000e+00
1.000000e+00
1.000000e+00
1.000000e+00
1.000000e+00
1.000000e+00
1.000000e+00
1.000000e+00
1.000000e+00
1.000000e+00
1.000000e+00
1.000000e+00
1.000000e+00
1.000000e+00
1.000000e+00
1.000000e+00
1.000000e+00
1.000000e+00
1.000000e+00
1.000000e+00
1.000000e+00
1.000000e+00
1.000000e+00
1.000000e+00
1.000000e+00
1.000000e+00
1.000000e+00
1.000000e+00
1.000000e+00
1.000000e+00
1.000000e+00
1.000000e+00
1.000000e+00
1.000000e+00
1.000000e+00
1.000000e+00
1.000000e+00
1.000000e+00
1.000000e+00
1.000000e+00
1.000000e+00
1.000000e+00
1.000000e+00
1.000000e+00
1.000000e+00
1.000000e+00
1.000000e+00
1.000000e+00
1.000000e+00
1.000000e+00
1.000000e+00
1.000000e+00
1.000000e+00
1.000000e+00
1.000000e+00
1.000000e+00
1.000000e+00
1.000000e+00
1.000000e+00
1.000000e+00
1.000000e+00
1.000000e+00
1.000000e+00
1.000000e+00
1.000000e+00
1.000000e+00
1.000000e+00
1.000000e+00
1.000000e+00
1.000000e+00
1.000000e+00
1.000000e+00
1.000000e+00
1.000000e+00
1.000000e+00
1.000000e+00
1.000000e+00
1.000000e+00
1.000000e+00
1.000000e+00
1.000000e+00
1.000000e+00
1.000000e+00
1.000000e+00
1.000000e+00
1.000000e+00
1.000000e+00
1.000000e+00
1.000000e+00
1.000000e+00
1.000000e+00
1.000000e+00
1.000000e+00
1.000000e+00
1.000000e+00
1.000000e+00
1.000000e+00
1.000000e+00
1.000000e+00
1.000000e+00
1.000000e+00
1.000000e+00
1.000000e+00
1.000000e+00
1.000000e+00
1.000000e+00
1.000000e+00
1.000000e+00
1.000000e+00
1.000000e+00
1.000000e+00
1.000000e+00
1.000000e+00
1.000000e+00
1.000000e+00
1.000000e+00
1.000000e+00
1.000000e+00
1.000000e+00
1.000000e+00
1.000000e+00
1.000000e+00
1.000000e+00
1.000000e+00
1.000000e+00
1.000000e+00
1.000000e+00
1.000000e+00
1.000000e+00
1.000000e+00
9.999999e-01
9.999999e-01
9.999998e-01
9.999997e-01
9.999995e-01
9.999992e-01
9.999987e-01
9.999977e-01
9.999960e-01
9.999930e-01
9.999877e-01
9.999783e-01
9.999616e-01
9.999316e-01
9.998783e-01
9.997841e-01
9.996196e-01
9.993366e-01
9.988597e-01
9.980755e-01
9.968234e-01
9.948893e-01
9.920078e-01
9.878757e-01
9.821770e-01
9.746185e-01
9.649647e-01
9.530667e-01
9.388797e-01
9.224570e-01
9.039537e-01
8.835869e-01
8.616254e-01
8.383548e-01
8.140756e-01
7.890780e-01
7.636383e-01
7.379945e-01
7.123872e-01
6.870111e-01
6.620647e-01
6.376723e-01
6.140013e-01
5.911819e-01
5.692573e-01
5.483411e-01
5.285253e-01
5.097561e-01
4.920839e-01
4.754996e-01
4.599263e-01
4.453299e-01
4.315508e-01
4.185474e-01
4.061326e-01
3.942444e-01
3.827070e-01
3.714406e-01
3.603209e-01
3.492577e-01
3.381703e-01
3.269890e-01
3.156574e-01
3.041300e-01
2.923838e-01
2.804044e-01
2.681985e-01
2.558063e-01
2.432973e-01
2.307806e-01
2.184066e-01
2.063622e-01
1.948547e-01
1.840949e-01
1.742718e-01
1.655229e-01
1.579203e-01
1.514662e-01
1.461005e-01
1.417173e-01
1.381861e-01
1.353703e-01
1.331407e-01
1.313831e-01
1.300009e-01
1.289157e-01
1.280636e-01
1.273952e-01
1.268707e-01
1.264591e-01
1.261367e-01
1.258837e-01
1.256861e-01
1.255312e-01
1.254105e-01
1.253165e-01
1.252432e-01
1.251866e-01
1.251425e-01
1.251088e-01
1.250826e-01
1.250626e-01
1.250473e-01
1.250355e-01
1.250267e-01
1.250200e-01
1.250149e-01
1.250111e-01
1.250082e-01
1.250060e-01
1.250044e-01
1.250032e-01
1.250024e-01
1.250017e-01
1.250012e-01
1.250009e-01
1.250006e-01
1.250005e-01
1.250003e-01
1.250002e-01
1.250002e-01
1.250001e-01
1.250001e-01
1.250001e-01
1.250000e-01
1.250000e-01
1.250000e-01
1.250000e-01
1.250000e-01
1.250000e-01
1.250000e-01
1.250000e-01
1.250000e-01
1.250000e-01
1.250000e-01
1.250000e-01
1.250000e-01
1.250000e-01
1.250000e-01
1.250000e-01
1.250000e-01
1.250000e-01
1.250000e-01
1.250000e-01
1.250000e-01
1.250000e-01
1.250000e-01
1.250000e-01
1.250000e-01
1.250000e-01
1.250000e-01
1.250000e-01
1.250000e-01
1.250000e-01
1.250000e-01
1.250000e-01
1.250000e-01
1.250000e-01
1.250000e-01
1.250000e-01
1.250000e-01
1.250000e-01
1.250000e-01
1.250000e-01
1.250000e-01
1.250000e-01
1.250000e-01
1.250000e-01
1.250000e-01
1.250000e-01
1.250000e-01
1.250000e-01
1.250000e-01
1.250000e-01
1.250000e-01
1.250000e-01
1.250000e-01
1.250000e-01
1.250000e-01
1.250000e-01
1.250000e-01
1.250000e-01
1.250000e-01
1.250000e-01
1.250000e-01
1.250000e-01
1.250000e-01
1.250000e-01
1.250000e-01
1.250000e-01
1.250000e-01
1.250000e-01
1.250000e-01
1.250000e-01
1.250000e-01
1.250000e-01
1.250000e-01
1.250000e-01
1.250000e-01
1.250000e-01
1.250000e-01
1.250000e-01
1.250000e-01
1.250000e-01
1.250000e-01
1.250000e-01
1.250000e-01
1.250000e-01
1.250000e-01
1.250000e-01
1.250000e-01
1.250000e-01
1.250000e-01
1.250000e-01
1.250000e-01
1.250000e-01
1.250000e-01
1.250000e-01
1.250000e-01
1.250000e-01
1.250000e-01
1.250000e-01
1.250000e-01
1.250000e-01
1.250000e-01
1.250000e-01
1.250000e-01
1.250000e-01
1.250001e-01
1.250001e-01
1.250001e-01
1.250002e-01
1.250002e-01
1.250003e-01
1.250005e-01
1.250007e-01
1.250009e-01
1.250013e-01
1.250018e-01
1.250024e-01
1.250033e-01
1.250045e-01
1.250062e-01
1.250083e-01
1.250113e-01
1.250151e-01
1.250203e-01
1.250270e-01
1.250360e-01
1.250478e-01
1.250632e-01
1.250833e-01
1.251095e-01
1.251436e-01
1.251877e-01
1.252447e-01
1.253182e-01
1.254127e-01
1.255340e-01
1.256894e-01
1.258882e-01
1.261420e-01
1.264659e-01
1.268788e-01
1.274048e-01
1.280747e-01
1.289274e-01
1.300127e-01
1.313927e-01
1.331451e-01
1.353647e-01
1.381639e-01
1.416704e-01
1.460201e-01
1.513447e-01
1.577535e-01
1.653120e-01
1.740242e-01
1.838220e-01
1.945691e-01
2.060776e-01
2.181356e-01
2.305318e-01
2.430738e-01
2.556078e-01
2.680217e-01
2.802457e-01
2.922381e-01
3.039916e-01
3.155235e-01
3.268566e-01
3.380349e-01
3.491175e-01
3.601788e-01
3.712924e-01
3.825601e-01
3.941009e-01
4.059986e-01
4.184296e-01
4.314537e-01
4.452653e-01
4.598962e-01
4.755149e-01
4.921426e-01
