5.155512e-01
5.380762e-01
5.618951e-01
5.870635e-01
6.133524e-01
6.407025e-01
6.689063e-01
6.977016e-01
7.268657e-01
7.561136e-01
7.850840e-01
8.134474e-01
8.408177e-01
8.667726e-01
8.909225e-01
9.128838e-01
9.323380e-01
9.490465e-01
9.629129e-01
9.739801e-01
9.824433e-01
9.886214e-01
9.929185e-01
9.957626e-01
9.975552e-01
9.986336e-01
9.992559e-01
9.996023e-01
9.997898e-01
9.998894e-01
9.999416e-01
9.999690e-01
9.999834e-01
9.999910e-01
9.999951e-01
9.999973e-01
9.999985e-01
9.999991e-01
9.999995e-01
9.999997e-01
9.999998e-01
9.999999e-01
9.999999e-01
1.000000e+00
1.000000e+00
1.000000e+00
1.000000e+00
1.000000e+00
1.000000e+00
1.000000e+00
1.000000e+00
1.000000e+00
1.000000e+00
1.000000e+00
1.000000e+00
1.000000e+00
1.000000e+00
1.000000e+00
1.000000e+00
1.000000e+00
1.000000e+00
1.000000e+00
1.000000e+00
1.000000e+00
1.000000e+00
1.000000e+00
1.000000e+00
1.000000e+00
1.000000e+00
1.000000e+00
1.000000e+00
1.000000e+00
1.000000e+00
1.000000e+00
1.000000e+00
1.000000e+00
1.000000e+00
1.000000e+00
1.000000e+00
1.000000e+00
1.000000e+00
1.000000e+00
1.000000e+00
1.000000e+00
1.000000e+00
1.000000e+00
1.000000e+00
1.000000e+00
1.000000e+00
1.000000e+00
1.000000e+00
1.000000e+00
1.000000e+00
1.000000e+00
1.000000e+00
1.000000e+00
1.000000e+00
1.000000e+00
1.000000e+00
1.000000e+00
1.000000e+00
1.000000e+00
1.000000e+00
1.000000e+00
1.000000e+00
1.000000e+00
1.000000e+00
1.000000e+00
1.000000e+00
1.000000e+00
1.000000e+00
1.000000e+00
1.000000e+00
1.000000e+00
1.000000e+00
1.000000e+00
1.000000e+00
1.000000e+00
1.000000e+00
1.000000e+00
1.000000e+00
1.000000e+00
1.000000e+00
1.000000e+00
1.000000e+00
1.000000e+00
1.000000e+00
1.000000e+00
1.000000e+00
1.000000e+00
1.000000e+00
1.000000e+00
1.000000e+00
1.000000e+00
1.000000e+00
1.000000e+00
1.000000e+00
1.000000e+00
1.000000e+00
1.000000e+00
1.000000e+00
1.000000e+00
1.000000e+00
1.000000e+00
1.000000e+00
1.000000e+00
1.000000e+00
1.000000e+00
1.000000e+00
1.000000e+00
1.000000e+00
1.000000e+00
1.000000e+00
1.000000e+00
1.000000e+00
1.000000e+00
1.000000e+00
1.000000e+00
1.000000e+00
1.000000e+00
1.000000e+00
1.000000e+00
1.000000e+00
1.000000e+00
1.000000e+00
1.000000e+00
1.000000e+00
1.000000e+00
1.000000e+00
1.000000e+00
1.000000e+00
1.000000e+00
1.000000e+00
1.000000e+00
1.000000e+00
1.000000e+00
1.000000e+00
1.000000e+00
1.000000e+00
1.000000e+00
1.000000e+00
1.000000e+00
1.000000e+00
1.000000e+00
1.000000e+00
1.000000e+00
1.000000e+00
1.000000e+00
1.000000e+00
1.000000e+00
1.000000e+00
1.000000e+00
1.000000e+00
1.000000e+00
1.000000e+00
1.000000e+00
1.000000e+00
1.000000e+00
1.000000e+00
1.000000e+00
1.000000e+00
1.000000e+00
1.000000e+00
1.000000e+00
1.000000e+00
1.000000e+00
1.000000e+00
1.000000e+00
1.000000e+00
1.000000e+00
1.000000e+00
1.000000e+00
1.000000e+00
9.999999e-01
9.999999e-01
9.999998e-01
9.999996e-01
9.999993e-01
9.999988e-01
9.999979e-01
9.999963e-01
9.999934e-01
9.999880e-01
9.999780e-01
9.999595e-01
9.999253e-01
9.998618e-01
9.997451e-01
9.995331e-01
9.991549e-01
9.984960e-01
9.973818e-01
9.955632e-01
9.927123e-01
9.884336e-01
9.822987e-01
9.738951e-01
9.628902e-01
9.490742e-01
9.323926e-01
9.129373e-01
8.909475e-01
8.667476e-01
8.407277e-01
8.132884e-01
7.848588e-01
7.558322e-01
7.265433e-01
6.973548e-01
6.685545e-01
6.403611e-01
6.130389e-01
5.867847e-01
5.616706e-01
5.378984e-01
5.154498e-01
4.944381e-01
4.748206e-01
4.565168e-01
4.393795e-01
4.232981e-01
4.080604e-01
3.935462e-01
3.795440e-01
3.658884e-01
3.524119e-01
3.389828e-01
3.254852e-01
3.118283e-01
2.979606e-01
2.838571e-01
2.695379e-01
2.550758e-01
2.405911e-01
2.262620e-01
2.123197e-01
1.990292e-01
1.866610e-01
1.754609e-01
1.656098e-01
1.571922e-01
1.501948e-01
1.445190e-01
1.400078e-01
1.364781e-01
1.337469e-01
1.316494e-01
1.300454e-01
1.288225e-01
1.278911e-01
1.271829e-01
1.266445e-01
1.262362e-01
1.259265e-01
1.256926e-01
1.255157e-01
1.253830e-01
1.252831e-01
1.252086e-01
1.251529e-01
1.251118e-01
1.250812e-01
1.250589e-01
1.250424e-01
1.250304e-01
1.250217e-01
1.250154e-01
1.250109e-01
1.250077e-01
1.250054e-01
1.250038e-01
1.250026e-01
1.250018e-01
1.250012e-01
1.250008e-01
1.250006e-01
1.250004e-01
1.250003e-01
1.250002e-01
1.250001e-01
1.250001e-01
1.250001e-01
1.250000e-01
1.250000e-01
1.250000e-01
1.250000e-01
1.250000e-01
1.250000e-01
1.250000e-01
1.250000e-01
1.250000e-01
1.250000e-01
1.250000e-01
1.250000e-01
1.250000e-01
1.250000e-01
1.250000e-01
1.250000e-01
1.250000e-01
1.250000e-01
1.250000e-01
1.250000e-01
1.250000e-01
1.250000e-01
1.250000e-01
1.250000e-01
1.250000e-01
1.250000e-01
1.250000e-01
1.250000e-01
1.250000e-01
1.250000e-01
1.250000e-01
1.250000e-01
1.250000e-01
1.250000e-01
1.250000e-01
1.250000e-01
1.250000e-01
1.250000e-01
1.250000e-01
1.250000e-01
1.250000e-01
1.250000e-01
1.250000e-01
1.250000e-01
1.250000e-01
1.250000e-01
1.250000e-01
1.250000e-01
1.250000e-01
1.250000e-01
1.250000e-01
1.250000e-01
1.250000e-01
1.250000e-01
1.250000e-01
1.250000e-01
1.250000e-01
1.250000e-01
1.250000e-01
1.250000e-01
1.250000e-01
1.250000e-01
1.250000e-01
1.250000e-01
1.250000e-01
1.250000e-01
1.250000e-01
1.250000e-01
1.250000e-01
1.250000e-01
1.250000e-01
1.250000e-01
1.250000e-01
1.250000e-01
1.250000e-01
1.250000e-01
1.250000e-01
1.250000e-01
1.250000e-01
1.250000e-01
1.250000e-01
1.250000e-01
1.250000e-01
1.250000e-01
1.250000e-01
1.250000e-01
1.250000e-01
1.250000e-01
1.250000e-01
1.250000e-01
1.250000e-01
1.250000e-01
1.250000e-01
1.250000e-01
1.250000e-01
1.250000e-01
1.250000e-01
1.250000e-01
1.250000e-01
1.250000e-01
1.250000e-01
1.250000e-01
1.250000e-01
1.250000e-01
1.250000e-01
1.250000e-01
1.250000e-01
1.250000e-01
1.250000e-01
1.250000e-01
1.250000e-01
1.250000e-01
1.250000e-01
1.250000e-01
1.250000e-01
1.250000e-01
1.250000e-01
1.250000e-01
1.250000e-01
1.250000e-01
1.250000e-01
1.250000e-01
1.250000e-01
1.250000e-01
1.250001e-01
1.250001e-01
1.250001e-01
1.250002e-01
1.250003e-01
1.250004e-01
1.250006e-01
1.250009e-01
1.250013e-01
1.250019e-01
1.250027e-01
1.250039e-01
1.250056e-01
1.250080e-01
1.250113e-01
1.250159e-01
1.250222e-01
1.250311e-01
1.250432e-01
1.250598e-01
1.250824e-01
1.251131e-01
1.251547e-01
1.252106e-01
1.252857e-01
1.253860e-01
1.255198e-01
1.256974e-01
1.259328e-01
1.262439e-01
1.266543e-01
1.271945e-01
1.279048e-01
1.288375e-01
1.300604e-01
1.316611e-01
1.337506e-01
1.364660e-01
1.399699e-01
1.444436e-01
1.500714e-01
1.570145e-01
1.653791e-01
1.751867e-01
1.863568e-01
1.987123e-01
2.120091e-01
2.259723e-01
2.403288e-01
2.548437e-01
2.693338e-01
2.836746e-01
2.977931e-01
3.116708e-01
3.253308e-01
3.388279e-01
3.522539e-01
3.657302e-01
3.793900e-01
3.933905e-01
4.079133e-01
4.231733e-01
4.392840e-01
4.564732e-01
4.748239e-01
4.945039e-01
