5.251018e-01
5.546003e-01
5.859664e-01
6.189479e-01
6.533275e-01
6.886307e-01
7.244351e-01
7.602060e-01
7.953082e-01
8.291280e-01
8.609542e-01
8.901320e-01
9.160635e-01
9.382659e-01
9.564880e-01
9.707332e-01
9.812748e-01
9.886266e-01
9.934420e-01
9.964004e-01
9.981089e-01
9.990411e-01
9.995258e-01
9.997687e-01
9.998875e-01
9.999450e-01
9.999728e-01
9.999864e-01
9.999931e-01
9.999964e-01
9.999981e-01
9.999990e-01
9.999995e-01
9.999997e-01
9.999998e-01
9.999999e-01
1.000000e+00
1.000000e+00
1.000000e+00
1.000000e+00
1.000000e+00
1.000000e+00
1.000000e+00
1.000000e+00
1.000000e+00
1.000000e+00
1.000000e+00
1.000000e+00
1.000000e+00
1.000000e+00
1.000000e+00
1.000000e+00
1.000000e+00
1.000000e+00
1.000000e+00
1.000000e+00
1.000000e+00
1.000000e+00
1.000000e+00
1.000000e+00
1.000000e+00
1.000000e+00
1.000000e+00
1.000000e+00
1.000000e+00
1.000000e+00
1.000000e+00
1.000000e+00
1.000000e+00
1.000000e+00
1.000000e+00
1.000000e+00
1.000000e+00
1.000000e+00
1.000000e+00
1.000000e+00
1.000000e+00
1.000000e+00
1.000000e+00
1.000000e+00
1.000000e+00
1.000000e+00
1.000000e+00
1.000000e+00
1.000000e+00
1.000000e+00
1.000000e+00
1.000000e+00
1.000000e+00
1.000000e+00
1.000000e+00
1.000000e+00
1.000000e+00
1.000000e+00
1.000000e+00
1.000000e+00
1.000000e+00
1.000000e+00
1.000000e+00
1.000000e+00
1.000000e+00
1.000000e+00
1.000000e+00
1.000000e+00
1.000000e+00
1.000000e+00
1.000000e+00
1.000000e+00
1.000000e+00
1.000000e+00
1.000000e+00
1.000000e+00
1.000000e+00
1.000000e+00
1.000000e+00
1.000000e+00
1.000000e+00
1.000000e+00
1.000000e+00
1.000000e+00
1.000000e+00
1.000000e+00
1.000000e+00
1.000000e+00
1.000000e+00
1.000000e+00
1.000000e+00
1.000000e+00
1.000000e+00
1.000000e+00
1.000000e+00
1.000000e+00
1.000000e+00
1.000000e+00
1.000000e+00
1.000000e+00
1.000000e+00
1.000000e+00
1.000000e+00
1.000000e+00
1.000000e+00
1.000000e+00
1.000000e+00
1.000000e+00
1.000000e+00
1.000000e+00
1.000000e+00
1.000000e+00
1.000000e+00
1.000000e+00
1.000000e+00
1.000000e+00
1.000000e+00
1.000000e+00
1.000000e+00
1.000000e+00
1.000000e+00
1.000000e+00
1.000000e+00
1.000000e+00
1.000000e+00
1.000000e+00
1.000000e+00
1.000000e+00
1.000000e+00
1.000000e+00
1.000000e+00
1.000000e+00
1.000000e+00
1.000000e+00
1.000000e+00
1.000000e+00
1.000000e+00
1.000000e+00
1.000000e+00
1.000000e+00
1.000000e+00
1.000000e+00
1.000000e+00
1.000000e+00
1.000000e+00
1.000000e+00
1.000000e+00
1.000000e+00
1.000000e+00
1.000000e+00
1.000000e+00
1.000000e+00
1.000000e+00
1.000000e+00
1.000000e+00
1.000000e+00
1.000000e+00
1.000000e+00
1.000000e+00
1.000000e+00
1.000000e+00
1.000000e+00
1.000000e+00
1.000000e+00
1.000000e+00
1.000000e+00
1.000000e+00
1.000000e+00
1.000000e+00
1.000000e+00
1.000000e+00
1.000000e+00
1.000000e+00
1.000000e+00
1.000000e+00
1.000000e+00
1.000000e+00
1.000000e+00
1.000000e+00
1.000000e+00
1.000000e+00
1.000000e+00
1.000000e+00
9.999999e-01
9.999999e-01
9.999998e-01
9.999996e-01
9.999993e-01
9.999986e-01
9.999974e-01
9.999950e-01
9.999903e-01
9.999812e-01
9.999630e-01
9.999268e-01
9.998548e-01
9.997126e-01
9.994352e-01
9.989055e-01
9.979242e-01
9.961753e-01
9.932015e-01
9.884093e-01
9.811185e-01
9.706594e-01
9.564938e-01
9.383216e-01
9.161256e-01
8.901567e-01
8.609061e-01
8.289865e-01
7.950733e-01
7.598901e-01
7.240612e-01
6.882330e-01
6.529319e-01
6.185921e-01
5.856655e-01
5.543693e-01
5.249828e-01
4.975721e-01
4.722700e-01
4.488632e-01
4.270964e-01
4.066494e-01
3.872464e-01
3.685653e-01
3.503100e-01
3.322267e-01
3.141328e-01
2.959259e-01
2.775879e-01
2.592293e-01
2.410623e-01
2.233954e-01
2.066156e-01
1.911334e-01
1.773208e-01
1.654468e-01
1.556202e-01
1.477748e-01
1.417055e-01
1.371285e-01
1.337414e-01
1.312670e-01
1.294739e-01
1.281814e-01
1.272533e-01
1.265888e-01
1.261149e-01
1.257782e-01
1.255399e-01
1.253723e-01
1.252550e-01
1.251735e-01
1.251172e-01
1.250785e-01
1.250523e-01
1.250345e-01
1.250226e-01
1.250147e-01
1.250095e-01
1.250061e-01
1.250039e-01
1.250024e-01
1.250015e-01
1.250009e-01
1.250006e-01
1.250004e-01
1.250002e-01
1.250001e-01
1.250001e-01
1.250000e-01
1.250000e-01
1.250000e-01
1.250000e-01
1.250000e-01
1.250000e-01
1.250000e-01
1.250000e-01
1.250000e-01
1.250000e-01
1.250000e-01
1.250000e-01
1.250000e-01
1.250000e-01
1.250000e-01
1.250000e-01
1.250000e-01
1.250000e-01
1.250000e-01
1.250000e-01
1.250000e-01
1.250000e-01
1.250000e-01
1.250000e-01
1.250000e-01
1.250000e-01
1.250000e-01
1.250000e-01
1.250000e-01
1.250000e-01
1.250000e-01
1.250000e-01
1.250000e-01
1.250000e-01
1.250000e-01
1.250000e-01
1.250000e-01
1.250000e-01
1.250000e-01
1.250000e-01
1.250000e-01
1.250000e-01
1.250000e-01
1.250000e-01
1.250000e-01
1.250000e-01
1.250000e-01
1.250000e-01
1.250000e-01
1.250000e-01
1.250000e-01
1.250000e-01
1.250000e-01
1.250000e-01
1.250000e-01
1.250000e-01
1.250000e-01
1.250000e-01
1.250000e-01
1.250000e-01
1.250000e-01
1.250000e-01
1.250000e-01
1.250000e-01
1.250000e-01
1.250000e-01
1.250000e-01
1.250000e-01
1.250000e-01
1.250000e-01
1.250000e-01
1.250000e-01
1.250000e-01
1.250000e-01
1.250000e-01
1.250000e-01
1.250000e-01
1.250000e-01
1.250000e-01
1.250000e-01
1.250000e-01
1.250000e-01
1.250000e-01
1.250000e-01
1.250000e-01
1.250000e-01
1.250000e-01
1.250000e-01
1.250000e-01
1.250000e-01
1.250000e-01
1.250000e-01
1.250000e-01
1.250000e-01
1.250000e-01
1.250000e-01
1.250000e-01
1.250000e-01
1.250000e-01
1.250000e-01
1.250000e-01
1.250000e-01
1.250000e-01
1.250000e-01
1.250000e-01
1.250000e-01
1.250000e-01
1.250000e-01
1.250000e-01
1.250000e-01
1.250000e-01
1.250000e-01
1.250000e-01
1.250000e-01
1.250000e-01
1.250000e-01
1.250000e-01
1.250000e-01
1.250000e-01
1.250000e-01
1.250000e-01
1.250000e-01
1.250000e-01
1.250000e-01
1.250000e-01
1.250000e-01
1.250000e-01
1.250000e-01
1.250000e-01
1.250000e-01
1.250000e-01
1.250000e-01
1.250000e-01
1.250000e-01
1.250000e-01
1.250000e-01
1.250000e-01
1.250000e-01
1.250000e-01
1.250000e-01
1.250000e-01
1.250000e-01
1.250000e-01
1.250000e-01
1.250000e-01
1.250000e-01
1.250000e-01
1.250000e-01
1.250000e-01
1.250000e-01
1.250000e-01
1.250001e-01
1.250001e-01
1.250002e-01
1.250002e-01
1.250004e-01
1.250007e-01
1.250011e-01
1.250017e-01
1.250027e-01
1.250042e-01
1.250065e-01
1.250101e-01
1.250155e-01
1.250237e-01
1.250359e-01
1.250541e-01
1.250809e-01
1.251201e-01
1.251772e-01
1.252598e-01
1.253783e-01
1.255476e-01
1.257879e-01
1.261273e-01
1.266043e-01
1.272721e-01
1.282032e-01
1.294968e-01
1.312865e-01
1.337494e-01
1.371117e-01
1.416468e-01
1.476567e-01
1.554305e-01
1.651845e-01
1.769971e-01
1.907715e-01
2.062453e-01
2.230426e-01
2.407427e-01
2.589479e-01
2.773422e-01
2.957093e-01
3.139367e-01
3.320358e-01
3.501216e-01
3.683797e-01
3.870686e-01
4.064899e-01
4.269679e-01
4.487793e-01
4.722520e-01
4.976371e-01
