5.062750e-01
5.230070e-01
5.406407e-01
5.592154e-01
5.786606e-01
5.989291e-01
6.199697e-01
6.416944e-01
6.640292e-01
6.868348e-01
7.100197e-01
7.334355e-01
7.569434e-01
7.803529e-01
8.034949e-01
8.261622e-01
8.481399e-01
8.691883e-01
8.890794e-01
9.075832e-01
9.244876e-01
9.396183e-01
9.528435e-01
9.641068e-01
9.734236e-01
9.808887e-01
9.866692e-01
9.909853e-01
9.940902e-01
9.962407e-01
9.976756e-01
9.985993e-01
9.991745e-01
9.995223e-01
9.997272e-01
9.998456e-01
9.999130e-01
9.999510e-01
9.999723e-01
9.999842e-01
9.999910e-01
9.999948e-01
9.999969e-01
9.999982e-01
9.999989e-01
9.999994e-01
9.999996e-01
9.999998e-01
9.999999e-01
9.999999e-01
9.999999e-01
1.000000e+00
1.000000e+00
1.000000e+00
1.000000e+00
1.000000e+00
1.000000e+00
1.000000e+00
1.000000e+00
1.000000e+00
1.000000e+00
1.000000e+00
1.000000e+00
1.000000e+00
1.000000e+00
1.000000e+00
1.000000e+00
1.000000e+00
1.000000e+00
1.000000e+00
1.000000e+00
1.000000e+00
1.000000e+00
1.000000e+00
1.000000e+00
1.000000e+00
1.000000e+00
1.000000e+00
1.000000e+00
1.000000e+00
1.000000e+00
1.000000e+00
1.000000e+00
1.000000e+00
1.000000e+00
1.000000e+00
1.000000e+00
1.000000e+00
1.000000e+00
1.000000e+00
1.000000e+00
1.000000e+00
1.000000e+00
1.000000e+00
1.000000e+00
1.000000e+00
1.000000e+00
1.000000e+00
1.000000e+00
1.000000e+00
1.000000e+00
1.000000e+00
1.000000e+00
1.000000e+00
1.000000e+00
1.000000e+00
1.000000e+00
1.000000e+00
1.000000e+00
1.000000e+00
1.000000e+00
1.000000e+00
1.000000e+00
1.000000e+00
1.000000e+00
1.000000e+00
1.000000e+00
1.000000e+00
1.000000e+00
1.000000e+00
1.000000e+00
1.000000e+00
1.000000e+00
1.000000e+00
1.000000e+00
1.000000e+00
1.000000e+00
1.000000e+00
1.000000e+00
1.000000e+00
1.000000e+00
1.000000e+00
1.000000e+00
1.000000e+00
1.000000e+00
1.000000e+00
1.000000e+00
1.000000e+00
1.000000e+00
1.000000e+00
1.000000e+00
1.000000e+00
1.000000e+00
1.000000e+00
1.000000e+00
1.000000e+00
1.000000e+00
1.000000e+00
1.000000e+00
1.000000e+00
1.000000e+00
1.000000e+00
1.000000e+00
1.000000e+00
1.000000e+00
1.000000e+00
1.000000e+00
1.000000e+00
1.000000e+00
1.000000e+00
1.000000e+00
1.000000e+00
1.000000e+00
1.000000e+00
1.000000e+00
1.000000e+00
1.000000e+00
1.000000e+00
1.000000e+00
1.000000e+00
1.000000e+00
1.000000e+00
1.000000e+00
1.000000e+00
1.000000e+00
1.000000e+00
1.000000e+00
1.000000e+00
1.000000e+00
1.000000e+00
1.000000e+00
1.000000e+00
1.000000e+00
1.000000e+00
1.000000e+00
1.000000e+00
1.000000e+00
1.000000e+00
1.000000e+00
1.000000e+00
1.000000e+00
1.000000e+00
1.000000e+00
1.000000e+00
1.000000e+00
1.000000e+00
1.000000e+00
1.000000e+00
1.000000e+00
1.000000e+00
1.000000e+00
1.000000e+00
1.000000e+00
1.000000e+00
1.000000e+00
9.999999e-01
9.999999e-01
9.999998e-01
9.999997e-01
9.999995e-01
9.999992e-01
9.999986e-01
9.999977e-01
9.999960e-01
9.999932e-01
9.999883e-01
9.999797e-01
9.999648e-01
9.999387e-01
9.998934e-01
9.998152e-01
9.996816e-01
9.994566e-01
9.990843e-01
9.984819e-01
9.975317e-01
9.960758e-01
9.939150e-01
9.908145e-01
9.865188e-01
9.807731e-01
9.733514e-01
9.640795e-01
9.528548e-01
9.396559e-01
9.245359e-01
9.076252e-01
8.890999e-01
8.691749e-01
8.480836e-01
8.260591e-01
8.033440e-01
7.801578e-01
7.567097e-01
7.331711e-01
7.097328e-01
6.865367e-01
6.637281e-01
6.414002e-01
6.196883e-01
5.986702e-01
5.784287e-01
5.590137e-01
5.404762e-01
5.228775e-01
5.061916e-01
4.904375e-01
4.756092e-01
4.616284e-01
4.484968e-01
4.360686e-01
4.243154e-01
4.131333e-01
4.024020e-01
3.920548e-01
3.819621e-01
3.720640e-01
3.622634e-01
3.525027e-01
3.427172e-01
3.328551e-01
3.228846e-01
3.127635e-01
3.024612e-01
2.919593e-01
2.812402e-01
2.702994e-01
2.591534e-01
2.478400e-01
2.364260e-01
2.250123e-01
2.137334e-01
2.027536e-01
1.922511e-01
1.824068e-01
1.733782e-01
1.652819e-01
1.581812e-01
1.520831e-01
1.469439e-01
1.426811e-01
1.391904e-01
1.363593e-01
1.340785e-01
1.322493e-01
1.307859e-01
1.296167e-01
1.286832e-01
1.279373e-01
1.273419e-01
1.268660e-01
1.264855e-01
1.261820e-01
1.259390e-01
1.257451e-01
1.255907e-01
1.254670e-01
1.253691e-01
1.252909e-01
1.252287e-01
1.251798e-01
1.251407e-01
1.251100e-01
1.250858e-01
1.250666e-01
1.250518e-01
1.250401e-01
1.250309e-01
1.250238e-01
1.250183e-01
1.250140e-01
1.250107e-01
1.250081e-01
1.250062e-01
1.250047e-01
1.250035e-01
1.250027e-01
1.250020e-01
1.250015e-01
1.250011e-01
1.250008e-01
1.250006e-01
1.250005e-01
1.250003e-01
1.250002e-01
1.250002e-01
1.250001e-01
1.250001e-01
1.250001e-01
1.250001e-01
1.250000e-01
1.250000e-01
1.250000e-01
1.250000e-01
1.250000e-01
1.250000e-01
1.250000e-01
1.250000e-01
1.250000e-01
1.250000e-01
1.250000e-01
1.250000e-01
1.250000e-01
1.250000e-01
1.250000e-01
1.250000e-01
1.250000e-01
1.250000e-01
1.250000e-01
1.250000e-01
1.250000e-01
1.250000e-01
1.250000e-01
1.250000e-01
1.250000e-01
1.250000e-01
1.250000e-01
1.250000e-01
1.250000e-01
1.250000e-01
1.250000e-01
1.250000e-01
1.250000e-01
1.250000e-01
1.250000e-01
1.250000e-01
1.250000e-01
1.250000e-01
1.250000e-01
1.250000e-01
1.250000e-01
1.250000e-01
1.250000e-01
1.250000e-01
1.250000e-01
1.250000e-01
1.250000e-01
1.250000e-01
1.250000e-01
1.250000e-01
1.250000e-01
1.250000e-01
1.250000e-01
1.250000e-01
1.250000e-01
1.250000e-01
1.250000e-01
1.250000e-01
1.250000e-01
1.250000e-01
1.250000e-01
1.250000e-01
1.250000e-01
1.250000e-01
1.250000e-01
1.250000e-01
1.250000e-01
1.250000e-01
1.250000e-01
1.250000e-01
1.250000e-01
1.250000e-01
1.250000e-01
1.250000e-01
1.250000e-01
1.250000e-01
1.250000e-01
1.250000e-01
1.250000e-01
1.250000e-01
1.250000e-01
1.250000e-01
1.250000e-01
1.250000e-01
1.250000e-01
1.250000e-01
1.250000e-01
1.250000e-01
1.250001e-01
1.250001e-01
1.250001e-01
1.250001e-01
1.250002e-01
1.250003e-01
1.250003e-01
1.250005e-01
1.250006e-01
1.250009e-01
1.250011e-01
1.250015e-01
1.250020e-01
1.250027e-01
1.250036e-01
1.250048e-01
1.250063e-01
1.250083e-01
1.250108e-01
1.250142e-01
1.250185e-01
1.250240e-01
1.250312e-01
1.250404e-01
1.250521e-01
1.250671e-01
1.250862e-01
1.251106e-01
1.251414e-01
1.251805e-01
1.252299e-01
1.252921e-01
1.253706e-01
1.254692e-01
1.255930e-01
1.257483e-01
1.259429e-01
1.261865e-01
1.264915e-01
1.268728e-01
1.273500e-01
1.279467e-01
1.286931e-01
1.296270e-01
1.307951e-01
1.322554e-01
1.340785e-01
1.363485e-01
1.391632e-01
1.426303e-01
1.468623e-01
1.519647e-01
1.580224e-01
1.650839e-01
1.731468e-01
1.821517e-01
1.919837e-01
2.024848e-01
2.134743e-01
2.247716e-01
2.362077e-01
2.476451e-01
2.589799e-01
2.701439e-01
2.810992e-01
2.918289e-01
3.023372e-01
3.126427e-01
3.227634e-01
3.327313e-01
3.425910e-01
3.523700e-01
3.621290e-01
3.719255e-01
3.818234e-01
3.919182e-01
4.022725e-01
4.130149e-01
4.242152e-01
4.359878e-01
4.484476e-01
4.616086e-01
4.756303e-01
4.904930e-01
