5.037753e-01
5.191386e-01
5.353130e-01
5.523187e-01
5.701163e-01
5.886950e-01
6.079676e-01
6.279101e-01
6.484372e-01
6.694812e-01
6.909422e-01
7.127284e-01
7.347237e-01
7.568117e-01
7.788340e-01
8.006528e-01
8.220969e-01
8.429829e-01
8.631209e-01
8.823049e-01
9.003405e-01
9.170360e-01
9.322200e-01
9.457580e-01
9.575563e-01
9.675863e-01
9.758803e-01
9.825360e-01
9.877088e-01
9.915952e-01
9.944157e-01
9.963921e-01
9.977300e-01
9.986059e-01
9.991619e-01
9.995050e-01
9.997116e-01
9.998336e-01
9.999045e-01
9.999453e-01
9.999686e-01
9.999819e-01
9.999895e-01
9.999939e-01
9.999964e-01
9.999979e-01
9.999987e-01
9.999992e-01
9.999995e-01
9.999997e-01
9.999998e-01
9.999999e-01
9.999999e-01
1.000000e+00
1.000000e+00
1.000000e+00
1.000000e+00
1.000000e+00
1.000000e+00
1.000000e+00
1.000000e+00
1.000000e+00
1.000000e+00
1.000000e+00
1.000000e+00
1.000000e+00
1.000000e+00
1.000000e+00
1.000000e+00
1.000000e+00
1.000000e+00
1.000000e+00
1.000000e+00
1.000000e+00
1.000000e+00
1.000000e+00
1.000000e+00
1.000000e+00
1.000000e+00
1.000000e+00
1.000000e+00
1.000000e+00
1.000000e+00
1.000000e+00
1.000000e+00
1.000000e+00
1.000000e+00
1.000000e+00
1.000000e+00
1.000000e+00
1.000000e+00
1.000000e+00
1.000000e+00
1.000000e+00
1.000000e+00
1.000000e+00
1.000000e+00
1.000000e+00
1.000000e+00
1.000000e+00
1.000000e+00
1.000000e+00
1.000000e+00
1.000000e+00
1.000000e+00
1.000000e+00
1.000000e+00
1.000000e+00
1.000000e+00
1.000000e+00
1.000000e+00
1.000000e+00
1.000000e+00
1.000000e+00
1.000000e+00
1.000000e+00
1.000000e+00
1.000000e+00
1.000000e+00
1.000000e+00
1.000000e+00
1.000000e+00
1.000000e+00
1.000000e+00
1.000000e+00
1.000000e+00
1.000000e+00
1.000000e+00
1.000000e+00
1.000000e+00
1.000000e+00
1.000000e+00
1.000000e+00
1.000000e+00
1.000000e+00
1.000000e+00
1.000000e+00
1.000000e+00
1.000000e+00
1.000000e+00
1.000000e+00
1.000000e+00
1.000000e+00
1.000000e+00
1.000000e+00
1.000000e+00
1.000000e+00
1.000000e+00
1.000000e+00
1.000000e+00
1.000000e+00
1.000000e+00
1.000000e+00
1.000000e+00
1.000000e+00
1.000000e+00
1.000000e+00
1.000000e+00
1.000000e+00
1.000000e+00
1.000000e+00
1.000000e+00
1.000000e+00
1.000000e+00
1.000000e+00
1.000000e+00
1.000000e+00
1.000000e+00
1.000000e+00
1.000000e+00
1.000000e+00
1.000000e+00
1.000000e+00
1.000000e+00
1.000000e+00
1.000000e+00
1.000000e+00
1.000000e+00
1.000000e+00
1.000000e+00
1.000000e+00
1.000000e+00
1.000000e+00
1.000000e+00
1.000000e+00
1.000000e+00
1.000000e+00
1.000000e+00
1.000000e+00
1.000000e+00
1.000000e+00
1.000000e+00
1.000000e+00
1.000000e+00
1.000000e+00
1.000000e+00
1.000000e+00
1.000000e+00
1.000000e+00
1.000000e+00
1.000000e+00
1.000000e+00
9.999999e-01
9.999999e-01
9.999999e-01
9.999998e-01
9.999996e-01
9.999994e-01
9.999990e-01
9.999983e-01
9.999972e-01
9.999953e-01
9.999921e-01
9.999865e-01
9.999770e-01
9.999606e-01
9.999324e-01
9.998843e-01
9.998029e-01
9.996664e-01
9.994409e-01
9.990752e-01
9.984943e-01
9.975940e-01
9.962365e-01
9.942492e-01
9.914302e-01
9.875593e-01
9.824153e-01
9.757973e-01
9.675443e-01
9.575523e-01
9.457834e-01
9.322622e-01
9.170808e-01
9.003741e-01
8.823150e-01
8.630980e-01
8.429202e-01
8.219919e-01
8.005055e-01
7.786474e-01
7.565905e-01
7.344748e-01
7.124585e-01
6.906599e-01
6.691953e-01
6.481524e-01
6.276355e-01
6.077103e-01
5.884586e-01
5.699055e-01
5.521346e-01
5.351621e-01
5.190199e-01
5.036970e-01
4.892008e-01
4.755315e-01
4.626179e-01
4.504525e-01
4.389512e-01
4.280339e-01
4.176620e-01
4.077013e-01
3.981120e-01
3.887890e-01
3.796597e-01
3.706543e-01
3.617074e-01
3.527773e-01
3.438090e-01
3.347740e-01
3.256429e-01
3.163847e-01
3.069794e-01
2.974041e-01
2.876385e-01
2.776675e-01
2.674847e-01
2.571012e-01
2.465442e-01
2.358681e-01
2.251571e-01
2.145251e-01
2.041144e-01
1.940827e-01
1.845941e-01
1.757980e-01
1.678124e-01
1.607130e-01
1.545265e-01
1.492334e-01
1.447763e-01
1.410719e-01
1.380246e-01
1.355364e-01
1.335152e-01
1.318787e-01
1.305558e-01
1.294874e-01
1.286248e-01
1.279276e-01
1.273644e-01
1.269092e-01
1.265405e-01
1.262427e-01
1.260017e-01
1.258063e-01
1.256488e-01
1.255213e-01
1.254180e-01
1.253352e-01
1.252681e-01
1.252140e-01
1.251708e-01
1.251358e-01
1.251078e-01
1.250857e-01
1.250676e-01
1.250534e-01
1.250422e-01
1.250331e-01
1.250260e-01
1.250204e-01
1.250158e-01
1.250124e-01
1.250096e-01
1.250074e-01
1.250058e-01
1.250045e-01
1.250034e-01
1.250026e-01
1.250020e-01
1.250015e-01
1.250012e-01
1.250009e-01
1.250007e-01
1.250005e-01
1.250004e-01
1.250003e-01
1.250002e-01
1.250002e-01
1.250001e-01
1.250001e-01
1.250001e-01
1.250000e-01
1.250000e-01
1.250000e-01
1.250000e-01
1.250000e-01
1.250000e-01
1.250000e-01
1.250000e-01
1.250000e-01
1.250000e-01
1.250000e-01
1.250000e-01
1.250000e-01
1.250000e-01
1.250000e-01
1.250000e-01
1.250000e-01
1.250000e-01
1.250000e-01
1.250000e-01
1.250000e-01
1.250000e-01
1.250000e-01
1.250000e-01
1.250000e-01
1.250000e-01
1.250000e-01
1.250000e-01
1.250000e-01
1.250000e-01
1.250000e-01
1.250000e-01
1.250000e-01
1.250000e-01
1.250000e-01
1.250000e-01
1.250000e-01
1.250000e-01
1.250000e-01
1.250000e-01
1.250000e-01
1.250000e-01
1.250000e-01
1.250000e-01
1.250000e-01
1.250000e-01
1.250000e-01
1.250000e-01
1.250000e-01
1.250000e-01
1.250000e-01
1.250000e-01
1.250000e-01
1.250000e-01
1.250000e-01
1.250000e-01
1.250000e-01
1.250000e-01
1.250000e-01
1.250000e-01
1.250000e-01
1.250000e-01
1.250000e-01
1.250000e-01
1.250000e-01
1.250000e-01
1.250000e-01
1.250000e-01
1.250000e-01
1.250000e-01
1.250000e-01
1.250000e-01
1.250000e-01
1.250000e-01
1.250000e-01
1.250000e-01
1.250000e-01
1.250001e-01
1.250001e-01
1.250001e-01
1.250001e-01
1.250002e-01
1.250002e-01
1.250003e-01
1.250004e-01
1.250005e-01
1.250007e-01
1.250009e-01
1.250012e-01
1.250016e-01
1.250021e-01
1.250027e-01
1.250035e-01
1.250045e-01
1.250058e-01
1.250075e-01
1.250097e-01
1.250125e-01
1.250160e-01
1.250205e-01
1.250262e-01
1.250333e-01
1.250424e-01
1.250537e-01
1.250680e-01
1.250859e-01
1.251084e-01
1.251364e-01
1.251714e-01
1.252149e-01
1.252691e-01
1.253363e-01
1.254198e-01
1.255231e-01
1.256511e-01
1.258094e-01
1.260052e-01
1.262471e-01
1.265460e-01
1.269154e-01
1.273719e-01
1.279361e-01
1.286337e-01
1.294968e-01
1.305644e-01
1.318849e-01
1.335168e-01
1.355297e-01
1.380051e-01
1.410339e-01
1.447133e-01
1.491395e-01
1.543970e-01
1.605462e-01
1.676109e-01
1.755680e-01
1.843452e-01
1.938251e-01
2.038580e-01
2.142794e-01
2.249295e-01
2.356618e-01
2.463596e-01
2.569367e-01
2.673379e-01
2.775340e-01
2.875151e-01
2.972874e-01
3.068667e-01
3.162727e-01
3.255290e-01
3.346560e-01
3.436891e-01
3.526514e-01
3.615794e-01
3.705217e-01
3.795270e-01
3.886562e-01
3.979873e-01
4.075809e-01
4.175559e-01
4.279424e-01
4.388852e-01
4.504131e-01
4.626063e-01
4.755545e-01
4.892538e-01
