5.187574e-01
5.434930e-01
5.697070e-01
5.974003e-01
6.263073e-01
6.563011e-01
6.870548e-01
7.183060e-01
7.497035e-01
7.808170e-01
8.112450e-01
8.405231e-01
8.681426e-01
8.936433e-01
9.165837e-01
9.366031e-01
9.534756e-01
9.671438e-01
9.777369e-01
9.855545e-01
9.910333e-01
9.946716e-01
9.969608e-01
9.983283e-01
9.991075e-01
9.995338e-01
9.997597e-01
9.998767e-01
9.999366e-01
9.999671e-01
9.999828e-01
9.999909e-01
9.999951e-01
9.999973e-01
9.999985e-01
9.999992e-01
9.999995e-01
9.999997e-01
9.999999e-01
9.999999e-01
1.000000e+00
1.000000e+00
1.000000e+00
1.000000e+00
1.000000e+00
1.000000e+00
1.000000e+00
1.000000e+00
1.000000e+00
1.000000e+00
1.000000e+00
1.000000e+00
1.000000e+00
1.000000e+00
1.000000e+00
1.000000e+00
1.000000e+00
1.000000e+00
1.000000e+00
1.000000e+00
1.000000e+00
1.000000e+00
1.000000e+00
1.000000e+00
1.000000e+00
1.000000e+00
1.000000e+00
1.000000e+00
1.000000e+00
1.000000e+00
1.000000e+00
1.000000e+00
1.000000e+00
1.000000e+00
1.000000e+00
1.000000e+00
1.000000e+00
1.000000e+00
1.000000e+00
1.000000e+00
1.000000e+00
1.000000e+00
1.000000e+00
1.000000e+00
1.000000e+00
1.000000e+00
1.000000e+00
1.000000e+00
1.000000e+00
1.000000e+00
1.000000e+00
1.000000e+00
1.000000e+00
1.000000e+00
1.000000e+00
1.000000e+00
1.000000e+00
1.000000e+00
1.000000e+00
1.000000e+00
1.000000e+00
1.000000e+00
1.000000e+00
1.000000e+00
1.000000e+00
1.000000e+00
1.000000e+00
1.000000e+00
1.000000e+00
1.000000e+00
1.000000e+00
1.000000e+00
1.000000e+00
1.000000e+00
1.000000e+00
1.000000e+00
1.000000e+00
1.000000e+00
1.000000e+00
1.000000e+00
1.000000e+00
1.000000e+00
1.000000e+00
1.000000e+00
1.000000e+00
1.000000e+00
1.000000e+00
1.000000e+00
1.000000e+00
1.000000e+00
1.000000e+00
1.000000e+00
1.000000e+00
1.000000e+00
1.000000e+00
1.000000e+00
1.000000e+00
1.000000e+00
1.000000e+00
1.000000e+00
1.000000e+00
1.000000e+00
1.000000e+00
1.000000e+00
1.000000e+00
1.000000e+00
1.000000e+00
1.000000e+00
1.000000e+00
1.000000e+00
1.000000e+00
1.000000e+00
1.000000e+00
1.000000e+00
1.000000e+00
1.000000e+00
1.000000e+00
1.000000e+00
1.000000e+00
1.000000e+00
1.000000e+00
1.000000e+00
1.000000e+00
1.000000e+00
1.000000e+00
1.000000e+00
1.000000e+00
1.000000e+00
1.000000e+00
1.000000e+00
1.000000e+00
1.000000e+00
1.000000e+00
1.000000e+00
1.000000e+00
1.000000e+00
1.000000e+00
1.000000e+00
1.000000e+00
1.000000e+00
1.000000e+00
1.000000e+00
1.000000e+00
1.000000e+00
1.000000e+00
1.000000e+00
1.000000e+00
1.000000e+00
1.000000e+00
1.000000e+00
1.000000e+00
1.000000e+00
1.000000e+00
1.000000e+00
1.000000e+00
1.000000e+00
1.000000e+00
1.000000e+00
1.000000e+00
1.000000e+00
1.000000e+00
1.000000e+00
1.000000e+00
1.000000e+00
1.000000e+00
1.000000e+00
1.000000e+00
1.000000e+00
1.000000e+00
1.000000e+00
1.000000e+00
1.000000e+00
1.000000e+00
1.000000e+00
1.000000e+00
9.999999e-01
9.999999e-01
9.999998e-01
9.999997e-01
9.999994e-01
9.999989e-01
9.999980e-01
9.999964e-01
9.999934e-01
9.999877e-01
9.999770e-01
9.999566e-01
9.999181e-01
9.998450e-01
9.997077e-01
9.994530e-01
9.989897e-01
9.981696e-01
9.967654e-01
9.944552e-01
9.908222e-01
9.853789e-01
9.776211e-01
9.670983e-01
9.534914e-01
9.366567e-01
9.166416e-01
8.936739e-01
8.681185e-01
8.404265e-01
8.110710e-01
7.805698e-01
7.493960e-01
7.179580e-01
6.866879e-01
6.559345e-01
6.259661e-01
5.970962e-01
5.694573e-01
5.432963e-01
5.186502e-01
4.956087e-01
4.741667e-01
4.542337e-01
4.355817e-01
4.181107e-01
4.015738e-01
3.857543e-01
3.704410e-01
3.554218e-01
3.405240e-01
3.255976e-01
3.105288e-01
2.952590e-01
2.797712e-01
2.641189e-01
2.484187e-01
2.328545e-01
2.176772e-01
2.031856e-01
1.896925e-01
1.774869e-01
1.667884e-01
1.577052e-01
1.502241e-01
1.442283e-01
1.395303e-01
1.359126e-01
1.331608e-01
1.310844e-01
1.295254e-01
1.283583e-01
1.274864e-01
1.268359e-01
1.263517e-01
1.259918e-01
1.257251e-01
1.255279e-01
1.253828e-01
1.252761e-01
1.251984e-01
1.251417e-01
1.251008e-01
1.250712e-01
1.250501e-01
1.250350e-01
1.250244e-01
1.250169e-01
1.250116e-01
1.250079e-01
1.250054e-01
1.250036e-01
1.250024e-01
1.250016e-01
1.250011e-01
1.250007e-01
1.250005e-01
1.250003e-01
1.250002e-01
1.250001e-01
1.250001e-01
1.250001e-01
1.250000e-01
1.250000e-01
1.250000e-01
1.250000e-01
1.250000e-01
1.250000e-01
1.250000e-01
1.250000e-01
1.250000e-01
1.250000e-01
1.250000e-01
1.250000e-01
1.250000e-01
1.250000e-01
1.250000e-01
1.250000e-01
1.250000e-01
1.250000e-01
1.250000e-01
1.250000e-01
1.250000e-01
1.250000e-01
1.250000e-01
1.250000e-01
1.250000e-01
1.250000e-01
1.250000e-01
1.250000e-01
1.250000e-01
1.250000e-01
1.250000e-01
1.250000e-01
1.250000e-01
1.250000e-01
1.250000e-01
1.250000e-01
1.250000e-01
1.250000e-01
1.250000e-01
1.250000e-01
1.250000e-01
1.250000e-01
1.250000e-01
1.250000e-01
1.250000e-01
1.250000e-01
1.250000e-01
1.250000e-01
1.250000e-01
1.250000e-01
1.250000e-01
1.250000e-01
1.250000e-01
1.250000e-01
1.250000e-01
1.250000e-01
1.250000e-01
1.250000e-01
1.250000e-01
1.250000e-01
1.250000e-01
1.250000e-01
1.250000e-01
1.250000e-01
1.250000e-01
1.250000e-01
1.250000e-01
1.250000e-01
1.250000e-01
1.250000e-01
1.250000e-01
1.250000e-01
1.250000e-01
1.250000e-01
1.250000e-01
1.250000e-01
1.250000e-01
1.250000e-01
1.250000e-01
1.250000e-01
1.250000e-01
1.250000e-01
1.250000e-01
1.250000e-01
1.250000e-01
1.250000e-01
1.250000e-01
1.250000e-01
1.250000e-01
1.250000e-01
1.250000e-01
1.250000e-01
1.250000e-01
1.250000e-01
1.250000e-01
1.250000e-01
1.250000e-01
1.250000e-01
1.250000e-01
1.250000e-01
1.250000e-01
1.250000e-01
1.250000e-01
1.250000e-01
1.250000e-01
1.250000e-01
1.250000e-01
1.250000e-01
1.250000e-01
1.250000e-01
1.250000e-01
1.250000e-01
1.250000e-01
1.250000e-01
1.250000e-01
1.250000e-01
1.250000e-01
1.250000e-01
1.250000e-01
1.250000e-01
1.250000e-01
1.250000e-01
1.250000e-01
1.250000e-01
1.250000e-01
1.250000e-01
1.250000e-01
1.250000e-01
1.250000e-01
1.250000e-01
1.250000e-01
1.250000e-01
1.250000e-01
1.250000e-01
1.250001e-01
1.250001e-01
1.250001e-01
1.250002e-01
1.250003e-01
1.250005e-01
1.250008e-01
1.250012e-01
1.250017e-01
1.250026e-01
1.250038e-01
1.250057e-01
1.250083e-01
1.250120e-01
1.250174e-01
1.250251e-01
1.250359e-01
1.250512e-01
1.250726e-01
1.251025e-01
1.251438e-01
1.252009e-01
1.252794e-01
1.253867e-01
1.255329e-01
1.257314e-01
1.259997e-01
1.263616e-01
1.268482e-01
1.275011e-01
1.283750e-01
1.295428e-01
1.310997e-01
1.331685e-01
1.359044e-01
1.394947e-01
1.441517e-01
1.500942e-01
1.575151e-01
1.665404e-01
1.771918e-01
1.893670e-01
2.028510e-01
2.173545e-01
2.325579e-01
2.481537e-01
2.638863e-01
2.795672e-01
2.950732e-01
3.103566e-01
3.254313e-01
3.403588e-01
3.552543e-01
3.702725e-01
3.855905e-01
4.014226e-01
4.179727e-01
4.354731e-01
4.541731e-01
4.741623e-01
4.956776e-01
