5.013566e-01
5.154654e-01
5.303067e-01
5.458922e-01
5.622025e-01
5.792126e-01
5.968668e-01
6.151546e-01
6.340099e-01
6.533784e-01
6.731850e-01
6.933669e-01
7.138360e-01
7.345012e-01
7.552651e-01
7.759978e-01
7.965871e-01
8.168907e-01
8.367591e-01
8.560356e-01
8.745431e-01
8.921159e-01
9.085836e-01
9.237874e-01
9.375885e-01
9.498801e-01
9.605942e-01
9.697164e-01
9.772844e-01
9.833893e-01
9.881695e-01
9.917969e-01
9.944622e-01
9.963580e-01
9.976638e-01
9.985356e-01
9.991009e-01
9.994576e-01
9.996774e-01
9.998102e-01
9.998892e-01
9.999355e-01
9.999625e-01
9.999781e-01
9.999872e-01
9.999924e-01
9.999955e-01
9.999973e-01
9.999984e-01
9.999990e-01
9.999994e-01
9.999996e-01
9.999998e-01
9.999999e-01
9.999999e-01
9.999999e-01
1.000000e+00
1.000000e+00
1.000000e+00
1.000000e+00
1.000000e+00
1.000000e+00
1.000000e+00
1.000000e+00
1.000000e+00
1.000000e+00
1.000000e+00
1.000000e+00
1.000000e+00
1.000000e+00
1.000000e+00
1.000000e+00
1.000000e+00
1.000000e+00
1.000000e+00
1.000000e+00
1.000000e+00
1.000000e+00
1.000000e+00
1.000000e+00
1.000000e+00
1.000000e+00
1.000000e+00
1.000000e+00
1.000000e+00
1.000000e+00
1.000000e+00
1.000000e+00
1.000000e+00
1.000000e+00
1.000000e+00
1.000000e+00
1.000000e+00
1.000000e+00
1.000000e+00
1.000000e+00
1.000000e+00
1.000000e+00
1.000000e+00
1.000000e+00
1.000000e+00
1.000000e+00
1.000000e+00
1.000000e+00
1.000000e+00
1.000000e+00
1.000000e+00
1.000000e+00
1.000000e+00
1.000000e+00
1.000000e+00
1.000000e+00
1.000000e+00
1.000000e+00
1.000000e+00
1.000000e+00
1.000000e+00
1.000000e+00
1.000000e+00
1.000000e+00
1.000000e+00
1.000000e+00
1.000000e+00
1.000000e+00
1.000000e+00
1.000000e+00
1.000000e+00
1.000000e+00
1.000000e+00
1.000000e+00
1.000000e+00
1.000000e+00
1.000000e+00
1.000000e+00
1.000000e+00
1.000000e+00
1.000000e+00
1.000000e+00
1.000000e+00
1.000000e+00
1.000000e+00
1.000000e+00
1.000000e+00
1.000000e+00
1.000000e+00
1.000000e+00
1.000000e+00
1.000000e+00
1.000000e+00
1.000000e+00
1.000000e+00
1.000000e+00
1.000000e+00
1.000000e+00
1.000000e+00
1.000000e+00
1.000000e+00
1.000000e+00
1.000000e+00
1.000000e+00
1.000000e+00
1.000000e+00
1.000000e+00
1.000000e+00
1.000000e+00
1.000000e+00
1.000000e+00
1.000000e+00
1.000000e+00
1.000000e+00
1.000000e+00
1.000000e+00
1.000000e+00
1.000000e+00
1.000000e+00
1.000000e+00
1.000000e+00
1.000000e+00
1.000000e+00
1.000000e+00
1.000000e+00
1.000000e+00
1.000000e+00
1.000000e+00
1.000000e+00
1.000000e+00
1.000000e+00
1.000000e+00
1.000000e+00
1.000000e+00
1.000000e+00
1.000000e+00
1.000000e+00
1.000000e+00
1.000000e+00
1.000000e+00
1.000000e+00
1.000000e+00
1.000000e+00
1.000000e+00
9.999999e-01
9.999999e-01
9.999998e-01
9.999997e-01
9.999995e-01
9.999992e-01
9.999987e-01
9.999979e-01
9.999965e-01
9.999942e-01
9.999903e-01
9.999837e-01
9.999724e-01
9.999534e-01
9.999213e-01
9.998674e-01
9.997779e-01
9.996309e-01
9.993931e-01
9.990151e-01
9.984269e-01
9.975330e-01
9.962093e-01
9.943034e-01
9.916388e-01
9.880242e-01
9.832687e-01
9.771967e-01
9.696659e-01
9.605794e-01
9.498950e-01
9.376231e-01
9.238302e-01
9.086221e-01
8.921390e-01
8.745413e-01
8.560017e-01
8.366891e-01
8.167824e-01
7.964413e-01
7.758175e-01
7.550542e-01
7.342657e-01
7.135813e-01
6.930999e-01
6.729133e-01
6.531063e-01
6.337452e-01
6.149015e-01
5.966313e-01
5.789960e-01
5.620105e-01
5.457264e-01
5.301693e-01
5.153556e-01
5.012823e-01
4.879434e-01
4.753400e-01
4.634128e-01
4.521462e-01
4.414958e-01
4.313684e-01
4.217373e-01
4.125127e-01
4.036126e-01
3.949912e-01
3.865479e-01
3.782531e-01
3.700337e-01
3.618384e-01
3.536452e-01
3.454049e-01
3.371118e-01
3.287295e-01
3.202526e-01
3.116570e-01
3.029227e-01
2.940360e-01
2.849744e-01
2.757214e-01
2.662664e-01
2.566118e-01
2.467749e-01
2.367954e-01
2.267390e-01
2.166990e-01
2.067950e-01
1.971648e-01
1.879564e-01
1.793123e-01
1.713536e-01
1.641691e-01
1.578068e-01
1.522733e-01
1.475372e-01
1.435387e-01
1.402002e-01
1.374365e-01
1.351626e-01
1.332994e-01
1.317768e-01
1.305338e-01
1.295198e-01
1.286927e-01
1.280172e-01
1.274655e-01
1.270150e-01
1.266462e-01
1.263445e-01
1.260980e-01
1.258959e-01
1.257303e-01
1.255954e-01
1.254846e-01
1.253938e-01
1.253201e-01
1.252597e-01
1.252101e-01
1.251702e-01
1.251375e-01
1.251107e-01
1.250893e-01
1.250718e-01
1.250575e-01
1.250462e-01
1.250370e-01
1.250294e-01
1.250235e-01
1.250187e-01
1.250148e-01
1.250117e-01
1.250093e-01
1.250073e-01
1.250058e-01
1.250045e-01
1.250035e-01
1.250028e-01
1.250022e-01
1.250017e-01
1.250013e-01
1.250010e-01
1.250008e-01
1.250006e-01
1.250005e-01
1.250004e-01
1.250003e-01
1.250002e-01
1.250002e-01
1.250001e-01
1.250001e-01
1.250001e-01
1.250001e-01
1.250000e-01
1.250000e-01
1.250000e-01
1.250000e-01
1.250000e-01
1.250000e-01
1.250000e-01
1.250000e-01
1.250000e-01
1.250000e-01
1.250000e-01
1.250000e-01
1.250000e-01
1.250000e-01
1.250000e-01
1.250000e-01
1.250000e-01
1.250000e-01
1.250000e-01
1.250000e-01
1.250000e-01
1.250000e-01
1.250000e-01
1.250000e-01
1.250000e-01
1.250000e-01
1.250000e-01
1.250000e-01
1.250000e-01
1.250000e-01
1.250000e-01
1.250000e-01
1.250000e-01
1.250000e-01
1.250000e-01
1.250000e-01
1.250000e-01
1.250000e-01
1.250000e-01
1.250000e-01
1.250000e-01
1.250000e-01
1.250000e-01
1.250000e-01
1.250000e-01
1.250000e-01
1.250000e-01
1.250000e-01
1.250000e-01
1.250000e-01
1.250000e-01
1.250000e-01
1.250000e-01
1.250000e-01
1.250000e-01
1.250000e-01
1.250000e-01
1.250000e-01
1.250000e-01
1.250000e-01
1.250000e-01
1.250000e-01
1.250000e-01
1.250000e-01
1.250001e-01
1.250001e-01
1.250001e-01
1.250001e-01
1.250002e-01
1.250002e-01
1.250003e-01
1.250004e-01
1.250005e-01
1.250006e-01
1.250008e-01
1.250010e-01
1.250013e-01
1.250017e-01
1.250022e-01
1.250028e-01
1.250036e-01
1.250046e-01
1.250058e-01
1.250074e-01
1.250094e-01
1.250118e-01
1.250149e-01
1.250188e-01
1.250236e-01
1.250296e-01
1.250371e-01
1.250464e-01
1.250578e-01
1.250720e-01
1.250896e-01
1.251112e-01
1.251379e-01
1.251707e-01
1.252110e-01
1.252604e-01
1.253210e-01
1.253953e-01
1.254861e-01
1.255972e-01
1.257329e-01
1.258988e-01
1.261015e-01
1.263490e-01
1.266513e-01
1.270209e-01
1.274726e-01
1.280249e-01
1.287008e-01
1.295283e-01
1.305415e-01
1.317824e-01
1.333012e-01
1.351575e-01
1.374207e-01
1.401691e-01
1.434865e-01
1.474585e-01
1.521633e-01
1.576628e-01
1.639914e-01
1.711461e-01
1.790821e-01
1.877127e-01
1.969168e-01
2.065514e-01
2.164680e-01
2.265262e-01
2.366032e-01
2.466031e-01
2.564585e-01
2.661293e-01
2.755972e-01
2.848594e-01
2.939274e-01
3.028177e-01
3.115521e-01
3.201465e-01
3.286225e-01
3.370004e-01
3.452902e-01
3.535252e-01
3.617148e-01
3.699070e-01
3.781277e-01
3.864206e-01
3.948676e-01
4.034926e-01
4.124051e-01
4.216447e-01
4.312913e-01
4.414417e-01
4.521136e-01
4.634085e-01
4.753638e-01
4.879950e-01
