5.012845e-01
5.153572e-01
5.301603e-01
5.457049e-01
5.619720e-01
5.789366e-01
5.965445e-01
6.147845e-01
6.335910e-01
6.529100e-01
6.726684e-01
6.928024e-01
7.132253e-01
7.338474e-01
7.545713e-01
7.752688e-01
7.958285e-01
8.161095e-01
8.359635e-01
8.552346e-01
8.737474e-01
8.913368e-01
9.078326e-01
9.230765e-01
9.369283e-01
9.492806e-01
9.600625e-01
9.692572e-01
9.768987e-01
9.830751e-01
9.879214e-01
9.916074e-01
9.943223e-01
9.962581e-01
9.975948e-01
9.984894e-01
9.990708e-01
9.994385e-01
9.996656e-01
9.998031e-01
9.998849e-01
9.999329e-01
9.999610e-01
9.999772e-01
9.999867e-01
9.999921e-01
9.999953e-01
9.999972e-01
9.999983e-01
9.999990e-01
9.999994e-01
9.999996e-01
9.999998e-01
9.999998e-01
9.999999e-01
9.999999e-01
1.000000e+00
1.000000e+00
1.000000e+00
1.000000e+00
1.000000e+00
1.000000e+00
1.000000e+00
1.000000e+00
1.000000e+00
1.000000e+00
1.000000e+00
1.000000e+00
1.000000e+00
1.000000e+00
1.000000e+00
1.000000e+00
1.000000e+00
1.000000e+00
1.000000e+00
1.000000e+00
1.000000e+00
1.000000e+00
1.000000e+00
1.000000e+00
1.000000e+00
1.000000e+00
1.000000e+00
1.000000e+00
1.000000e+00
1.000000e+00
1.000000e+00
1.000000e+00
1.000000e+00
1.000000e+00
1.000000e+00
1.000000e+00
1.000000e+00
1.000000e+00
1.000000e+00
1.000000e+00
1.000000e+00
1.000000e+00
1.000000e+00
1.000000e+00
1.000000e+00
1.000000e+00
1.000000e+00
1.000000e+00
1.000000e+00
1.000000e+00
1.000000e+00
1.000000e+00
1.000000e+00
1.000000e+00
1.000000e+00
1.000000e+00
1.000000e+00
1.000000e+00
1.000000e+00
1.000000e+00
1.000000e+00
1.000000e+00
1.000000e+00
1.000000e+00
1.000000e+00
1.000000e+00
1.000000e+00
1.000000e+00
1.000000e+00
1.000000e+00
1.000000e+00
1.000000e+00
1.000000e+00
1.000000e+00
1.000000e+00
1.000000e+00
1.000000e+00
1.000000e+00
1.000000e+00
1.000000e+00
1.000000e+00
1.000000e+00
1.000000e+00
1.000000e+00
1.000000e+00
1.000000e+00
1.000000e+00
1.000000e+00
1.000000e+00
1.000000e+00
1.000000e+00
1.000000e+00
1.000000e+00
1.000000e+00
1.000000e+00
1.000000e+00
1.000000e+00
1.000000e+00
1.000000e+00
1.000000e+00
1.000000e+00
1.000000e+00
1.000000e+00
1.000000e+00
1.000000e+00
1.000000e+00
1.000000e+00
1.000000e+00
1.000000e+00
1.000000e+00
1.000000e+00
1.000000e+00
1.000000e+00
1.000000e+00
1.000000e+00
1.000000e+00
1.000000e+00
1.000000e+00
1.000000e+00
1.000000e+00
1.000000e+00
1.000000e+00
1.000000e+00
1.000000e+00
1.000000e+00
1.000000e+00
1.000000e+00
1.000000e+00
1.000000e+00
1.000000e+00
1.000000e+00
1.000000e+00
1.000000e+00
1.000000e+00
1.000000e+00
1.000000e+00
1.000000e+00
1.000000e+00
1.000000e+00
1.000000e+00
1.000000e+00
1.000000e+00
1.000000e+00
1.000000e+00
9.999999e-01
9.999999e-01
9.999998e-01
9.999997e-01
9.999995e-01
9.999992e-01
9.999987e-01
9.999978e-01
9.999964e-01
9.999940e-01
9.999899e-01
9.999830e-01
9.999714e-01
9.999516e-01
9.999183e-01
9.998625e-01
9.997699e-01
9.996180e-01
9.993727e-01
9.989836e-01
9.983793e-01
9.974628e-01
9.961087e-01
9.941634e-01
9.914500e-01
9.877775e-01
9.829563e-01
9.768132e-01
9.692087e-01
9.600495e-01
9.492967e-01
9.369635e-01
9.231191e-01
9.078706e-01
8.913588e-01
8.737444e-01
8.551993e-01
8.358920e-01
8.159998e-01
7.956816e-01
7.750878e-01
7.543598e-01
7.336116e-01
7.129707e-01
6.925356e-01
6.723971e-01
6.526383e-01
6.333268e-01
6.145320e-01
5.963096e-01
5.787207e-01
5.617805e-01
5.455396e-01
5.300233e-01
5.152477e-01
5.012104e-01
4.879049e-01
4.753325e-01
4.634340e-01
4.521936e-01
4.415679e-01
4.314635e-01
4.218538e-01
4.126510e-01
4.037711e-01
3.951695e-01
3.867465e-01
3.784715e-01
3.702731e-01
3.620988e-01
3.539273e-01
3.457090e-01
3.374394e-01
3.290810e-01
3.206299e-01
3.120610e-01
3.033553e-01
2.944987e-01
2.854692e-01
2.762493e-01
2.668282e-01
2.572070e-01
2.474016e-01
2.374498e-01
2.274151e-01
2.173885e-01
2.074873e-01
1.978482e-01
1.886180e-01
1.799401e-01
1.719372e-01
1.647006e-01
1.582818e-01
1.526903e-01
1.478978e-01
1.438467e-01
1.404606e-01
1.376551e-01
1.353451e-01
1.334513e-01
1.319029e-01
1.306386e-01
1.296067e-01
1.287648e-01
1.280772e-01
1.275153e-01
1.270564e-01
1.266808e-01
1.263732e-01
1.261219e-01
1.259158e-01
1.257469e-01
1.256091e-01
1.254961e-01
1.254033e-01
1.253280e-01
1.252663e-01
1.252156e-01
1.251747e-01
1.251413e-01
1.251138e-01
1.250918e-01
1.250739e-01
1.250592e-01
1.250476e-01
1.250381e-01
1.250304e-01
1.250242e-01
1.250193e-01
1.250153e-01
1.250121e-01
1.250096e-01
1.250076e-01
1.250060e-01
1.250047e-01
1.250037e-01
1.250029e-01
1.250023e-01
1.250018e-01
1.250014e-01
1.250011e-01
1.250008e-01
1.250006e-01
1.250005e-01
1.250004e-01
1.250003e-01
1.250002e-01
1.250002e-01
1.250001e-01
1.250001e-01
1.250001e-01
1.250001e-01
1.250000e-01
1.250000e-01
1.250000e-01
1.250000e-01
1.250000e-01
1.250000e-01
1.250000e-01
1.250000e-01
1.250000e-01
1.250000e-01
1.250000e-01
1.250000e-01
1.250000e-01
1.250000e-01
1.250000e-01
1.250000e-01
1.250000e-01
1.250000e-01
1.250000e-01
1.250000e-01
1.250000e-01
1.250000e-01
1.250000e-01
1.250000e-01
1.250000e-01
1.250000e-01
1.250000e-01
1.250000e-01
1.250000e-01
1.250000e-01
1.250000e-01
1.250000e-01
1.250000e-01
1.250000e-01
1.250000e-01
1.250000e-01
1.250000e-01
1.250000e-01
1.250000e-01
1.250000e-01
1.250000e-01
1.250000e-01
1.250000e-01
1.250000e-01
1.250000e-01
1.250000e-01
1.250000e-01
1.250000e-01
1.250000e-01
1.250000e-01
1.250000e-01
1.250000e-01
1.250000e-01
1.250000e-01
1.250000e-01
1.250000e-01
1.250000e-01
1.250000e-01
1.250000e-01
1.250000e-01
1.250000e-01
1.250000e-01
1.250000e-01
1.250000e-01
1.250001e-01
1.250001e-01
1.250001e-01
1.250001e-01
1.250002e-01
1.250002e-01
1.250003e-01
1.250004e-01
1.250005e-01
1.250007e-01
1.250008e-01
1.250011e-01
1.250014e-01
1.250018e-01
1.250023e-01
1.250029e-01
1.250037e-01
1.250048e-01
1.250060e-01
1.250077e-01
1.250097e-01
1.250122e-01
1.250154e-01
1.250194e-01
1.250244e-01
1.250306e-01
1.250382e-01
1.250478e-01
1.250596e-01
1.250741e-01
1.250922e-01
1.251143e-01
1.251416e-01
1.251752e-01
1.252165e-01
1.252670e-01
1.253290e-01
1.254048e-01
1.254976e-01
1.256110e-01
1.257496e-01
1.259188e-01
1.261254e-01
1.263778e-01
1.266859e-01
1.270624e-01
1.275224e-01
1.280848e-01
1.287730e-01
1.296151e-01
1.306461e-01
1.319083e-01
1.334526e-01
1.353392e-01
1.376382e-01
1.404279e-01
1.437925e-01
1.478168e-01
1.525778e-01
1.581352e-01
1.645206e-01
1.717279e-01
1.797088e-01
1.883739e-01
1.976005e-01
2.072447e-01
2.171589e-01
2.272040e-01
2.372593e-01
2.472314e-01
2.570550e-01
2.666924e-01
2.761259e-01
2.853548e-01
2.943907e-01
3.032506e-01
3.119565e-01
3.205239e-01
3.289740e-01
3.373283e-01
3.455941e-01
3.538074e-01
3.619752e-01
3.701468e-01
3.783461e-01
3.866193e-01
3.950461e-01
4.036514e-01
4.125438e-01
4.217616e-01
4.313869e-01
4.415140e-01
4.521612e-01
4.634298e-01
4.753564e-01
4.879565e-01
