5.096466e-01
5.283492e-01
5.480740e-01
5.688957e-01
5.907077e-01
6.134043e-01
6.369435e-01
6.611926e-01
6.859874e-01
7.112082e-01
7.366567e-01
7.621476e-01
7.874435e-01
8.123169e-01
8.364985e-01
8.597111e-01
8.816606e-01
9.020702e-01
9.206748e-01
9.372566e-01
9.516526e-01
9.637951e-01
9.737089e-01
9.815199e-01
9.874423e-01
9.917546e-01
9.947669e-01
9.967849e-01
9.980830e-01
9.988865e-01
9.993670e-01
9.996460e-01
9.998041e-01
9.998921e-01
9.999406e-01
9.999672e-01
9.999817e-01
9.999897e-01
9.999942e-01
9.999967e-01
9.999981e-01
9.999989e-01
9.999993e-01
9.999996e-01
9.999998e-01
9.999999e-01
9.999999e-01
9.999999e-01
1.000000e+00
1.000000e+00
1.000000e+00
1.000000e+00
1.000000e+00
1.000000e+00
1.000000e+00
1.000000e+00
1.000000e+00
1.000000e+00
1.000000e+00
1.000000e+00
1.000000e+00
1.000000e+00
1.000000e+00
1.000000e+00
1.000000e+00
1.000000e+00
1.000000e+00
1.000000e+00
1.000000e+00
1.000000e+00
1.000000e+00
1.000000e+00
1.000000e+00
1.000000e+00
1.000000e+00
1.000000e+00
1.000000e+00
1.000000e+00
1.000000e+00
1.000000e+00
1.000000e+00
1.000000e+00
1.000000e+00
1.000000e+00
1.000000e+00
1.000000e+00
1.000000e+00
1.000000e+00
1.000000e+00
1.000000e+00
1.000000e+00
1.000000e+00
1.000000e+00
1.000000e+00
1.000000e+00
1.000000e+00
1.000000e+00
1.000000e+00
1.000000e+00
1.000000e+00
1.000000e+00
1.000000e+00
1.000000e+00
1.000000e+00
1.000000e+00
1.000000e+00
1.000000e+00
1.000000e+00
1.000000e+00
1.000000e+00
1.000000e+00
1.000000e+00
1.000000e+00
1.000000e+00
1.000000e+00
1.000000e+00
1.000000e+00
1.000000e+00
1.000000e+00
1.000000e+00
1.000000e+00
1.000000e+00
1.000000e+00
1.000000e+00
1.000000e+00
1.000000e+00
1.000000e+00
1.000000e+00
1.000000e+00
1.000000e+00
1.000000e+00
1.000000e+00
1.000000e+00
1.000000e+00
1.000000e+00
1.000000e+00
1.000000e+00
1.000000e+00
1.000000e+00
1.000000e+00
1.000000e+00
1.000000e+00
1.000000e+00
1.000000e+00
1.000000e+00
1.000000e+00
1.000000e+00
1.000000e+00
1.000000e+00
1.000000e+00
1.000000e+00
1.000000e+00
1.000000e+00
1.000000e+00
1.000000e+00
1.000000e+00
1.000000e+00
1.000000e+00
1.000000e+00
1.000000e+00
1.000000e+00
1.000000e+00
1.000000e+00
1.000000e+00
1.000000e+00
1.000000e+00
1.000000e+00
1.000000e+00
1.000000e+00
1.000000e+00
1.000000e+00
1.000000e+00
1.000000e+00
1.000000e+00
1.000000e+00
1.000000e+00
1.000000e+00
1.000000e+00
1.000000e+00
1.000000e+00
1.000000e+00
1.000000e+00
1.000000e+00
1.000000e+00
1.000000e+00
1.000000e+00
1.000000e+00
1.000000e+00
1.000000e+00
1.000000e+00
1.000000e+00
1.000000e+00
1.000000e+00
1.000000e+00
1.000000e+00
1.000000e+00
1.000000e+00
1.000000e+00
1.000000e+00
1.000000e+00
1.000000e+00
1.000000e+00
1.000000e+00
1.000000e+00
1.000000e+00
1.000000e+00
1.000000e+00
1.000000e+00
9.999999e-01
9.999999e-01
9.999998e-01
9.999997e-01
9.999995e-01
9.999991e-01
9.999985e-01
9.999975e-01
9.999956e-01
9.999924e-01
9.999866e-01
9.999764e-01
9.999581e-01
9.999255e-01
9.998676e-01
9.997657e-01
9.995882e-01
9.992842e-01
9.987742e-01
9.979400e-01
9.966157e-01
9.945821e-01
9.915708e-01
9.872787e-01
9.813938e-01
9.736320e-01
9.637690e-01
9.516694e-01
9.373007e-01
9.207265e-01
9.021092e-01
8.816691e-01
8.596756e-01
8.364099e-01
8.121734e-01
7.872475e-01
7.619054e-01
7.363770e-01
7.109028e-01
6.856701e-01
6.608728e-01
6.366342e-01
6.131153e-01
5.904463e-01
5.686676e-01
5.478893e-01
5.282030e-01
5.095559e-01
4.919953e-01
4.755125e-01
4.600308e-01
4.455191e-01
4.318173e-01
4.188877e-01
4.065429e-01
3.947238e-01
3.832540e-01
3.720588e-01
3.610110e-01
3.500242e-01
3.390175e-01
3.279191e-01
3.166777e-01
3.052440e-01
2.935943e-01
2.817121e-01
2.696020e-01
2.572984e-01
2.448653e-01
2.324055e-01
2.200616e-01
2.080145e-01
1.964678e-01
1.856309e-01
1.756968e-01
1.668110e-01
1.590558e-01
1.524445e-01
1.469267e-01
1.424038e-01
1.387496e-01
1.358287e-01
1.335114e-01
1.316819e-01
1.302413e-01
1.291089e-01
1.282188e-01
1.275198e-01
1.269708e-01
1.265394e-01
1.262012e-01
1.259353e-01
1.257273e-01
1.255643e-01
1.254368e-01
1.253375e-01
1.252598e-01
1.251998e-01
1.251530e-01
1.251169e-01
1.250891e-01
1.250676e-01
1.250512e-01
1.250386e-01
1.250291e-01
1.250218e-01
1.250163e-01
1.250121e-01
1.250090e-01
1.250067e-01
1.250049e-01
1.250036e-01
1.250026e-01
1.250019e-01
1.250014e-01
1.250010e-01
1.250007e-01
1.250005e-01
1.250004e-01
1.250003e-01
1.250002e-01
1.250001e-01
1.250001e-01
1.250001e-01
1.250000e-01
1.250000e-01
1.250000e-01
1.250000e-01
1.250000e-01
1.250000e-01
1.250000e-01
1.250000e-01
1.250000e-01
1.250000e-01
1.250000e-01
1.250000e-01
1.250000e-01
1.250000e-01
1.250000e-01
1.250000e-01
1.250000e-01
1.250000e-01
1.250000e-01
1.250000e-01
1.250000e-01
1.250000e-01
1.250000e-01
1.250000e-01
1.250000e-01
1.250000e-01
1.250000e-01
1.250000e-01
1.250000e-01
1.250000e-01
1.250000e-01
1.250000e-01
1.250000e-01
1.250000e-01
1.250000e-01
1.250000e-01
1.250000e-01
1.250000e-01
1.250000e-01
1.250000e-01
1.250000e-01
1.250000e-01
1.250000e-01
1.250000e-01
1.250000e-01
1.250000e-01
1.250000e-01
1.250000e-01
1.250000e-01
1.250000e-01
1.250000e-01
1.250000e-01
1.250000e-01
1.250000e-01
1.250000e-01
1.250000e-01
1.250000e-01
1.250000e-01
1.250000e-01
1.250000e-01
1.250000e-01
1.250000e-01
1.250000e-01
1.250000e-01
1.250000e-01
1.250000e-01
1.250000e-01
1.250000e-01
1.250000e-01
1.250000e-01
1.250000e-01
1.250000e-01
1.250000e-01
1.250000e-01
1.250000e-01
1.250000e-01
1.250000e-01
1.250000e-01
1.250000e-01
1.250000e-01
1.250000e-01
1.250000e-01
1.250000e-01
1.250000e-01
1.250000e-01
1.250000e-01
1.250000e-01
1.250000e-01
1.250000e-01
1.250000e-01
1.250000e-01
1.250000e-01
1.250000e-01
1.250000e-01
1.250000e-01
1.250000e-01
1.250000e-01
1.250000e-01
1.250000e-01
1.250000e-01
1.250000e-01
1.250000e-01
1.250000e-01
1.250001e-01
1.250001e-01
1.250001e-01
1.250001e-01
1.250002e-01
1.250003e-01
1.250004e-01
1.250005e-01
1.250008e-01
1.250011e-01
1.250014e-01
1.250020e-01
1.250027e-01
1.250037e-01
1.250050e-01
1.250068e-01
1.250092e-01
1.250123e-01
1.250165e-01
1.250221e-01
1.250294e-01
1.250391e-01
1.250517e-01
1.250682e-01
1.250898e-01
1.251177e-01
1.251540e-01
1.252009e-01
1.252614e-01
1.253392e-01
1.254391e-01
1.255671e-01
1.257309e-01
1.259400e-01
1.262066e-01
1.265465e-01
1.269791e-01
1.275297e-01
1.282300e-01
1.291206e-01
1.302528e-01
1.316908e-01
1.335144e-01
1.358207e-01
1.387238e-01
1.423519e-01
1.468401e-01
1.523162e-01
1.588823e-01
1.665945e-01
1.754453e-01
1.853561e-01
1.961824e-01
2.077322e-01
2.197944e-01
2.321609e-01
2.446462e-01
2.571036e-01
2.694286e-01
2.815564e-01
2.934501e-01
3.051069e-01
3.165449e-01
3.277878e-01
3.388821e-01
3.498840e-01
3.608692e-01
3.719114e-01
3.831073e-01
3.945814e-01
4.064094e-01
4.187710e-01
4.317208e-01
4.454554e-01
4.600013e-01
4.755281e-01
4.920538e-01
