5.233721e-01
5.515318e-01
5.814496e-01
6.129501e-01
6.458057e-01
6.796651e-01
7.141194e-01
7.487341e-01
7.829365e-01
8.161840e-01
8.478670e-01
8.773400e-01
9.040299e-01
9.274338e-01
9.471894e-01
9.631646e-01
9.754661e-01
9.844363e-01
9.906084e-01
9.946051e-01
9.970397e-01
9.984393e-01
9.992028e-01
9.996014e-01
9.998029e-01
9.999027e-01
9.999516e-01
9.999757e-01
9.999876e-01
9.999936e-01
9.999967e-01
9.999982e-01
9.999991e-01
9.999995e-01
9.999997e-01
9.999998e-01
9.999999e-01
1.000000e+00
1.000000e+00
1.000000e+00
1.000000e+00
1.000000e+00
1.000000e+00
1.000000e+00
1.000000e+00
1.000000e+00
1.000000e+00
1.000000e+00
1.000000e+00
1.000000e+00
1.000000e+00
1.000000e+00
1.000000e+00
1.000000e+00
1.000000e+00
1.000000e+00
1.000000e+00
1.000000e+00
1.000000e+00
1.000000e+00
1.000000e+00
1.000000e+00
1.000000e+00
1.000000e+00
1.000000e+00
1.000000e+00
1.000000e+00
1.000000e+00
1.000000e+00
1.000000e+00
1.000000e+00
1.000000e+00
1.000000e+00
1.000000e+00
1.000000e+00
1.000000e+00
1.000000e+00
1.000000e+00
1.000000e+00
1.000000e+00
1.000000e+00
1.000000e+00
1.000000e+00
1.000000e+00
1.000000e+00
1.000000e+00
1.000000e+00
1.000000e+00
1.000000e+00
1.000000e+00
1.000000e+00
1.000000e+00
1.000000e+00
1.000000e+00
1.000000e+00
1.000000e+00
1.000000e+00
1.000000e+00
1.000000e+00
1.000000e+00
1.000000e+00
1.000000e+00
1.000000e+00
1.000000e+00
1.000000e+00
1.000000e+00
1.000000e+00
1.000000e+00
1.000000e+00
1.000000e+00
1.000000e+00
1.000000e+00
1.000000e+00
1.000000e+00
1.000000e+00
1.000000e+00
1.000000e+00
1.000000e+00
1.000000e+00
1.000000e+00
1.000000e+00
1.000000e+00
1.000000e+00
1.000000e+00
1.000000e+00
1.000000e+00
1.000000e+00
1.000000e+00
1.000000e+00
1.000000e+00
1.000000e+00
1.000000e+00
1.000000e+00
1.000000e+00
1.000000e+00
1.000000e+00
1.000000e+00
1.000000e+00
1.000000e+00
1.000000e+00
1.000000e+00
1.000000e+00
1.000000e+00
1.000000e+00
1.000000e+00
1.000000e+00
1.000000e+00
1.000000e+00
1.000000e+00
1.000000e+00
1.000000e+00
1.000000e+00
1.000000e+00
1.000000e+00
1.000000e+00
1.000000e+00
1.000000e+00
1.000000e+00
1.000000e+00
1.000000e+00
1.000000e+00
1.000000e+00
1.000000e+00
1.000000e+00
1.000000e+00
1.000000e+00
1.000000e+00
1.000000e+00
1.000000e+00
1.000000e+00
1.000000e+00
1.000000e+00
1.000000e+00
1.000000e+00
1.000000e+00
1.000000e+00
1.000000e+00
1.000000e+00
1.000000e+00
1.000000e+00
1.000000e+00
1.000000e+00
1.000000e+00
1.000000e+00
1.000000e+00
1.000000e+00
1.000000e+00
1.000000e+00
1.000000e+00
1.000000e+00
1.000000e+00
1.000000e+00
1.000000e+00
1.000000e+00
1.000000e+00
1.000000e+00
1.000000e+00
1.000000e+00
1.000000e+00
1.000000e+00
1.000000e+00
1.000000e+00
1.000000e+00
1.000000e+00
1.000000e+00
1.000000e+00
1.000000e+00
1.000000e+00
1.000000e+00
1.000000e+00
1.000000e+00
1.000000e+00
1.000000e+00
1.000000e+00
1.000000e+00
1.000000e+00
1.000000e+00
1.000000e+00
9.999999e-01
9.999999e-01
9.999998e-01
9.999996e-01
9.999993e-01
9.999987e-01
9.999975e-01
9.999954e-01
9.999912e-01
9.999830e-01
9.999671e-01
9.999358e-01
9.998743e-01
9.997543e-01
9.995225e-01
9.990832e-01
9.982731e-01
9.968308e-01
9.943720e-01
9.903840e-01
9.842573e-01
9.753602e-01
9.631387e-01
9.472260e-01
9.274976e-01
9.040784e-01
8.773358e-01
8.477838e-01
8.160099e-01
7.826762e-01
7.484039e-01
7.137444e-01
6.792750e-01
6.454220e-01
6.126077e-01
5.811628e-01
5.513107e-01
5.232570e-01
4.970857e-01
4.728664e-01
4.504294e-01
4.295354e-01
4.099298e-01
3.913455e-01
3.734820e-01
3.560680e-01
3.388668e-01
3.216884e-01
3.043874e-01
2.869302e-01
2.693425e-01
2.517657e-01
2.344272e-01
2.176416e-01
2.017801e-01
1.872211e-01
1.742944e-01
1.632234e-01
1.540768e-01
1.467689e-01
1.410973e-01
1.367964e-01
1.335897e-01
1.312259e-01
1.294960e-01
1.282357e-01
1.273206e-01
1.266577e-01
1.261792e-01
1.258348e-01
1.255879e-01
1.254117e-01
1.252866e-01
1.251983e-01
1.251363e-01
1.250931e-01
1.250631e-01
1.250425e-01
1.250284e-01
1.250189e-01
1.250124e-01
1.250081e-01
1.250053e-01
1.250034e-01
1.250022e-01
1.250014e-01
1.250009e-01
1.250005e-01
1.250003e-01
1.250002e-01
1.250001e-01
1.250001e-01
1.250000e-01
1.250000e-01
1.250000e-01
1.250000e-01
1.250000e-01
1.250000e-01
1.250000e-01
1.250000e-01
1.250000e-01
1.250000e-01
1.250000e-01
1.250000e-01
1.250000e-01
1.250000e-01
1.250000e-01
1.250000e-01
1.250000e-01
1.250000e-01
1.250000e-01
1.250000e-01
1.250000e-01
1.250000e-01
1.250000e-01
1.250000e-01
1.250000e-01
1.250000e-01
1.250000e-01
1.250000e-01
1.250000e-01
1.250000e-01
1.250000e-01
1.250000e-01
1.250000e-01
1.250000e-01
1.250000e-01
1.250000e-01
1.250000e-01
1.250000e-01
1.250000e-01
1.250000e-01
1.250000e-01
1.250000e-01
1.250000e-01
1.250000e-01
1.250000e-01
1.250000e-01
1.250000e-01
1.250000e-01
1.250000e-01
1.250000e-01
1.250000e-01
1.250000e-01
1.250000e-01
1.250000e-01
1.250000e-01
1.250000e-01
1.250000e-01
1.250000e-01
1.250000e-01
1.250000e-01
1.250000e-01
1.250000e-01
1.250000e-01
1.250000e-01
1.250000e-01
1.250000e-01
1.250000e-01
1.250000e-01
1.250000e-01
1.250000e-01
1.250000e-01
1.250000e-01
1.250000e-01
1.250000e-01
1.250000e-01
1.250000e-01
1.250000e-01
1.250000e-01
1.250000e-01
1.250000e-01
1.250000e-01
1.250000e-01
1.250000e-01
1.250000e-01
1.250000e-01
1.250000e-01
1.250000e-01
1.250000e-01
1.250000e-01
1.250000e-01
1.250000e-01
1.250000e-01
1.250000e-01
1.250000e-01
1.250000e-01
1.250000e-01
1.250000e-01
1.250000e-01
1.250000e-01
1.250000e-01
1.250000e-01
1.250000e-01
1.250000e-01
1.250000e-01
1.250000e-01
1.250000e-01
1.250000e-01
1.250000e-01
1.250000e-01
1.250000e-01
1.250000e-01
1.250000e-01
1.250000e-01
1.250000e-01
1.250000e-01
1.250000e-01
1.250000e-01
1.250000e-01
1.250000e-01
1.250000e-01
1.250000e-01
1.250000e-01
1.250000e-01
1.250000e-01
1.250000e-01
1.250000e-01
1.250000e-01
1.250000e-01
1.250000e-01
1.250000e-01
1.250000e-01
1.250000e-01
1.250000e-01
1.250000e-01
1.250000e-01
1.250000e-01
1.250000e-01
1.250000e-01
1.250000e-01
1.250000e-01
1.250000e-01
1.250000e-01
1.250000e-01
1.250000e-01
1.250000e-01
1.250000e-01
1.250000e-01
1.250001e-01
1.250001e-01
1.250002e-01
1.250002e-01
1.250004e-01
1.250006e-01
1.250010e-01
1.250015e-01
1.250024e-01
1.250037e-01
1.250056e-01
1.250086e-01
1.250131e-01
1.250197e-01
1.250295e-01
1.250439e-01
1.250649e-01
1.250953e-01
1.251392e-01
1.252019e-01
1.252912e-01
1.254175e-01
1.255952e-01
1.258440e-01
1.261908e-01
1.266723e-01
1.273381e-01
1.282560e-01
1.295172e-01
1.312442e-01
1.335976e-01
1.367822e-01
1.410454e-01
1.466628e-01
1.539040e-01
1.629813e-01
1.739915e-01
1.868758e-01
2.014190e-01
2.172911e-01
2.341051e-01
2.514792e-01
2.690924e-01
2.867118e-01
3.041889e-01
3.215007e-01
3.386854e-01
3.558868e-01
3.733022e-01
3.911730e-01
4.097763e-01
4.294152e-01
4.503496e-01
4.728518e-01
4.971537e-01
