5.087616e-01
5.269307e-01
5.460919e-01
5.663102e-01
5.874841e-01
6.095256e-01
6.324002e-01
6.559756e-01
6.801182e-01
7.047068e-01
7.295701e-01
7.545422e-01
7.793969e-01
8.039330e-01
8.279019e-01
8.510523e-01
8.730986e-01
8.937793e-01
9.128319e-01
9.300264e-01
9.451789e-01
9.581797e-01
9.690054e-01
9.777260e-01
9.845033e-01
9.895709e-01
9.932122e-01
9.957242e-01
9.973883e-01
9.984488e-01
9.991006e-01
9.994885e-01
9.997132e-01
9.998406e-01
9.999117e-01
9.999511e-01
9.999728e-01
9.999847e-01
9.999914e-01
9.999951e-01
9.999971e-01
9.999983e-01
9.999990e-01
9.999994e-01
9.999997e-01
9.999998e-01
9.999999e-01
9.999999e-01
1.000000e+00
1.000000e+00
1.000000e+00
1.000000e+00
1.000000e+00
1.000000e+00
1.000000e+00
1.000000e+00
1.000000e+00
1.000000e+00
1.000000e+00
1.000000e+00
1.000000e+00
1.000000e+00
1.000000e+00
1.000000e+00
1.000000e+00
1.000000e+00
1.000000e+00
1.000000e+00
1.000000e+00
1.000000e+00
1.000000e+00
1.000000e+00
1.000000e+00
1.000000e+00
1.000000e+00
1.000000e+00
1.000000e+00
1.000000e+00
1.000000e+00
1.000000e+00
1.000000e+00
1.000000e+00
1.000000e+00
1.000000e+00
1.000000e+00
1.000000e+00
1.000000e+00
1.000000e+00
1.000000e+00
1.000000e+00
1.000000e+00
1.000000e+00
1.000000e+00
1.000000e+00
1.000000e+00
1.000000e+00
1.000000e+00
1.000000e+00
1.000000e+00
1.000000e+00
1.000000e+00
1.000000e+00
1.000000e+00
1.000000e+00
1.000000e+00
1.000000e+00
1.000000e+00
1.000000e+00
1.000000e+00
1.000000e+00
1.000000e+00
1.000000e+00
1.000000e+00
1.000000e+00
1.000000e+00
1.000000e+00
1.000000e+00
1.000000e+00
1.000000e+00
1.000000e+00
1.000000e+00
1.000000e+00
1.000000e+00
1.000000e+00
1.000000e+00
1.000000e+00
1.000000e+00
1.000000e+00
1.000000e+00
1.000000e+00
1.000000e+00
1.000000e+00
1.000000e+00
1.000000e+00
1.000000e+00
1.000000e+00
1.000000e+00
1.000000e+00
1.000000e+00
1.000000e+00
1.000000e+00
1.000000e+00
1.000000e+00
1.000000e+00
1.000000e+00
1.000000e+00
1.000000e+00
1.000000e+00
1.000000e+00
1.000000e+00
1.000000e+00
1.000000e+00
1.000000e+00
1.000000e+00
1.000000e+00
1.000000e+00
1.000000e+00
1.000000e+00
1.000000e+00
1.000000e+00
1.000000e+00
1.000000e+00
1.000000e+00
1.000000e+00
1.000000e+00
1.000000e+00
1.000000e+00
1.000000e+00
1.000000e+00
1.000000e+00
1.000000e+00
1.000000e+00
1.000000e+00
1.000000e+00
1.000000e+00
1.000000e+00
1.000000e+00
1.000000e+00
1.000000e+00
1.000000e+00
1.000000e+00
1.000000e+00
1.000000e+00
1.000000e+00
1.000000e+00
1.000000e+00
1.000000e+00
1.000000e+00
1.000000e+00
1.000000e+00
1.000000e+00
1.000000e+00
1.000000e+00
1.000000e+00
1.000000e+00
1.000000e+00
1.000000e+00
1.000000e+00
1.000000e+00
1.000000e+00
1.000000e+00
1.000000e+00
1.000000e+00
1.000000e+00
1.000000e+00
1.000000e+00
1.000000e+00
9.999999e-01
9.999999e-01
9.999998e-01
9.999997e-01
9.999996e-01
9.999992e-01
9.999987e-01
9.999978e-01
9.999963e-01
9.999935e-01
9.999887e-01
9.999802e-01
9.999651e-01
9.999384e-01
9.998911e-01
9.998081e-01
9.996638e-01
9.994168e-01
9.990016e-01
9.983200e-01
9.972316e-01
9.955471e-01
9.930286e-01
9.893984e-01
9.843598e-01
9.776260e-01
9.689548e-01
9.581756e-01
9.452101e-01
9.300753e-01
9.128799e-01
8.938073e-01
8.730914e-01
8.509986e-01
8.277963e-01
8.037740e-01
7.791891e-01
7.542920e-01
7.292877e-01
7.044018e-01
6.798042e-01
6.556617e-01
6.320979e-01
6.092451e-01
5.872305e-01
5.660888e-01
5.459129e-01
5.267893e-01
5.086726e-01
4.915991e-01
4.755600e-01
4.604795e-01
4.463372e-01
4.329733e-01
4.203645e-01
4.083278e-01
3.968045e-01
3.856341e-01
3.747452e-01
3.640082e-01
3.533501e-01
3.426890e-01
3.319517e-01
3.210956e-01
3.100675e-01
2.988371e-01
2.873825e-01
2.756970e-01
2.637959e-01
2.517219e-01
2.395477e-01
2.273858e-01
2.153862e-01
2.037325e-01
1.926232e-01
1.822591e-01
1.728135e-01
1.644097e-01
1.571084e-01
1.509053e-01
1.457389e-01
1.415067e-01
1.380850e-01
1.353449e-01
1.331651e-01
1.314382e-01
1.300732e-01
1.289958e-01
1.281452e-01
1.274743e-01
1.269449e-01
1.265269e-01
1.261977e-01
1.259377e-01
1.257332e-01
1.255722e-01
1.254454e-01
1.253463e-01
1.252682e-01
1.252075e-01
1.251601e-01
1.251230e-01
1.250945e-01
1.250722e-01
1.250551e-01
1.250419e-01
1.250317e-01
1.250240e-01
1.250180e-01
1.250136e-01
1.250102e-01
1.250076e-01
1.250056e-01
1.250042e-01
1.250031e-01
1.250023e-01
1.250017e-01
1.250012e-01
1.250009e-01
1.250006e-01
1.250005e-01
1.250003e-01
1.250002e-01
1.250002e-01
1.250001e-01
1.250001e-01
1.250001e-01
1.250000e-01
1.250000e-01
1.250000e-01
1.250000e-01
1.250000e-01
1.250000e-01
1.250000e-01
1.250000e-01
1.250000e-01
1.250000e-01
1.250000e-01
1.250000e-01
1.250000e-01
1.250000e-01
1.250000e-01
1.250000e-01
1.250000e-01
1.250000e-01
1.250000e-01
1.250000e-01
1.250000e-01
1.250000e-01
1.250000e-01
1.250000e-01
1.250000e-01
1.250000e-01
1.250000e-01
1.250000e-01
1.250000e-01
1.250000e-01
1.250000e-01
1.250000e-01
1.250000e-01
1.250000e-01
1.250000e-01
1.250000e-01
1.250000e-01
1.250000e-01
1.250000e-01
1.250000e-01
1.250000e-01
1.250000e-01
1.250000e-01
1.250000e-01
1.250000e-01
1.250000e-01
1.250000e-01
1.250000e-01
1.250000e-01
1.250000e-01
1.250000e-01
1.250000e-01
1.250000e-01
1.250000e-01
1.250000e-01
1.250000e-01
1.250000e-01
1.250000e-01
1.250000e-01
1.250000e-01
1.250000e-01
1.250000e-01
1.250000e-01
1.250000e-01
1.250000e-01
1.250000e-01
1.250000e-01
1.250000e-01
1.250000e-01
1.250000e-01
1.250000e-01
1.250000e-01
1.250000e-01
1.250000e-01
1.250000e-01
1.250000e-01
1.250000e-01
1.250000e-01
1.250000e-01
1.250000e-01
1.250000e-01
1.250000e-01
1.250000e-01
1.250000e-01
1.250000e-01
1.250000e-01
1.250000e-01
1.250000e-01
1.250000e-01
1.250000e-01
1.250000e-01
1.250000e-01
1.250000e-01
1.250000e-01
1.250000e-01
1.250000e-01
1.250000e-01
1.250000e-01
1.250000e-01
1.250000e-01
1.250001e-01
1.250001e-01
1.250001e-01
1.250002e-01
1.250003e-01
1.250004e-01
1.250005e-01
1.250007e-01
1.250009e-01
1.250013e-01
1.250017e-01
1.250023e-01
1.250032e-01
1.250043e-01
1.250058e-01
1.250077e-01
1.250103e-01
1.250138e-01
1.250183e-01
1.250243e-01
1.250321e-01
1.250423e-01
1.250556e-01
1.250728e-01
1.250951e-01
1.251239e-01
1.251610e-01
1.252087e-01
1.252698e-01
1.253479e-01
1.254477e-01
1.255748e-01
1.257366e-01
1.259421e-01
1.262029e-01
1.265337e-01
1.269528e-01
1.274837e-01
1.281559e-01
1.290070e-01
1.300844e-01
1.314472e-01
1.331691e-01
1.353394e-01
1.380637e-01
1.414622e-01
1.456627e-01
1.507902e-01
1.569499e-01
1.642081e-01
1.725750e-01
1.819943e-01
1.923443e-01
2.034519e-01
2.151166e-01
2.271365e-01
2.393223e-01
2.515211e-01
2.636179e-01
2.755375e-01
2.872360e-01
2.987001e-01
3.099367e-01
3.209665e-01
3.318214e-01
3.425562e-01
3.532114e-01
3.638661e-01
3.746011e-01
3.854883e-01
3.966670e-01
4.081964e-01
4.202532e-01
4.328806e-01
4.462773e-01
4.604522e-01
4.755772e-01
4.916571e-01
