5.223843e-01
5.497937e-01
5.788980e-01
6.095625e-01
6.415557e-01
6.745935e-01
7.082636e-01
7.421862e-01
7.758323e-01
8.086963e-01
8.402121e-01
8.697596e-01
8.967848e-01
9.207784e-01
9.413385e-01
9.582674e-01
9.715825e-01
9.815320e-01
9.885660e-01
9.932563e-01
9.962030e-01
9.979493e-01
9.989302e-01
9.994560e-01
9.997276e-01
9.998644e-01
9.999323e-01
9.999659e-01
9.999826e-01
9.999910e-01
9.999953e-01
9.999975e-01
9.999987e-01
9.999993e-01
9.999996e-01
9.999998e-01
9.999999e-01
9.999999e-01
1.000000e+00
1.000000e+00
1.000000e+00
1.000000e+00
1.000000e+00
1.000000e+00
1.000000e+00
1.000000e+00
1.000000e+00
1.000000e+00
1.000000e+00
1.000000e+00
1.000000e+00
1.000000e+00
1.000000e+00
1.000000e+00
1.000000e+00
1.000000e+00
1.000000e+00
1.000000e+00
1.000000e+00
1.000000e+00
1.000000e+00
1.000000e+00
1.000000e+00
1.000000e+00
1.000000e+00
1.000000e+00
1.000000e+00
1.000000e+00
1.000000e+00
1.000000e+00
1.000000e+00
1.000000e+00
1.000000e+00
1.000000e+00
1.000000e+00
1.000000e+00
1.000000e+00
1.000000e+00
1.000000e+00
1.000000e+00
1.000000e+00
1.000000e+00
1.000000e+00
1.000000e+00
1.000000e+00
1.000000e+00
1.000000e+00
1.000000e+00
1.000000e+00
1.000000e+00
1.000000e+00
1.000000e+00
1.000000e+00
1.000000e+00
1.000000e+00
1.000000e+00
1.000000e+00
1.000000e+00
1.000000e+00
1.000000e+00
1.000000e+00
1.000000e+00
1.000000e+00
1.000000e+00
1.000000e+00
1.000000e+00
1.000000e+00
1.000000e+00
1.000000e+00
1.000000e+00
1.000000e+00
1.000000e+00
1.000000e+00
1.000000e+00
1.000000e+00
1.000000e+00
1.000000e+00
1.000000e+00
1.000000e+00
1.000000e+00
1.000000e+00
1.000000e+00
1.000000e+00
1.000000e+00
1.000000e+00
1.000000e+00
1.000000e+00
1.000000e+00
1.000000e+00
1.000000e+00
1.000000e+00
1.000000e+00
1.000000e+00
1.000000e+00
1.000000e+00
1.000000e+00
1.000000e+00
1.000000e+00
1.000000e+00
1.000000e+00
1.000000e+00
1.000000e+00
1.000000e+00
1.000000e+00
1.000000e+00
1.000000e+00
1.000000e+00
1.000000e+00
1.000000e+00
1.000000e+00
1.000000e+00
1.000000e+00
1.000000e+00
1.000000e+00
1.000000e+00
1.000000e+00
1.000000e+00
1.000000e+00
1.000000e+00
1.000000e+00
1.000000e+00
1.000000e+00
1.000000e+00
1.000000e+00
1.000000e+00
1.000000e+00
1.000000e+00
1.000000e+00
1.000000e+00
1.000000e+00
1.000000e+00
1.000000e+00
1.000000e+00
1.000000e+00
1.000000e+00
1.000000e+00
1.000000e+00
1.000000e+00
1.000000e+00
1.000000e+00
1.000000e+00
1.000000e+00
1.000000e+00
1.000000e+00
1.000000e+00
1.000000e+00
1.000000e+00
1.000000e+00
1.000000e+00
1.000000e+00
1.000000e+00
1.000000e+00
1.000000e+00
1.000000e+00
1.000000e+00
1.000000e+00
1.000000e+00
1.000000e+00
1.000000e+00
1.000000e+00
1.000000e+00
1.000000e+00
1.000000e+00
1.000000e+00
1.000000e+00
1.000000e+00
1.000000e+00
1.000000e+00
1.000000e+00
1.000000e+00
1.000000e+00
1.000000e+00
1.000000e+00
1.000000e+00
1.000000e+00
1.000000e+00
1.000000e+00
9.999999e-01
9.999999e-01
9.999998e-01
9.999997e-01
9.999995e-01
9.999990e-01
9.999982e-01
9.999966e-01
9.999935e-01
9.999877e-01
9.999764e-01
9.999544e-01
9.999116e-01
9.998283e-01
9.996675e-01
9.993617e-01
9.987929e-01
9.977668e-01
9.959845e-01
9.930258e-01
9.883576e-01
9.813797e-01
9.715057e-01
9.582656e-01
9.413875e-01
9.208411e-01
8.968218e-01
8.697371e-01
8.401083e-01
8.085048e-01
7.755597e-01
7.418493e-01
7.078891e-01
6.742075e-01
6.411817e-01
6.092271e-01
5.786186e-01
5.495781e-01
5.222713e-01
4.967906e-01
4.731815e-01
4.512901e-01
4.308834e-01
4.117526e-01
3.936224e-01
3.762130e-01
3.592650e-01
3.425539e-01
3.258819e-01
3.091051e-01
2.921584e-01
2.750435e-01
2.578631e-01
2.407990e-01
2.241201e-01
2.081652e-01
1.933008e-01
1.798709e-01
1.681450e-01
1.582630e-01
1.502133e-01
1.438533e-01
1.389544e-01
1.352537e-01
1.324959e-01
1.304589e-01
1.289627e-01
1.278675e-01
1.270681e-01
1.264859e-01
1.260632e-01
1.257572e-01
1.255366e-01
1.253783e-01
1.252650e-01
1.251847e-01
1.251279e-01
1.250880e-01
1.250601e-01
1.250408e-01
1.250275e-01
1.250184e-01
1.250123e-01
1.250081e-01
1.250053e-01
1.250035e-01
1.250022e-01
1.250014e-01
1.250009e-01
1.250006e-01
1.250004e-01
1.250002e-01
1.250001e-01
1.250001e-01
1.250001e-01
1.250000e-01
1.250000e-01
1.250000e-01
1.250000e-01
1.250000e-01
1.250000e-01
1.250000e-01
1.250000e-01
1.250000e-01
1.250000e-01
1.250000e-01
1.250000e-01
1.250000e-01
1.250000e-01
1.250000e-01
1.250000e-01
1.250000e-01
1.250000e-01
1.250000e-01
1.250000e-01
1.250000e-01
1.250000e-01
1.250000e-01
1.250000e-01
1.250000e-01
1.250000e-01
1.250000e-01
1.250000e-01
1.250000e-01
1.250000e-01
1.250000e-01
1.250000e-01
1.250000e-01
1.250000e-01
1.250000e-01
1.250000e-01
1.250000e-01
1.250000e-01
1.250000e-01
1.250000e-01
1.250000e-01
1.250000e-01
1.250000e-01
1.250000e-01
1.250000e-01
1.250000e-01
1.250000e-01
1.250000e-01
1.250000e-01
1.250000e-01
1.250000e-01
1.250000e-01
1.250000e-01
1.250000e-01
1.250000e-01
1.250000e-01
1.250000e-01
1.250000e-01
1.250000e-01
1.250000e-01
1.250000e-01
1.250000e-01
1.250000e-01
1.250000e-01
1.250000e-01
1.250000e-01
1.250000e-01
1.250000e-01
1.250000e-01
1.250000e-01
1.250000e-01
1.250000e-01
1.250000e-01
1.250000e-01
1.250000e-01
1.250000e-01
1.250000e-01
1.250000e-01
1.250000e-01
1.250000e-01
1.250000e-01
1.250000e-01
1.250000e-01
1.250000e-01
1.250000e-01
1.250000e-01
1.250000e-01
1.250000e-01
1.250000e-01
1.250000e-01
1.250000e-01
1.250000e-01
1.250000e-01
1.250000e-01
1.250000e-01
1.250000e-01
1.250000e-01
1.250000e-01
1.250000e-01
1.250000e-01
1.250000e-01
1.250000e-01
1.250000e-01
1.250000e-01
1.250000e-01
1.250000e-01
1.250000e-01
1.250000e-01
1.250000e-01
1.250000e-01
1.250000e-01
1.250000e-01
1.250000e-01
1.250000e-01
1.250000e-01
1.250000e-01
1.250000e-01
1.250000e-01
1.250000e-01
1.250000e-01
1.250000e-01
1.250000e-01
1.250000e-01
1.250000e-01
1.250000e-01
1.250000e-01
1.250000e-01
1.250000e-01
1.250000e-01
1.250000e-01
1.250000e-01
1.250000e-01
1.250000e-01
1.250000e-01
1.250000e-01
1.250000e-01
1.250000e-01
1.250000e-01
1.250000e-01
1.250000e-01
1.250000e-01
1.250000e-01
1.250000e-01
1.250000e-01
1.250001e-01
1.250001e-01
1.250002e-01
1.250003e-01
1.250004e-01
1.250006e-01
1.250010e-01
1.250016e-01
1.250024e-01
1.250037e-01
1.250057e-01
1.250086e-01
1.250129e-01
1.250192e-01
1.250285e-01
1.250421e-01
1.250618e-01
1.250900e-01
1.251304e-01
1.251879e-01
1.252691e-01
1.253833e-01
1.255430e-01
1.257653e-01
1.260734e-01
1.264988e-01
1.270838e-01
1.278861e-01
1.289830e-01
1.304782e-01
1.325087e-01
1.352507e-01
1.389223e-01
1.437762e-01
1.500766e-01
1.580590e-01
1.678764e-01
1.795506e-01
1.929506e-01
2.078119e-01
2.237854e-01
2.404953e-01
2.575961e-01
2.748112e-01
2.919507e-01
3.089147e-01
3.257019e-01
3.423770e-01
3.590875e-01
3.760359e-01
3.934530e-01
4.116023e-01
4.307667e-01
4.512130e-01
4.731689e-01
4.968599e-01
