5.128242e-01
5.335358e-01
5.554000e-01
5.784922e-01
6.026544e-01
6.278225e-01
6.538305e-01
6.805104e-01
7.076858e-01
7.351202e-01
7.625790e-01
7.897669e-01
8.163950e-01
8.421381e-01
8.666376e-01
8.895573e-01
9.105647e-01
9.293733e-01
9.457554e-01
9.595936e-01
9.708837e-01
9.797487e-01
9.864249e-01
9.912360e-01
9.945486e-01
9.967273e-01
9.980978e-01
9.989247e-01
9.994056e-01
9.996765e-01
9.998256e-01
9.999063e-01
9.999495e-01
9.999726e-01
9.999850e-01
9.999917e-01
9.999954e-01
9.999974e-01
9.999985e-01
9.999991e-01
9.999995e-01
9.999997e-01
9.999998e-01
9.999999e-01
9.999999e-01
1.000000e+00
1.000000e+00
1.000000e+00
1.000000e+00
1.000000e+00
1.000000e+00
1.000000e+00
1.000000e+00
1.000000e+00
1.000000e+00
1.000000e+00
1.000000e+00
1.000000e+00
1.000000e+00
1.000000e+00
1.000000e+00
1.000000e+00
1.000000e+00
1.000000e+00
1.000000e+00
1.000000e+00
1.000000e+00
1.000000e+00
1.000000e+00
1.000000e+00
1.000000e+00
1.000000e+00
1.000000e+00
1.000000e+00
1.000000e+00
1.000000e+00
1.000000e+00
1.000000e+00
1.000000e+00
1.000000e+00
1.000000e+00
1.000000e+00
1.000000e+00
1.000000e+00
1.000000e+00
1.000000e+00
1.000000e+00
1.000000e+00
1.000000e+00
1.000000e+00
1.000000e+00
1.000000e+00
1.000000e+00
1.000000e+00
1.000000e+00
1.000000e+00
1.000000e+00
1.000000e+00
1.000000e+00
1.000000e+00
1.000000e+00
1.000000e+00
1.000000e+00
1.000000e+00
1.000000e+00
1.000000e+00
1.000000e+00
1.000000e+00
1.000000e+00
1.000000e+00
1.000000e+00
1.000000e+00
1.000000e+00
1.000000e+00
1.000000e+00
1.000000e+00
1.000000e+00
1.000000e+00
1.000000e+00
1.000000e+00
1.000000e+00
1.000000e+00
1.000000e+00
1.000000e+00
1.000000e+00
1.000000e+00
1.000000e+00
1.000000e+00
1.000000e+00
1.000000e+00
1.000000e+00
1.000000e+00
1.000000e+00
1.000000e+00
1.000000e+00
1.000000e+00
1.000000e+00
1.000000e+00
1.000000e+00
1.000000e+00
1.000000e+00
1.000000e+00
1.000000e+00
1.000000e+00
1.000000e+00
1.000000e+00
1.000000e+00
1.000000e+00
1.000000e+00
1.000000e+00
1.000000e+00
1.000000e+00
1.000000e+00
1.000000e+00
1.000000e+00
1.000000e+00
1.000000e+00
1.000000e+00
1.000000e+00
1.000000e+00
1.000000e+00
1.000000e+00
1.000000e+00
1.000000e+00
1.000000e+00
1.000000e+00
1.000000e+00
1.000000e+00
1.000000e+00
1.000000e+00
1.000000e+00
1.000000e+00
1.000000e+00
1.000000e+00
1.000000e+00
1.000000e+00
1.000000e+00
1.000000e+00
1.000000e+00
1.000000e+00
1.000000e+00
1.000000e+00
1.000000e+00
1.000000e+00
1.000000e+00
1.000000e+00
1.000000e+00
1.000000e+00
1.000000e+00
1.000000e+00
1.000000e+00
1.000000e+00
1.000000e+00
1.000000e+00
1.000000e+00
1.000000e+00
1.000000e+00
1.000000e+00
1.000000e+00
1.000000e+00
1.000000e+00
1.000000e+00
1.000000e+00
1.000000e+00
1.000000e+00
1.000000e+00
1.000000e+00
1.000000e+00
1.000000e+00
1.000000e+00
1.000000e+00
9.999999e-01
9.999999e-01
9.999998e-01
9.999996e-01
9.999993e-01
9.999989e-01
9.999980e-01
9.999965e-01
9.999939e-01
9.999891e-01
9.999804e-01
9.999645e-01
9.999356e-01
9.998831e-01
9.997883e-01
9.996190e-01
9.993210e-01
9.988078e-01
9.979469e-01
9.965472e-01
9.943524e-01
9.910436e-01
9.862590e-01
9.796286e-01
9.708205e-01
9.595853e-01
9.457888e-01
9.294269e-01
9.106144e-01
8.895795e-01
8.666143e-01
8.420566e-01
8.162514e-01
7.895625e-01
7.623223e-01
7.348213e-01
7.073598e-01
6.801741e-01
6.534957e-01
6.275035e-01
6.023668e-01
5.782369e-01
5.551938e-01
5.333733e-01
5.127278e-01
4.933494e-01
4.752192e-01
4.582524e-01
4.423612e-01
4.274040e-01
4.132671e-01
3.997900e-01
3.868194e-01
3.742263e-01
3.618576e-01
3.495981e-01
3.373305e-01
3.249690e-01
3.124417e-01
2.997046e-01
2.867320e-01
2.735244e-01
2.601259e-01
2.466149e-01
2.331176e-01
2.198082e-01
2.069027e-01
1.946396e-01
1.832565e-01
1.729623e-01
1.639006e-01
1.561334e-01
1.496405e-01
1.443310e-01
1.400675e-01
1.366915e-01
1.340447e-01
1.319835e-01
1.303844e-01
1.291470e-01
1.281902e-01
1.274513e-01
1.268807e-01
1.264405e-01
1.261011e-01
1.258397e-01
1.256390e-01
1.254846e-01
1.253667e-01
1.252764e-01
1.252079e-01
1.251556e-01
1.251162e-01
1.250864e-01
1.250640e-01
1.250472e-01
1.250347e-01
1.250254e-01
1.250185e-01
1.250135e-01
1.250097e-01
1.250070e-01
1.250050e-01
1.250036e-01
1.250026e-01
1.250018e-01
1.250013e-01
1.250009e-01
1.250006e-01
1.250004e-01
1.250003e-01
1.250002e-01
1.250001e-01
1.250001e-01
1.250001e-01
1.250000e-01
1.250000e-01
1.250000e-01
1.250000e-01
1.250000e-01
1.250000e-01
1.250000e-01
1.250000e-01
1.250000e-01
1.250000e-01
1.250000e-01
1.250000e-01
1.250000e-01
1.250000e-01
1.250000e-01
1.250000e-01
1.250000e-01
1.250000e-01
1.250000e-01
1.250000e-01
1.250000e-01
1.250000e-01
1.250000e-01
1.250000e-01
1.250000e-01
1.250000e-01
1.250000e-01
1.250000e-01
1.250000e-01
1.250000e-01
1.250000e-01
1.250000e-01
1.250000e-01
1.250000e-01
1.250000e-01
1.250000e-01
1.250000e-01
1.250000e-01
1.250000e-01
1.250000e-01
1.250000e-01
1.250000e-01
1.250000e-01
1.250000e-01
1.250000e-01
1.250000e-01
1.250000e-01
1.250000e-01
1.250000e-01
1.250000e-01
1.250000e-01
1.250000e-01
1.250000e-01
1.250000e-01
1.250000e-01
1.250000e-01
1.250000e-01
1.250000e-01
1.250000e-01
1.250000e-01
1.250000e-01
1.250000e-01
1.250000e-01
1.250000e-01
1.250000e-01
1.250000e-01
1.250000e-01
1.250000e-01
1.250000e-01
1.250000e-01
1.250000e-01
1.250000e-01
1.250000e-01
1.250000e-01
1.250000e-01
1.250000e-01
1.250000e-01
1.250000e-01
1.250000e-01
1.250000e-01
1.250000e-01
1.250000e-01
1.250000e-01
1.250000e-01
1.250000e-01
1.250000e-01
1.250000e-01
1.250000e-01
1.250000e-01
1.250000e-01
1.250000e-01
1.250000e-01
1.250000e-01
1.250000e-01
1.250000e-01
1.250000e-01
1.250000e-01
1.250000e-01
1.250000e-01
1.250000e-01
1.250000e-01
1.250000e-01
1.250000e-01
1.250000e-01
1.250000e-01
1.250000e-01
1.250000e-01
1.250000e-01
1.250000e-01
1.250000e-01
1.250000e-01
1.250000e-01
1.250000e-01
1.250000e-01
1.250000e-01
1.250001e-01
1.250001e-01
1.250001e-01
1.250002e-01
1.250002e-01
1.250003e-01
1.250005e-01
1.250007e-01
1.250009e-01
1.250013e-01
1.250019e-01
1.250027e-01
1.250037e-01
1.250052e-01
1.250072e-01
1.250100e-01
1.250138e-01
1.250189e-01
1.250259e-01
1.250352e-01
1.250479e-01
1.250648e-01
1.250873e-01
1.251173e-01
1.251570e-01
1.252094e-01
1.252785e-01
1.253691e-01
1.254878e-01
1.256428e-01
1.258447e-01
1.261072e-01
1.264481e-01
1.268901e-01
1.274624e-01
1.282030e-01
1.291605e-01
1.303974e-01
1.319929e-01
1.340463e-01
1.366783e-01
1.400308e-01
1.442606e-01
1.495270e-01
1.559707e-01
1.636885e-01
1.727079e-01
1.829720e-01
1.943392e-01
2.066028e-01
2.195231e-01
2.328565e-01
2.463812e-01
2.599193e-01
2.733415e-01
2.865659e-01
2.995513e-01
3.122956e-01
3.248239e-01
3.371845e-01
3.494515e-01
3.617111e-01
3.740723e-01
3.866630e-01
3.996436e-01
4.131313e-01
4.272957e-01
4.422821e-01
4.582156e-01
4.752284e-01
4.934114e-01
