5.101508e-01
5.291634e-01
5.492160e-01
5.703854e-01
5.925657e-01
6.156431e-01
6.395641e-01
6.641994e-01
6.893683e-01
7.149460e-01
7.407279e-01
7.665034e-01
7.920400e-01
8.170871e-01
8.413703e-01
8.645897e-01
8.864532e-01
9.066740e-01
9.249894e-01
9.411880e-01
9.551275e-01
9.667640e-01
9.761531e-01
9.834542e-01
9.889097e-01
9.928209e-01
9.955085e-01
9.972790e-01
9.983989e-01
9.990811e-01
9.994830e-01
9.997133e-01
9.998423e-01
9.999136e-01
9.999525e-01
9.999738e-01
9.999854e-01
9.999918e-01
9.999953e-01
9.999973e-01
9.999985e-01
9.999991e-01
9.999995e-01
9.999997e-01
9.999998e-01
9.999999e-01
9.999999e-01
1.000000e+00
1.000000e+00
1.000000e+00
1.000000e+00
1.000000e+00
1.000000e+00
1.000000e+00
1.000000e+00
1.000000e+00
1.000000e+00
1.000000e+00
1.000000e+00
1.000000e+00
1.000000e+00
1.000000e+00
1.000000e+00
1.000000e+00
1.000000e+00
1.000000e+00
1.000000e+00
1.000000e+00
1.000000e+00
1.000000e+00
1.000000e+00
1.000000e+00
1.000000e+00
1.000000e+00
1.000000e+00
1.000000e+00
1.000000e+00
1.000000e+00
1.000000e+00
1.000000e+00
1.000000e+00
1.000000e+00
1.000000e+00
1.000000e+00
1.000000e+00
1.000000e+00
1.000000e+00
1.000000e+00
1.000000e+00
1.000000e+00
1.000000e+00
1.000000e+00
1.000000e+00
1.000000e+00
1.000000e+00
1.000000e+00
1.000000e+00
1.000000e+00
1.000000e+00
1.000000e+00
1.000000e+00
1.000000e+00
1.000000e+00
1.000000e+00
1.000000e+00
1.000000e+00
1.000000e+00
1.000000e+00
1.000000e+00
1.000000e+00
1.000000e+00
1.000000e+00
1.000000e+00
1.000000e+00
1.000000e+00
1.000000e+00
1.000000e+00
1.000000e+00
1.000000e+00
1.000000e+00
1.000000e+00
1.000000e+00
1.000000e+00
1.000000e+00
1.000000e+00
1.000000e+00
1.000000e+00
1.000000e+00
1.000000e+00
1.000000e+00
1.000000e+00
1.000000e+00
1.000000e+00
1.000000e+00
1.000000e+00
1.000000e+00
1.000000e+00
1.000000e+00
1.000000e+00
1.000000e+00
1.000000e+00
1.000000e+00
1.000000e+00
1.000000e+00
1.000000e+00
1.000000e+00
1.000000e+00
1.000000e+00
1.000000e+00
1.000000e+00
1.000000e+00
1.000000e+00
1.000000e+00
1.000000e+00
1.000000e+00
1.000000e+00
1.000000e+00
1.000000e+00
1.000000e+00
1.000000e+00
1.000000e+00
1.000000e+00
1.000000e+00
1.000000e+00
1.000000e+00
1.000000e+00
1.000000e+00
1.000000e+00
1.000000e+00
1.000000e+00
1.000000e+00
1.000000e+00
1.000000e+00
1.000000e+00
1.000000e+00
1.000000e+00
1.000000e+00
1.000000e+00
1.000000e+00
1.000000e+00
1.000000e+00
1.000000e+00
1.000000e+00
1.000000e+00
1.000000e+00
1.000000e+00
1.000000e+00
1.000000e+00
1.000000e+00
1.000000e+00
1.000000e+00
1.000000e+00
1.000000e+00
1.000000e+00
1.000000e+00
1.000000e+00
1.000000e+00
1.000000e+00
1.000000e+00
1.000000e+00
1.000000e+00
1.000000e+00
1.000000e+00
1.000000e+00
1.000000e+00
1.000000e+00
1.000000e+00
1.000000e+00
9.999999e-01
9.999999e-01
9.999999e-01
9.999998e-01
9.999996e-01
9.999993e-01
9.999988e-01
9.999980e-01
9.999965e-01
9.999939e-01
9.999893e-01
9.999810e-01
9.999663e-01
9.999399e-01
9.998928e-01
9.998093e-01
9.996627e-01
9.994090e-01
9.989784e-01
9.982649e-01
9.971160e-01
9.953255e-01
9.926331e-01
9.887364e-01
9.833144e-01
9.760610e-01
9.667240e-01
9.551344e-01
9.412275e-01
9.250414e-01
9.067182e-01
8.864701e-01
8.645641e-01
8.412920e-01
8.169531e-01
7.918510e-01
7.662662e-01
7.404504e-01
7.146412e-01
6.890491e-01
6.638764e-01
6.392508e-01
6.153489e-01
5.923001e-01
5.701535e-01
5.490277e-01
5.290144e-01
5.100593e-01
4.922172e-01
4.754787e-01
4.597660e-01
4.450408e-01
4.311443e-01
4.180287e-01
4.055075e-01
3.935131e-01
3.818736e-01
3.704981e-01
3.592684e-01
3.480884e-01
3.368779e-01
3.255686e-01
3.140995e-01
3.024292e-01
2.905365e-01
2.784089e-01
2.660591e-01
2.535355e-01
2.409155e-01
2.283191e-01
2.159077e-01
2.038773e-01
1.924399e-01
1.818072e-01
1.721606e-01
1.636249e-01
1.562560e-01
1.500396e-01
1.449009e-01
1.407241e-01
1.373735e-01
1.347107e-01
1.326082e-01
1.309545e-01
1.296567e-01
1.286393e-01
1.278418e-01
1.272174e-01
1.267279e-01
1.263449e-01
1.260451e-01
1.258105e-01
1.256276e-01
1.254845e-01
1.253735e-01
1.252869e-01
1.252199e-01
1.251681e-01
1.251280e-01
1.250974e-01
1.250736e-01
1.250557e-01
1.250418e-01
1.250314e-01
1.250235e-01
1.250175e-01
1.250130e-01
1.250096e-01
1.250071e-01
1.250052e-01
1.250038e-01
1.250028e-01
1.250020e-01
1.250015e-01
1.250010e-01
1.250008e-01
1.250005e-01
1.250004e-01
1.250003e-01
1.250002e-01
1.250001e-01
1.250001e-01
1.250001e-01
1.250000e-01
1.250000e-01
1.250000e-01
1.250000e-01
1.250000e-01
1.250000e-01
1.250000e-01
1.250000e-01
1.250000e-01
1.250000e-01
1.250000e-01
1.250000e-01
1.250000e-01
1.250000e-01
1.250000e-01
1.250000e-01
1.250000e-01
1.250000e-01
1.250000e-01
1.250000e-01
1.250000e-01
1.250000e-01
1.250000e-01
1.250000e-01
1.250000e-01
1.250000e-01
1.250000e-01
1.250000e-01
1.250000e-01
1.250000e-01
1.250000e-01
1.250000e-01
1.250000e-01
1.250000e-01
1.250000e-01
1.250000e-01
1.250000e-01
1.250000e-01
1.250000e-01
1.250000e-01
1.250000e-01
1.250000e-01
1.250000e-01
1.250000e-01
1.250000e-01
1.250000e-01
1.250000e-01
1.250000e-01
1.250000e-01
1.250000e-01
1.250000e-01
1.250000e-01
1.250000e-01
1.250000e-01
1.250000e-01
1.250000e-01
1.250000e-01
1.250000e-01
1.250000e-01
1.250000e-01
1.250000e-01
1.250000e-01
1.250000e-01
1.250000e-01
1.250000e-01
1.250000e-01
1.250000e-01
1.250000e-01
1.250000e-01
1.250000e-01
1.250000e-01
1.250000e-01
1.250000e-01
1.250000e-01
1.250000e-01
1.250000e-01
1.250000e-01
1.250000e-01
1.250000e-01
1.250000e-01
1.250000e-01
1.250000e-01
1.250000e-01
1.250000e-01
1.250000e-01
1.250000e-01
1.250000e-01
1.250000e-01
1.250000e-01
1.250000e-01
1.250000e-01
1.250000e-01
1.250000e-01
1.250000e-01
1.250000e-01
1.250000e-01
1.250000e-01
1.250000e-01
1.250000e-01
1.250000e-01
1.250000e-01
1.250000e-01
1.250000e-01
1.250000e-01
1.250000e-01
1.250001e-01
1.250001e-01
1.250001e-01
1.250001e-01
1.250002e-01
1.250003e-01
1.250004e-01
1.250006e-01
1.250008e-01
1.250011e-01
1.250015e-01
1.250021e-01
1.250029e-01
1.250039e-01
1.250053e-01
1.250072e-01
1.250098e-01
1.250132e-01
1.250178e-01
1.250238e-01
1.250318e-01
1.250423e-01
1.250562e-01
1.250743e-01
1.250981e-01
1.251290e-01
1.251692e-01
1.252213e-01
1.252886e-01
1.253755e-01
1.254872e-01
1.256307e-01
1.258147e-01
1.260501e-01
1.263512e-01
1.267358e-01
1.272266e-01
1.278527e-01
1.286511e-01
1.296688e-01
1.309652e-01
1.326146e-01
1.347085e-01
1.373563e-01
1.406843e-01
1.448294e-01
1.499282e-01
1.560995e-01
1.634230e-01
1.719194e-01
1.815375e-01
1.921545e-01
2.035898e-01
2.156315e-01
2.280640e-01
2.406852e-01
2.533310e-01
2.658776e-01
2.782457e-01
2.903876e-01
3.022888e-01
3.139639e-01
3.254346e-01
3.367425e-01
3.479486e-01
3.591256e-01
3.703489e-01
3.817259e-01
3.933684e-01
4.053723e-01
4.179091e-01
4.310460e-01
4.449748e-01
4.597351e-01
4.754933e-01
4.922762e-01
