5.065394e-01
5.234204e-01
5.412131e-01
5.599586e-01
5.795833e-01
6.000366e-01
6.212693e-01
6.431860e-01
6.657131e-01
6.887077e-01
7.120743e-01
7.356587e-01
7.593180e-01
7.828582e-01
8.061033e-01
8.288398e-01
8.508493e-01
8.718843e-01
8.917154e-01
9.101099e-01
9.268565e-01
9.417849e-01
9.547719e-01
9.657725e-01
9.748161e-01
9.820125e-01
9.875430e-01
9.916390e-01
9.945603e-01
9.965659e-01
9.978921e-01
9.987385e-01
9.992611e-01
9.995746e-01
9.997581e-01
9.998635e-01
9.999233e-01
9.999568e-01
9.999756e-01
9.999861e-01
9.999920e-01
9.999954e-01
9.999973e-01
9.999984e-01
9.999991e-01
9.999994e-01
9.999997e-01
9.999998e-01
9.999999e-01
9.999999e-01
9.999999e-01
1.000000e+00
1.000000e+00
1.000000e+00
1.000000e+00
1.000000e+00
1.000000e+00
1.000000e+00
1.000000e+00
1.000000e+00
1.000000e+00
1.000000e+00
1.000000e+00
1.000000e+00
1.000000e+00
1.000000e+00
1.000000e+00
1.000000e+00
1.000000e+00
1.000000e+00
1.000000e+00
1.000000e+00
1.000000e+00
1.000000e+00
1.000000e+00
1.000000e+00
1.000000e+00
1.000000e+00
1.000000e+00
1.000000e+00
1.000000e+00
1.000000e+00
1.000000e+00
1.000000e+00
1.000000e+00
1.000000e+00
1.000000e+00
1.000000e+00
1.000000e+00
1.000000e+00
1.000000e+00
1.000000e+00
1.000000e+00
1.000000e+00
1.000000e+00
1.000000e+00
1.000000e+00
1.000000e+00
1.000000e+00
1.000000e+00
1.000000e+00
1.000000e+00
1.000000e+00
1.000000e+00
1.000000e+00
1.000000e+00
1.000000e+00
1.000000e+00
1.000000e+00
1.000000e+00
1.000000e+00
1.000000e+00
1.000000e+00
1.000000e+00
1.000000e+00
1.000000e+00
1.000000e+00
1.000000e+00
1.000000e+00
1.000000e+00
1.000000e+00
1.000000e+00
1.000000e+00
1.000000e+00
1.000000e+00
1.000000e+00
1.000000e+00
1.000000e+00
1.000000e+00
1.000000e+00
1.000000e+00
1.000000e+00
1.000000e+00
1.000000e+00
1.000000e+00
1.000000e+00
1.000000e+00
1.000000e+00
1.000000e+00
1.000000e+00
1.000000e+00
1.000000e+00
1.000000e+00
1.000000e+00
1.000000e+00
1.000000e+00
1.000000e+00
1.000000e+00
1.000000e+00
1.000000e+00
1.000000e+00
1.000000e+00
1.000000e+00
1.000000e+00
1.000000e+00
1.000000e+00
1.000000e+00
1.000000e+00
1.000000e+00
1.000000e+00
1.000000e+00
1.000000e+00
1.000000e+00
1.000000e+00
1.000000e+00
1.000000e+00
1.000000e+00
1.000000e+00
1.000000e+00
1.000000e+00
1.000000e+00
1.000000e+00
1.000000e+00
1.000000e+00
1.000000e+00
1.000000e+00
1.000000e+00
1.000000e+00
1.000000e+00
1.000000e+00
1.000000e+00
1.000000e+00
1.000000e+00
1.000000e+00
1.000000e+00
1.000000e+00
1.000000e+00
1.000000e+00
1.000000e+00
1.000000e+00
1.000000e+00
1.000000e+00
1.000000e+00
1.000000e+00
1.000000e+00
1.000000e+00
1.000000e+00
1.000000e+00
1.000000e+00
1.000000e+00
1.000000e+00
1.000000e+00
1.000000e+00
1.000000e+00
1.000000e+00
9.999999e-01
9.999999e-01
9.999998e-01
9.999997e-01
9.999996e-01
9.999993e-01
9.999988e-01
9.999979e-01
9.999965e-01
9.999940e-01
9.999897e-01
9.999821e-01
9.999689e-01
9.999458e-01
9.999055e-01
9.998357e-01
9.997159e-01
9.995132e-01
9.991758e-01
9.986260e-01
9.977524e-01
9.964035e-01
9.943852e-01
9.914653e-01
9.873871e-01
9.818895e-01
9.747359e-01
9.657380e-01
9.547779e-01
9.418198e-01
9.269045e-01
9.101540e-01
8.917398e-01
8.718759e-01
8.507984e-01
8.287418e-01
8.059567e-01
7.826665e-01
7.590866e-01
7.353953e-01
7.117874e-01
6.884088e-01
6.654105e-01
6.428896e-01
6.209853e-01
5.997755e-01
5.793493e-01
5.597548e-01
5.410471e-01
5.232898e-01
5.064554e-01
4.905645e-01
4.756101e-01
4.615141e-01
4.482771e-01
4.357498e-01
4.239076e-01
4.126371e-01
4.018222e-01
3.913900e-01
3.812164e-01
3.712315e-01
3.613438e-01
3.514908e-01
3.416106e-01
3.316468e-01
3.215700e-01
3.113367e-01
3.009168e-01
2.902921e-01
2.794471e-01
2.683804e-01
2.571147e-01
2.456931e-01
2.341905e-01
2.227169e-01
2.114157e-01
2.004579e-01
1.900251e-01
1.802978e-01
1.714270e-01
1.635184e-01
1.566228e-01
1.507336e-01
1.457954e-01
1.417175e-01
1.383907e-01
1.357006e-01
1.335389e-01
1.318087e-01
1.304266e-01
1.293241e-01
1.284447e-01
1.277430e-01
1.271837e-01
1.267369e-01
1.263805e-01
1.260963e-01
1.258692e-01
1.256886e-01
1.255445e-01
1.254296e-01
1.253388e-01
1.252662e-01
1.252090e-01
1.251637e-01
1.251277e-01
1.250997e-01
1.250775e-01
1.250600e-01
1.250465e-01
1.250358e-01
1.250276e-01
1.250212e-01
1.250162e-01
1.250124e-01
1.250094e-01
1.250071e-01
1.250054e-01
1.250041e-01
1.250031e-01
1.250023e-01
1.250017e-01
1.250013e-01
1.250010e-01
1.250007e-01
1.250005e-01
1.250004e-01
1.250003e-01
1.250002e-01
1.250002e-01
1.250001e-01
1.250001e-01
1.250001e-01
1.250000e-01
1.250000e-01
1.250000e-01
1.250000e-01
1.250000e-01
1.250000e-01
1.250000e-01
1.250000e-01
1.250000e-01
1.250000e-01
1.250000e-01
1.250000e-01
1.250000e-01
1.250000e-01
1.250000e-01
1.250000e-01
1.250000e-01
1.250000e-01
1.250000e-01
1.250000e-01
1.250000e-01
1.250000e-01
1.250000e-01
1.250000e-01
1.250000e-01
1.250000e-01
1.250000e-01
1.250000e-01
1.250000e-01
1.250000e-01
1.250000e-01
1.250000e-01
1.250000e-01
1.250000e-01
1.250000e-01
1.250000e-01
1.250000e-01
1.250000e-01
1.250000e-01
1.250000e-01
1.250000e-01
1.250000e-01
1.250000e-01
1.250000e-01
1.250000e-01
1.250000e-01
1.250000e-01
1.250000e-01
1.250000e-01
1.250000e-01
1.250000e-01
1.250000e-01
1.250000e-01
1.250000e-01
1.250000e-01
1.250000e-01
1.250000e-01
1.250000e-01
1.250000e-01
1.250000e-01
1.250000e-01
1.250000e-01
1.250000e-01
1.250000e-01
1.250000e-01
1.250000e-01
1.250000e-01
1.250000e-01
1.250000e-01
1.250000e-01
1.250000e-01
1.250000e-01
1.250000e-01
1.250000e-01
1.250000e-01
1.250000e-01
1.250000e-01
1.250000e-01
1.250000e-01
1.250000e-01
1.250000e-01
1.250000e-01
1.250000e-01
1.250000e-01
1.250000e-01
1.250000e-01
1.250000e-01
1.250000e-01
1.250000e-01
1.250000e-01
1.250001e-01
1.250001e-01
1.250001e-01
1.250002e-01
1.250002e-01
1.250003e-01
1.250004e-01
1.250005e-01
1.250007e-01
1.250010e-01
1.250013e-01
1.250018e-01
1.250024e-01
1.250031e-01
1.250042e-01
1.250055e-01
1.250073e-01
1.250096e-01
1.250125e-01
1.250164e-01
1.250214e-01
1.250279e-01
1.250362e-01
1.250468e-01
1.250605e-01
1.250780e-01
1.251002e-01
1.251285e-01
1.251644e-01
1.252100e-01
1.252675e-01
1.253401e-01
1.254316e-01
1.255467e-01
1.256914e-01
1.258729e-01
1.261006e-01
1.263861e-01
1.267436e-01
1.271914e-01
1.277522e-01
1.284546e-01
1.293345e-01
1.304365e-01
1.318160e-01
1.335411e-01
1.356933e-01
1.383683e-01
1.416732e-01
1.457218e-01
1.506241e-01
1.564732e-01
1.633285e-01
1.712016e-01
1.800461e-01
1.897583e-01
2.001871e-01
2.111526e-01
2.224707e-01
2.339662e-01
2.454924e-01
2.569363e-01
2.682209e-01
2.793025e-01
2.901590e-01
3.007907e-01
3.112145e-01
3.214485e-01
3.315233e-01
3.414838e-01
3.513576e-01
3.612093e-01
3.710920e-01
3.810775e-01
3.912523e-01
4.016919e-01
4.125169e-01
4.238068e-01
4.356678e-01
4.482266e-01
4.614934e-01
4.756308e-01
4.906202e-01
