5.040944e-01
5.196283e-01
5.359849e-01
5.531865e-01
5.711876e-01
5.899769e-01
6.094708e-01
6.296375e-01
6.503932e-01
6.716580e-01
6.933403e-01
7.153383e-01
7.375306e-01
7.597969e-01
7.819751e-01
8.039192e-01
8.254529e-01
8.463887e-01
8.665247e-01
8.856573e-01
9.035854e-01
9.201173e-01
9.350853e-01
9.483587e-01
9.598573e-01
9.695647e-01
9.775297e-01
9.838665e-01
9.887454e-01
9.923743e-01
9.949804e-01
9.967868e-01
9.979963e-01
9.987798e-01
9.992720e-01
9.995728e-01
9.997525e-01
9.998578e-01
9.999187e-01
9.999535e-01
9.999733e-01
9.999846e-01
9.999911e-01
9.999948e-01
9.999969e-01
9.999982e-01
9.999989e-01
9.999993e-01
9.999996e-01
9.999998e-01
9.999998e-01
9.999999e-01
9.999999e-01
1.000000e+00
1.000000e+00
1.000000e+00
1.000000e+00
1.000000e+00
1.000000e+00
1.000000e+00
1.000000e+00
1.000000e+00
1.000000e+00
1.000000e+00
1.000000e+00
1.000000e+00
1.000000e+00
1.000000e+00
1.000000e+00
1.000000e+00
1.000000e+00
1.000000e+00
1.000000e+00
1.000000e+00
1.000000e+00
1.000000e+00
1.000000e+00
1.000000e+00
1.000000e+00
1.000000e+00
1.000000e+00
1.000000e+00
1.000000e+00
1.000000e+00
1.000000e+00
1.000000e+00
1.000000e+00
1.000000e+00
1.000000e+00
1.000000e+00
1.000000e+00
1.000000e+00
1.000000e+00
1.000000e+00
1.000000e+00
1.000000e+00
1.000000e+00
1.000000e+00
1.000000e+00
1.000000e+00
1.000000e+00
1.000000e+00
1.000000e+00
1.000000e+00
1.000000e+00
1.000000e+00
1.000000e+00
1.000000e+00
1.000000e+00
1.000000e+00
1.000000e+00
1.000000e+00
1.000000e+00
1.000000e+00
1.000000e+00
1.000000e+00
1.000000e+00
1.000000e+00
1.000000e+00
1.000000e+00
1.000000e+00
1.000000e+00
1.000000e+00
1.000000e+00
1.000000e+00
1.000000e+00
1.000000e+00
1.000000e+00
1.000000e+00
1.000000e+00
1.000000e+00
1.000000e+00
1.000000e+00
1.000000e+00
1.000000e+00
1.000000e+00
1.000000e+00
1.000000e+00
1.000000e+00
1.000000e+00
1.000000e+00
1.000000e+00
1.000000e+00
1.000000e+00
1.000000e+00
1.000000e+00
1.000000e+00
1.000000e+00
1.000000e+00
1.000000e+00
1.000000e+00
1.000000e+00
1.000000e+00
1.000000e+00
1.000000e+00
1.000000e+00
1.000000e+00
1.000000e+00
1.000000e+00
1.000000e+00
1.000000e+00
1.000000e+00
1.000000e+00
1.000000e+00
1.000000e+00
1.000000e+00
1.000000e+00
1.000000e+00
1.000000e+00
1.000000e+00
1.000000e+00
1.000000e+00
1.000000e+00
1.000000e+00
1.000000e+00
1.000000e+00
1.000000e+00
1.000000e+00
1.000000e+00
1.000000e+00
1.000000e+00
1.000000e+00
1.000000e+00
1.000000e+00
1.000000e+00
1.000000e+00
1.000000e+00
1.000000e+00
1.000000e+00
1.000000e+00
1.000000e+00
1.000000e+00
1.000000e+00
1.000000e+00
1.000000e+00
1.000000e+00
1.000000e+00
1.000000e+00
1.000000e+00
1.000000e+00
1.000000e+00
1.000000e+00
1.000000e+00
9.999999e-01
9.999999e-01
9.999998e-01
9.999997e-01
9.999995e-01
9.999991e-01
9.999986e-01
9.999976e-01
9.999960e-01
9.999933e-01
9.999885e-01
9.999804e-01
9.999663e-01
9.999422e-01
9.999008e-01
9.998303e-01
9.997115e-01
9.995141e-01
9.991913e-01
9.986742e-01
9.978657e-01
9.966346e-01
9.948145e-01
9.922067e-01
9.885902e-01
9.837374e-01
9.774372e-01
9.695136e-01
9.598458e-01
9.483793e-01
9.351254e-01
9.201632e-01
9.036223e-01
8.856724e-01
8.665078e-01
8.463322e-01
8.253540e-01
8.037771e-01
7.817924e-01
7.595786e-01
7.372829e-01
7.150685e-01
6.930572e-01
6.713702e-01
6.501061e-01
6.293606e-01
6.092105e-01
5.897379e-01
5.709737e-01
5.530002e-01
5.358325e-01
5.195083e-01
5.040155e-01
4.893623e-01
4.755483e-01
4.625010e-01
4.502147e-01
4.385971e-01
4.275736e-01
4.171005e-01
4.070434e-01
3.973612e-01
3.879396e-01
3.787168e-01
3.696135e-01
3.605672e-01
3.515321e-01
3.424577e-01
3.333075e-01
3.240584e-01
3.146751e-01
3.051364e-01
2.954216e-01
2.855097e-01
2.753885e-01
2.650555e-01
2.545267e-01
2.438372e-01
2.330509e-01
2.222621e-01
2.115952e-01
2.012010e-01
1.912420e-01
1.818829e-01
1.732666e-01
1.655005e-01
1.586458e-01
1.527139e-01
1.476711e-01
1.434488e-01
1.399566e-01
1.370954e-01
1.347668e-01
1.328802e-01
1.313559e-01
1.301257e-01
1.291339e-01
1.283339e-01
1.276883e-01
1.271676e-01
1.267468e-01
1.264069e-01
1.261328e-01
1.259109e-01
1.257318e-01
1.255876e-01
1.254706e-01
1.253767e-01
1.253012e-01
1.252401e-01
1.251913e-01
1.251522e-01
1.251206e-01
1.250956e-01
1.250755e-01
1.250595e-01
1.250469e-01
1.250368e-01
1.250288e-01
1.250226e-01
1.250176e-01
1.250137e-01
1.250106e-01
1.250082e-01
1.250063e-01
1.250049e-01
1.250037e-01
1.250029e-01
1.250022e-01
1.250017e-01
1.250013e-01
1.250010e-01
1.250007e-01
1.250006e-01
1.250004e-01
1.250003e-01
1.250002e-01
1.250002e-01
1.250001e-01
1.250001e-01
1.250001e-01
1.250001e-01
1.250000e-01
1.250000e-01
1.250000e-01
1.250000e-01
1.250000e-01
1.250000e-01
1.250000e-01
1.250000e-01
1.250000e-01
1.250000e-01
1.250000e-01
1.250000e-01
1.250000e-01
1.250000e-01
1.250000e-01
1.250000e-01
1.250000e-01
1.250000e-01
1.250000e-01
1.250000e-01
1.250000e-01
1.250000e-01
1.250000e-01
1.250000e-01
1.250000e-01
1.250000e-01
1.250000e-01
1.250000e-01
1.250000e-01
1.250000e-01
1.250000e-01
1.250000e-01
1.250000e-01
1.250000e-01
1.250000e-01
1.250000e-01
1.250000e-01
1.250000e-01
1.250000e-01
1.250000e-01
1.250000e-01
1.250000e-01
1.250000e-01
1.250000e-01
1.250000e-01
1.250000e-01
1.250000e-01
1.250000e-01
1.250000e-01
1.250000e-01
1.250000e-01
1.250000e-01
1.250000e-01
1.250000e-01
1.250000e-01
1.250000e-01
1.250000e-01
1.250000e-01
1.250000e-01
1.250000e-01
1.250000e-01
1.250000e-01
1.250000e-01
1.250000e-01
1.250000e-01
1.250000e-01
1.250000e-01
1.250000e-01
1.250000e-01
1.250000e-01
1.250000e-01
1.250000e-01
1.250000e-01
1.250000e-01
1.250000e-01
1.250000e-01
1.250000e-01
1.250000e-01
1.250001e-01
1.250001e-01
1.250001e-01
1.250001e-01
1.250002e-01
1.250002e-01
1.250003e-01
1.250004e-01
1.250006e-01
1.250008e-01
1.250010e-01
1.250013e-01
1.250017e-01
1.250022e-01
1.250029e-01
1.250038e-01
1.250050e-01
1.250064e-01
1.250083e-01
1.250107e-01
1.250138e-01
1.250177e-01
1.250227e-01
1.250290e-01
1.250370e-01
1.250471e-01
1.250599e-01
1.250759e-01
1.250960e-01
1.251212e-01
1.251527e-01
1.251921e-01
1.252411e-01
1.253022e-01
1.253782e-01
1.254725e-01
1.255895e-01
1.257346e-01
1.259143e-01
1.261368e-01
1.264121e-01
1.267528e-01
1.271745e-01
1.276965e-01
1.283428e-01
1.291433e-01
1.301350e-01
1.313633e-01
1.328839e-01
1.347636e-01
1.370810e-01
1.399256e-01
1.433947e-01
1.475876e-01
1.525957e-01
1.584900e-01
1.653083e-01
1.730433e-01
1.816373e-01
1.909846e-01
2.009417e-01
2.113442e-01
2.220275e-01
2.328372e-01
2.436456e-01
2.543557e-01
2.649029e-01
2.752511e-01
2.853831e-01
2.953024e-01
3.050218e-01
3.145626e-01
3.239434e-01
3.331893e-01
3.423377e-01
3.514056e-01
3.604392e-01
3.694800e-01
3.785842e-01
3.878052e-01
3.972354e-01
4.069216e-01
4.169931e-01
4.274805e-01
4.385291e-01
4.501744e-01
4.624883e-01
4.755712e-01
4.894155e-01
