5.116147e-01
5.315462e-01
5.525775e-01
5.747839e-01
5.980392e-01
6.222534e-01
6.473017e-01
6.730576e-01
6.993242e-01
7.259249e-01
7.526481e-01
7.792202e-01
8.053969e-01
8.308733e-01
8.553446e-01
8.784737e-01
8.999528e-01
9.194832e-01
9.368209e-01
9.517875e-01
9.643140e-01
9.744387e-01
9.823165e-01
9.881982e-01
9.924048e-01
9.952830e-01
9.971676e-01
9.983501e-01
9.990636e-01
9.994793e-01
9.997146e-01
9.998448e-01
9.999158e-01
9.999542e-01
9.999750e-01
9.999862e-01
9.999923e-01
9.999957e-01
9.999975e-01
9.999986e-01
9.999992e-01
9.999995e-01
9.999997e-01
9.999998e-01
9.999999e-01
9.999999e-01
1.000000e+00
1.000000e+00
1.000000e+00
1.000000e+00
1.000000e+00
1.000000e+00
1.000000e+00
1.000000e+00
1.000000e+00
1.000000e+00
1.000000e+00
1.000000e+00
1.000000e+00
1.000000e+00
1.000000e+00
1.000000e+00
1.000000e+00
1.000000e+00
1.000000e+00
1.000000e+00
1.000000e+00
1.000000e+00
1.000000e+00
1.000000e+00
1.000000e+00
1.000000e+00
1.000000e+00
1.000000e+00
1.000000e+00
1.000000e+00
1.000000e+00
1.000000e+00
1.000000e+00
1.000000e+00
1.000000e+00
1.000000e+00
1.000000e+00
1.000000e+00
1.000000e+00
1.000000e+00
1.000000e+00
1.000000e+00
1.000000e+00
1.000000e+00
1.000000e+00
1.000000e+00
1.000000e+00
1.000000e+00
1.000000e+00
1.000000e+00
1.000000e+00
1.000000e+00
1.000000e+00
1.000000e+00
1.000000e+00
1.000000e+00
1.000000e+00
1.000000e+00
1.000000e+00
1.000000e+00
1.000000e+00
1.000000e+00
1.000000e+00
1.000000e+00
1.000000e+00
1.000000e+00
1.000000e+00
1.000000e+00
1.000000e+00
1.000000e+00
1.000000e+00
1.000000e+00
1.000000e+00
1.000000e+00
1.000000e+00
1.000000e+00
1.000000e+00
1.000000e+00
1.000000e+00
1.000000e+00
1.000000e+00
1.000000e+00
1.000000e+00
1.000000e+00
1.000000e+00
1.000000e+00
1.000000e+00
1.000000e+00
1.000000e+00
1.000000e+00
1.000000e+00
1.000000e+00
1.000000e+00
1.000000e+00
1.000000e+00
1.000000e+00
1.000000e+00
1.000000e+00
1.000000e+00
1.000000e+00
1.000000e+00
1.000000e+00
1.000000e+00
1.000000e+00
1.000000e+00
1.000000e+00
1.000000e+00
1.000000e+00
1.000000e+00
1.000000e+00
1.000000e+00
1.000000e+00
1.000000e+00
1.000000e+00
1.000000e+00
1.000000e+00
1.000000e+00
1.000000e+00
1.000000e+00
1.000000e+00
1.000000e+00
1.000000e+00
1.000000e+00
1.000000e+00
1.000000e+00
1.000000e+00
1.000000e+00
1.000000e+00
1.000000e+00
1.000000e+00
1.000000e+00
1.000000e+00
1.000000e+00
1.000000e+00
1.000000e+00
1.000000e+00
1.000000e+00
1.000000e+00
1.000000e+00
1.000000e+00
1.000000e+00
1.000000e+00
1.000000e+00
1.000000e+00
1.000000e+00
1.000000e+00
1.000000e+00
1.000000e+00
1.000000e+00
1.000000e+00
1.000000e+00
1.000000e+00
1.000000e+00
1.000000e+00
1.000000e+00
1.000000e+00
1.000000e+00
1.000000e+00
1.000000e+00
1.000000e+00
1.000000e+00
1.000000e+00
1.000000e+00
1.000000e+00
9.999999e-01
9.999999e-01
9.999998e-01
9.999996e-01
9.999994e-01
9.999989e-01
9.999981e-01
9.999967e-01
9.999943e-01
9.999899e-01
9.999819e-01
9.999676e-01
9.999417e-01
9.998950e-01
9.998113e-01
9.996628e-01
9.994028e-01
9.989570e-01
9.982108e-01
9.969982e-01
9.950938e-01
9.922128e-01
9.880246e-01
9.821812e-01
9.743554e-01
9.642853e-01
9.518052e-01
9.368676e-01
9.195365e-01
8.999903e-01
8.784759e-01
8.552969e-01
8.307673e-01
8.052311e-01
7.789998e-01
7.523803e-01
7.256228e-01
6.990002e-01
6.727271e-01
6.469758e-01
6.219449e-01
5.977622e-01
5.745390e-01
5.523796e-01
5.313901e-01
5.115204e-01
4.928461e-01
4.753533e-01
4.589596e-01
4.436030e-01
4.291323e-01
4.154639e-01
4.024255e-01
3.899038e-01
3.777539e-01
3.658426e-01
3.540600e-01
3.423048e-01
3.304768e-01
3.185174e-01
3.063643e-01
2.939907e-01
2.813795e-01
2.685424e-01
2.555284e-01
2.424220e-01
2.293522e-01
2.164920e-01
2.040519e-01
1.922588e-01
1.813368e-01
1.714759e-01
1.628021e-01
1.553655e-01
1.491397e-01
1.440351e-01
1.399208e-01
1.366478e-01
1.340682e-01
1.320478e-01
1.304709e-01
1.292430e-01
1.282875e-01
1.275447e-01
1.269673e-01
1.265185e-01
1.261704e-01
1.259000e-01
1.256909e-01
1.255287e-01
1.254038e-01
1.253074e-01
1.252333e-01
1.251767e-01
1.251331e-01
1.251002e-01
1.250750e-01
1.250560e-01
1.250417e-01
1.250309e-01
1.250228e-01
1.250168e-01
1.250123e-01
1.250090e-01
1.250065e-01
1.250047e-01
1.250034e-01
1.250025e-01
1.250018e-01
1.250013e-01
1.250009e-01
1.250006e-01
1.250004e-01
1.250003e-01
1.250002e-01
1.250002e-01
1.250001e-01
1.250001e-01
1.250000e-01
1.250000e-01
1.250000e-01
1.250000e-01
1.250000e-01
1.250000e-01
1.250000e-01
1.250000e-01
1.250000e-01
1.250000e-01
1.250000e-01
1.250000e-01
1.250000e-01
1.250000e-01
1.250000e-01
1.250000e-01
1.250000e-01
1.250000e-01
1.250000e-01
1.250000e-01
1.250000e-01
1.250000e-01
1.250000e-01
1.250000e-01
1.250000e-01
1.250000e-01
1.250000e-01
1.250000e-01
1.250000e-01
1.250000e-01
1.250000e-01
1.250000e-01
1.250000e-01
1.250000e-01
1.250000e-01
1.250000e-01
1.250000e-01
1.250000e-01
1.250000e-01
1.250000e-01
1.250000e-01
1.250000e-01
1.250000e-01
1.250000e-01
1.250000e-01
1.250000e-01
1.250000e-01
1.250000e-01
1.250000e-01
1.250000e-01
1.250000e-01
1.250000e-01
1.250000e-01
1.250000e-01
1.250000e-01
1.250000e-01
1.250000e-01
1.250000e-01
1.250000e-01
1.250000e-01
1.250000e-01
1.250000e-01
1.250000e-01
1.250000e-01
1.250000e-01
1.250000e-01
1.250000e-01
1.250000e-01
1.250000e-01
1.250000e-01
1.250000e-01
1.250000e-01
1.250000e-01
1.250000e-01
1.250000e-01
1.250000e-01
1.250000e-01
1.250000e-01
1.250000e-01
1.250000e-01
1.250000e-01
1.250000e-01
1.250000e-01
1.250000e-01
1.250000e-01
1.250000e-01
1.250000e-01
1.250000e-01
1.250000e-01
1.250000e-01
1.250000e-01
1.250000e-01
1.250000e-01
1.250000e-01
1.250000e-01
1.250000e-01
1.250000e-01
1.250000e-01
1.250000e-01
1.250000e-01
1.250000e-01
1.250000e-01
1.250000e-01
1.250000e-01
1.250000e-01
1.250000e-01
1.250000e-01
1.250000e-01
1.250000e-01
1.250000e-01
1.250000e-01
1.250001e-01
1.250001e-01
1.250001e-01
1.250002e-01
1.250002e-01
1.250003e-01
1.250005e-01
1.250007e-01
1.250009e-01
1.250013e-01
1.250018e-01
1.250025e-01
1.250035e-01
1.250049e-01
1.250067e-01
1.250092e-01
1.250126e-01
1.250171e-01
1.250232e-01
1.250313e-01
1.250422e-01
1.250567e-01
1.250758e-01
1.251011e-01
1.251343e-01
1.251779e-01
1.252350e-01
1.253094e-01
1.254062e-01
1.255319e-01
1.256946e-01
1.259050e-01
1.261764e-01
1.265262e-01
1.269764e-01
1.275554e-01
1.282997e-01
1.292558e-01
1.304831e-01
1.320565e-01
1.340694e-01
1.366350e-01
1.398859e-01
1.439686e-01
1.490324e-01
1.552113e-01
1.626001e-01
1.712319e-01
1.810619e-01
1.919665e-01
2.037568e-01
2.162085e-01
2.290909e-01
2.421868e-01
2.553194e-01
2.683569e-01
2.812140e-01
2.938383e-01
3.062198e-01
3.183763e-01
3.303370e-01
3.421649e-01
3.539150e-01
3.656923e-01
3.776032e-01
3.897514e-01
4.022845e-01
4.153359e-01
4.290287e-01
4.435303e-01
4.589253e-01
4.753649e-01
4.929067e-01
