5.126002e-01
5.331659e-01
5.548741e-01
5.778005e-01
6.017930e-01
6.267836e-01
6.526127e-01
6.791208e-01
7.061288e-01
7.334088e-01
7.607352e-01
7.878121e-01
8.143622e-01
8.400633e-01
8.645655e-01
8.875339e-01
9.086392e-01
9.275920e-01
9.441598e-01
9.582136e-01
9.697357e-01
9.788329e-01
9.857268e-01
9.907279e-01
9.941960e-01
9.964939e-01
9.979501e-01
9.988350e-01
9.993530e-01
9.996466e-01
9.998090e-01
9.998971e-01
9.999445e-01
9.999699e-01
9.999835e-01
9.999909e-01
9.999949e-01
9.999971e-01
9.999984e-01
9.999991e-01
9.999995e-01
9.999997e-01
9.999998e-01
9.999999e-01
9.999999e-01
1.000000e+00
1.000000e+00
1.000000e+00
1.000000e+00
1.000000e+00
1.000000e+00
1.000000e+00
1.000000e+00
1.000000e+00
1.000000e+00
1.000000e+00
1.000000e+00
1.000000e+00
1.000000e+00
1.000000e+00
1.000000e+00
1.000000e+00
1.000000e+00
1.000000e+00
1.000000e+00
1.000000e+00
1.000000e+00
1.000000e+00
1.000000e+00
1.000000e+00
1.000000e+00
1.000000e+00
1.000000e+00
1.000000e+00
1.000000e+00
1.000000e+00
1.000000e+00
1.000000e+00
1.000000e+00
1.000000e+00
1.000000e+00
1.000000e+00
1.000000e+00
1.000000e+00
1.000000e+00
1.000000e+00
1.000000e+00
1.000000e+00
1.000000e+00
1.000000e+00
1.000000e+00
1.000000e+00
1.000000e+00
1.000000e+00
1.000000e+00
1.000000e+00
1.000000e+00
1.000000e+00
1.000000e+00
1.000000e+00
1.000000e+00
1.000000e+00
1.000000e+00
1.000000e+00
1.000000e+00
1.000000e+00
1.000000e+00
1.000000e+00
1.000000e+00
1.000000e+00
1.000000e+00
1.000000e+00
1.000000e+00
1.000000e+00
1.000000e+00
1.000000e+00
1.000000e+00
1.000000e+00
1.000000e+00
1.000000e+00
1.000000e+00
1.000000e+00
1.000000e+00
1.000000e+00
1.000000e+00
1.000000e+00
1.000000e+00
1.000000e+00
1.000000e+00
1.000000e+00
1.000000e+00
1.000000e+00
1.000000e+00
1.000000e+00
1.000000e+00
1.000000e+00
1.000000e+00
1.000000e+00
1.000000e+00
1.000000e+00
1.000000e+00
1.000000e+00
1.000000e+00
1.000000e+00
1.000000e+00
1.000000e+00
1.000000e+00
1.000000e+00
1.000000e+00
1.000000e+00
1.000000e+00
1.000000e+00
1.000000e+00
1.000000e+00
1.000000e+00
1.000000e+00
1.000000e+00
1.000000e+00
1.000000e+00
1.000000e+00
1.000000e+00
1.000000e+00
1.000000e+00
1.000000e+00
1.000000e+00
1.000000e+00
1.000000e+00
1.000000e+00
1.000000e+00
1.000000e+00
1.000000e+00
1.000000e+00
1.000000e+00
1.000000e+00
1.000000e+00
1.000000e+00
1.000000e+00
1.000000e+00
1.000000e+00
1.000000e+00
1.000000e+00
1.000000e+00
1.000000e+00
1.000000e+00
1.000000e+00
1.000000e+00
1.000000e+00
1.000000e+00
1.000000e+00
1.000000e+00
1.000000e+00
1.000000e+00
1.000000e+00
1.000000e+00
1.000000e+00
1.000000e+00
1.000000e+00
1.000000e+00
1.000000e+00
1.000000e+00
1.000000e+00
1.000000e+00
1.000000e+00
1.000000e+00
1.000000e+00
1.000000e+00
1.000000e+00
1.000000e+00
1.000000e+00
1.000000e+00
9.999999e-01
9.999999e-01
9.999999e-01
9.999998e-01
9.999996e-01
9.999993e-01
9.999988e-01
9.999978e-01
9.999962e-01
9.999933e-01
9.999880e-01
9.999785e-01
9.999611e-01
9.999295e-01
9.998723e-01
9.997693e-01
9.995858e-01
9.992645e-01
9.987138e-01
9.977954e-01
9.963115e-01
9.939999e-01
9.905383e-01
9.855661e-01
9.787195e-01
9.696792e-01
9.582106e-01
9.441963e-01
9.276460e-01
9.086871e-01
8.875527e-01
8.645378e-01
8.399771e-01
8.142144e-01
7.876047e-01
7.604762e-01
7.331094e-01
7.058028e-01
6.787855e-01
6.522796e-01
6.264665e-01
6.015074e-01
5.775472e-01
5.546695e-01
5.330046e-01
5.125042e-01
4.932571e-01
4.752460e-01
4.583863e-01
4.425950e-01
4.277285e-01
4.136795e-01
4.002844e-01
3.873979e-01
3.748881e-01
3.626049e-01
3.504358e-01
3.382656e-01
3.260047e-01
3.135840e-01
3.009561e-01
2.880958e-01
2.749979e-01
2.617005e-01
2.482770e-01
2.348447e-01
2.215693e-01
2.086594e-01
1.963495e-01
1.848762e-01
1.744535e-01
1.652351e-01
1.572959e-01
1.506284e-01
1.451534e-01
1.407409e-01
1.372361e-01
1.344815e-01
1.323319e-01
1.306614e-01
1.293668e-01
1.283646e-01
1.275894e-01
1.269901e-01
1.265269e-01
1.261695e-01
1.258935e-01
1.256814e-01
1.255179e-01
1.253928e-01
1.252968e-01
1.252237e-01
1.251680e-01
1.251257e-01
1.250938e-01
1.250696e-01
1.250516e-01
1.250380e-01
1.250279e-01
1.250204e-01
1.250149e-01
1.250108e-01
1.250078e-01
1.250056e-01
1.250040e-01
1.250029e-01
1.250020e-01
1.250014e-01
1.250010e-01
1.250007e-01
1.250005e-01
1.250003e-01
1.250002e-01
1.250002e-01
1.250001e-01
1.250001e-01
1.250001e-01
1.250000e-01
1.250000e-01
1.250000e-01
1.250000e-01
1.250000e-01
1.250000e-01
1.250000e-01
1.250000e-01
1.250000e-01
1.250000e-01
1.250000e-01
1.250000e-01
1.250000e-01
1.250000e-01
1.250000e-01
1.250000e-01
1.250000e-01
1.250000e-01
1.250000e-01
1.250000e-01
1.250000e-01
1.250000e-01
1.250000e-01
1.250000e-01
1.250000e-01
1.250000e-01
1.250000e-01
1.250000e-01
1.250000e-01
1.250000e-01
1.250000e-01
1.250000e-01
1.250000e-01
1.250000e-01
1.250000e-01
1.250000e-01
1.250000e-01
1.250000e-01
1.250000e-01
1.250000e-01
1.250000e-01
1.250000e-01
1.250000e-01
1.250000e-01
1.250000e-01
1.250000e-01
1.250000e-01
1.250000e-01
1.250000e-01
1.250000e-01
1.250000e-01
1.250000e-01
1.250000e-01
1.250000e-01
1.250000e-01
1.250000e-01
1.250000e-01
1.250000e-01
1.250000e-01
1.250000e-01
1.250000e-01
1.250000e-01
1.250000e-01
1.250000e-01
1.250000e-01
1.250000e-01
1.250000e-01
1.250000e-01
1.250000e-01
1.250000e-01
1.250000e-01
1.250000e-01
1.250000e-01
1.250000e-01
1.250000e-01
1.250000e-01
1.250000e-01
1.250000e-01
1.250000e-01
1.250000e-01
1.250000e-01
1.250000e-01
1.250000e-01
1.250000e-01
1.250000e-01
1.250000e-01
1.250000e-01
1.250000e-01
1.250000e-01
1.250000e-01
1.250000e-01
1.250000e-01
1.250000e-01
1.250000e-01
1.250000e-01
1.250000e-01
1.250000e-01
1.250000e-01
1.250000e-01
1.250000e-01
1.250000e-01
1.250000e-01
1.250000e-01
1.250000e-01
1.250000e-01
1.250000e-01
1.250000e-01
1.250000e-01
1.250000e-01
1.250000e-01
1.250000e-01
1.250000e-01
1.250000e-01
1.250000e-01
1.250001e-01
1.250001e-01
1.250001e-01
1.250002e-01
1.250003e-01
1.250004e-01
1.250005e-01
1.250008e-01
1.250011e-01
1.250015e-01
1.250021e-01
1.250030e-01
1.250042e-01
1.250058e-01
1.250080e-01
1.250110e-01
1.250152e-01
1.250208e-01
1.250284e-01
1.250385e-01
1.250522e-01
1.250704e-01
1.250947e-01
1.251268e-01
1.251694e-01
1.252254e-01
1.252990e-01
1.253953e-01
1.255212e-01
1.256854e-01
1.258988e-01
1.261758e-01
1.265349e-01
1.269997e-01
1.276008e-01
1.283774e-01
1.293803e-01
1.306739e-01
1.323401e-01
1.344809e-01
1.372194e-01
1.406992e-01
1.450766e-01
1.505076e-01
1.571256e-01
1.650165e-01
1.741946e-01
1.845895e-01
1.960492e-01
2.083620e-01
2.212883e-01
2.345882e-01
2.480482e-01
2.614982e-01
2.748180e-01
2.879323e-01
3.008050e-01
3.134392e-01
3.258603e-01
3.381205e-01
3.502899e-01
3.624581e-01
3.747345e-01
3.872418e-01
4.001392e-01
4.135452e-01
4.276212e-01
4.425170e-01
4.583500e-01
4.752557e-01
4.933189e-01
