5.199148e-01
5.454883e-01
5.725988e-01
6.012261e-01
6.311053e-01
6.620696e-01
6.937566e-01
7.258700e-01
7.580238e-01
7.897484e-01
8.205918e-01
8.500511e-01
8.775881e-01
9.027205e-01
9.250145e-01
9.441336e-01
9.599216e-01
9.724070e-01
9.818171e-01
9.885497e-01
9.931104e-01
9.960322e-01
9.978039e-01
9.988249e-01
9.993873e-01
9.996859e-01
9.998402e-01
9.999187e-01
9.999584e-01
9.999785e-01
9.999887e-01
9.999940e-01
9.999968e-01
9.999983e-01
9.999990e-01
9.999995e-01
9.999997e-01
9.999998e-01
9.999999e-01
9.999999e-01
1.000000e+00
1.000000e+00
1.000000e+00
1.000000e+00
1.000000e+00
1.000000e+00
1.000000e+00
1.000000e+00
1.000000e+00
1.000000e+00
1.000000e+00
1.000000e+00
1.000000e+00
1.000000e+00
1.000000e+00
1.000000e+00
1.000000e+00
1.000000e+00
1.000000e+00
1.000000e+00
1.000000e+00
1.000000e+00
1.000000e+00
1.000000e+00
1.000000e+00
1.000000e+00
1.000000e+00
1.000000e+00
1.000000e+00
1.000000e+00
1.000000e+00
1.000000e+00
1.000000e+00
1.000000e+00
1.000000e+00
1.000000e+00
1.000000e+00
1.000000e+00
1.000000e+00
1.000000e+00
1.000000e+00
1.000000e+00
1.000000e+00
1.000000e+00
1.000000e+00
1.000000e+00
1.000000e+00
1.000000e+00
1.000000e+00
1.000000e+00
1.000000e+00
1.000000e+00
1.000000e+00
1.000000e+00
1.000000e+00
1.000000e+00
1.000000e+00
1.000000e+00
1.000000e+00
1.000000e+00
1.000000e+00
1.000000e+00
1.000000e+00
1.000000e+00
1.000000e+00
1.000000e+00
1.000000e+00
1.000000e+00
1.000000e+00
1.000000e+00
1.000000e+00
1.000000e+00
1.000000e+00
1.000000e+00
1.000000e+00
1.000000e+00
1.000000e+00
1.000000e+00
1.000000e+00
1.000000e+00
1.000000e+00
1.000000e+00
1.000000e+00
1.000000e+00
1.000000e+00
1.000000e+00
1.000000e+00
1.000000e+00
1.000000e+00
1.000000e+00
1.000000e+00
1.000000e+00
1.000000e+00
1.000000e+00
1.000000e+00
1.000000e+00
1.000000e+00
1.000000e+00
1.000000e+00
1.000000e+00
1.000000e+00
1.000000e+00
1.000000e+00
1.000000e+00
1.000000e+00
1.000000e+00
1.000000e+00
1.000000e+00
1.000000e+00
1.000000e+00
1.000000e+00
1.000000e+00
1.000000e+00
1.000000e+00
1.000000e+00
1.000000e+00
1.000000e+00
1.000000e+00
1.000000e+00
1.000000e+00
1.000000e+00
1.000000e+00
1.000000e+00
1.000000e+00
1.000000e+00
1.000000e+00
1.000000e+00
1.000000e+00
1.000000e+00
1.000000e+00
1.000000e+00
1.000000e+00
1.000000e+00
1.000000e+00
1.000000e+00
1.000000e+00
1.000000e+00
1.000000e+00
1.000000e+00
1.000000e+00
1.000000e+00
1.000000e+00
1.000000e+00
1.000000e+00
1.000000e+00
1.000000e+00
1.000000e+00
1.000000e+00
1.000000e+00
1.000000e+00
1.000000e+00
1.000000e+00
1.000000e+00
1.000000e+00
1.000000e+00
1.000000e+00
1.000000e+00
1.000000e+00
1.000000e+00
1.000000e+00
1.000000e+00
1.000000e+00
1.000000e+00
1.000000e+00
1.000000e+00
1.000000e+00
1.000000e+00
1.000000e+00
1.000000e+00
1.000000e+00
1.000000e+00
1.000000e+00
1.000000e+00
1.000000e+00
1.000000e+00
1.000000e+00
9.999999e-01
9.999999e-01
9.999998e-01
9.999996e-01
9.999993e-01
9.999987e-01
9.999976e-01
9.999956e-01
9.999919e-01
9.999848e-01
9.999712e-01
9.999452e-01
9.998956e-01
9.998009e-01
9.996222e-01
9.992900e-01
9.986868e-01
9.976241e-01
9.958203e-01
9.928888e-01
9.883491e-01
9.816678e-01
9.723273e-01
9.599125e-01
9.441756e-01
9.250758e-01
9.027658e-01
8.775856e-01
8.499788e-01
8.204388e-01
7.895168e-01
7.577261e-01
7.255237e-01
6.933853e-01
6.616962e-01
6.307539e-01
6.009125e-01
5.723391e-01
5.452846e-01
5.198062e-01
4.960021e-01
4.738815e-01
4.533338e-01
4.341274e-01
4.161408e-01
3.991116e-01
3.827929e-01
3.669774e-01
3.514373e-01
3.359886e-01
3.204902e-01
3.048254e-01
2.889619e-01
2.729043e-01
2.567457e-01
2.406469e-01
2.248413e-01
2.096258e-01
1.953284e-01
1.822673e-01
1.707067e-01
1.608073e-01
1.525985e-01
1.459900e-01
1.408021e-01
1.368096e-01
1.337809e-01
1.315055e-01
1.298062e-01
1.285419e-01
1.276034e-01
1.269081e-01
1.263941e-01
1.260148e-01
1.257359e-01
1.255312e-01
1.253818e-01
1.252729e-01
1.251942e-01
1.251374e-01
1.250967e-01
1.250676e-01
1.250471e-01
1.250326e-01
1.250224e-01
1.250153e-01
1.250104e-01
1.250070e-01
1.250047e-01
1.250031e-01
1.250021e-01
1.250014e-01
1.250009e-01
1.250006e-01
1.250004e-01
1.250002e-01
1.250002e-01
1.250001e-01
1.250001e-01
1.250000e-01
1.250000e-01
1.250000e-01
1.250000e-01
1.250000e-01
1.250000e-01
1.250000e-01
1.250000e-01
1.250000e-01
1.250000e-01
1.250000e-01
1.250000e-01
1.250000e-01
1.250000e-01
1.250000e-01
1.250000e-01
1.250000e-01
1.250000e-01
1.250000e-01
1.250000e-01
1.250000e-01
1.250000e-01
1.250000e-01
1.250000e-01
1.250000e-01
1.250000e-01
1.250000e-01
1.250000e-01
1.250000e-01
1.250000e-01
1.250000e-01
1.250000e-01
1.250000e-01
1.250000e-01
1.250000e-01
1.250000e-01
1.250000e-01
1.250000e-01
1.250000e-01
1.250000e-01
1.250000e-01
1.250000e-01
1.250000e-01
1.250000e-01
1.250000e-01
1.250000e-01
1.250000e-01
1.250000e-01
1.250000e-01
1.250000e-01
1.250000e-01
1.250000e-01
1.250000e-01
1.250000e-01
1.250000e-01
1.250000e-01
1.250000e-01
1.250000e-01
1.250000e-01
1.250000e-01
1.250000e-01
1.250000e-01
1.250000e-01
1.250000e-01
1.250000e-01
1.250000e-01
1.250000e-01
1.250000e-01
1.250000e-01
1.250000e-01
1.250000e-01
1.250000e-01
1.250000e-01
1.250000e-01
1.250000e-01
1.250000e-01
1.250000e-01
1.250000e-01
1.250000e-01
1.250000e-01
1.250000e-01
1.250000e-01
1.250000e-01
1.250000e-01
1.250000e-01
1.250000e-01
1.250000e-01
1.250000e-01
1.250000e-01
1.250000e-01
1.250000e-01
1.250000e-01
1.250000e-01
1.250000e-01
1.250000e-01
1.250000e-01
1.250000e-01
1.250000e-01
1.250000e-01
1.250000e-01
1.250000e-01
1.250000e-01
1.250000e-01
1.250000e-01
1.250000e-01
1.250000e-01
1.250000e-01
1.250000e-01
1.250000e-01
1.250000e-01
1.250000e-01
1.250000e-01
1.250000e-01
1.250000e-01
1.250000e-01
1.250000e-01
1.250000e-01
1.250000e-01
1.250000e-01
1.250000e-01
1.250000e-01
1.250000e-01
1.250000e-01
1.250000e-01
1.250000e-01
1.250000e-01
1.250000e-01
1.250000e-01
1.250000e-01
1.250000e-01
1.250000e-01
1.250000e-01
1.250000e-01
1.250000e-01
1.250000e-01
1.250000e-01
1.250000e-01
1.250000e-01
1.250001e-01
1.250001e-01
1.250002e-01
1.250003e-01
1.250004e-01
1.250006e-01
1.250010e-01
1.250015e-01
1.250022e-01
1.250033e-01
1.250050e-01
1.250074e-01
1.250108e-01
1.250159e-01
1.250231e-01
1.250335e-01
1.250482e-01
1.250691e-01
1.250985e-01
1.251396e-01
1.251970e-01
1.252764e-01
1.253861e-01
1.255367e-01
1.257427e-01
1.260235e-01
1.264049e-01
1.269214e-01
1.276193e-01
1.285597e-01
1.298244e-01
1.315203e-01
1.337861e-01
1.367951e-01
1.407550e-01
1.458959e-01
1.524459e-01
1.605920e-01
1.704345e-01
1.819517e-01
1.949898e-01
2.092877e-01
2.245231e-01
2.403587e-01
2.564911e-01
2.726812e-01
2.887648e-01
3.046442e-01
3.203170e-01
3.358185e-01
3.512662e-01
3.668069e-01
3.826270e-01
3.989538e-01
4.159988e-01
4.340167e-01
4.532668e-01
4.738744e-01
4.960714e-01
