5.150551e-01
5.372460e-01
5.607027e-01
5.854867e-01
6.113800e-01
6.383306e-01
6.661351e-01
6.945432e-01
7.233520e-01
7.522835e-01
7.809932e-01
8.091694e-01
8.364365e-01
8.623935e-01
8.866528e-01
9.088378e-01
9.286239e-01
9.457555e-01
9.601088e-01
9.716915e-01
9.806606e-01
9.872995e-01
9.919870e-01
9.951389e-01
9.971579e-01
9.983920e-01
9.991148e-01
9.995227e-01
9.997461e-01
9.998657e-01
9.999290e-01
9.999623e-01
9.999798e-01
9.999890e-01
9.999940e-01
9.999967e-01
9.999981e-01
9.999989e-01
9.999994e-01
9.999996e-01
9.999998e-01
9.999999e-01
9.999999e-01
1.000000e+00
1.000000e+00
1.000000e+00
1.000000e+00
1.000000e+00
1.000000e+00
1.000000e+00
1.000000e+00
1.000000e+00
1.000000e+00
1.000000e+00
1.000000e+00
1.000000e+00
1.000000e+00
1.000000e+00
1.000000e+00
1.000000e+00
1.000000e+00
1.000000e+00
1.000000e+00
1.000000e+00
1.000000e+00
1.000000e+00
1.000000e+00
1.000000e+00
1.000000e+00
1.000000e+00
1.000000e+00
1.000000e+00
1.000000e+00
1.000000e+00
1.000000e+00
1.000000e+00
1.000000e+00
1.000000e+00
1.000000e+00
1.000000e+00
1.000000e+00
1.000000e+00
1.000000e+00
1.000000e+00
1.000000e+00
1.000000e+00
1.000000e+00
1.000000e+00
1.000000e+00
1.000000e+00
1.000000e+00
1.000000e+00
1.000000e+00
1.000000e+00
1.000000e+00
1.000000e+00
1.000000e+00
1.000000e+00
1.000000e+00
1.000000e+00
1.000000e+00
1.000000e+00
1.000000e+00
1.000000e+00
1.000000e+00
1.000000e+00
1.000000e+00
1.000000e+00
1.000000e+00
1.000000e+00
1.000000e+00
1.000000e+00
1.000000e+00
1.000000e+00
1.000000e+00
1.000000e+00
1.000000e+00
1.000000e+00
1.000000e+00
1.000000e+00
1.000000e+00
1.000000e+00
1.000000e+00
1.000000e+00
1.000000e+00
1.000000e+00
1.000000e+00
1.000000e+00
1.000000e+00
1.000000e+00
1.000000e+00
1.000000e+00
1.000000e+00
1.000000e+00
1.000000e+00
1.000000e+00
1.000000e+00
1.000000e+00
1.000000e+00
1.000000e+00
1.000000e+00
1.000000e+00
1.000000e+00
1.000000e+00
1.000000e+00
1.000000e+00
1.000000e+00
1.000000e+00
1.000000e+00
1.000000e+00
1.000000e+00
1.000000e+00
1.000000e+00
1.000000e+00
1.000000e+00
1.000000e+00
1.000000e+00
1.000000e+00
1.000000e+00
1.000000e+00
1.000000e+00
1.000000e+00
1.000000e+00
1.000000e+00
1.000000e+00
1.000000e+00
1.000000e+00
1.000000e+00
1.000000e+00
1.000000e+00
1.000000e+00
1.000000e+00
1.000000e+00
1.000000e+00
1.000000e+00
1.000000e+00
1.000000e+00
1.000000e+00
1.000000e+00
1.000000e+00
1.000000e+00
1.000000e+00
1.000000e+00
1.000000e+00
1.000000e+00
1.000000e+00
1.000000e+00
1.000000e+00
1.000000e+00
1.000000e+00
1.000000e+00
1.000000e+00
1.000000e+00
1.000000e+00
1.000000e+00
1.000000e+00
1.000000e+00
1.000000e+00
1.000000e+00
1.000000e+00
1.000000e+00
1.000000e+00
1.000000e+00
1.000000e+00
1.000000e+00
1.000000e+00
1.000000e+00
1.000000e+00
1.000000e+00
1.000000e+00
1.000000e+00
1.000000e+00
9.999999e-01
9.999999e-01
9.999998e-01
9.999997e-01
9.999995e-01
9.999992e-01
9.999986e-01
9.999975e-01
9.999955e-01
9.999920e-01
9.999854e-01
9.999734e-01
9.999511e-01
9.999099e-01
9.998339e-01
9.996953e-01
9.994457e-01
9.990047e-01
9.982453e-01
9.969776e-01
9.949372e-01
9.917845e-01
9.871217e-01
9.805300e-01
9.716216e-01
9.600986e-01
9.457907e-01
9.286800e-01
9.088875e-01
8.866699e-01
8.623585e-01
8.363363e-01
8.090015e-01
7.807616e-01
7.519979e-01
7.230285e-01
6.941979e-01
6.657857e-01
6.379933e-01
6.110715e-01
5.852119e-01
5.604815e-01
5.370712e-01
5.149545e-01
4.942450e-01
4.749036e-01
4.568466e-01
4.399399e-01
4.240664e-01
4.090314e-01
3.947095e-01
3.808982e-01
3.674441e-01
3.541775e-01
3.409695e-01
3.277009e-01
3.142882e-01
3.006689e-01
2.868167e-01
2.727356e-01
2.584869e-01
2.441735e-01
2.299536e-01
2.160395e-01
2.026833e-01
1.901508e-01
1.786943e-01
1.685145e-01
1.597251e-01
1.523439e-01
1.463001e-01
1.414562e-01
1.376395e-01
1.346691e-01
1.323770e-01
1.306174e-01
1.292710e-01
1.282423e-01
1.274576e-01
1.268591e-01
1.264035e-01
1.260569e-01
1.257937e-01
1.255942e-01
1.254434e-01
1.253298e-01
1.252442e-01
1.251803e-01
1.251324e-01
1.250970e-01
1.250706e-01
1.250513e-01
1.250370e-01
1.250267e-01
1.250191e-01
1.250136e-01
1.250096e-01
1.250068e-01
1.250048e-01
1.250033e-01
1.250023e-01
1.250016e-01
1.250011e-01
1.250008e-01
1.250005e-01
1.250004e-01
1.250002e-01
1.250002e-01
1.250001e-01
1.250001e-01
1.250000e-01
1.250000e-01
1.250000e-01
1.250000e-01
1.250000e-01
1.250000e-01
1.250000e-01
1.250000e-01
1.250000e-01
1.250000e-01
1.250000e-01
1.250000e-01
1.250000e-01
1.250000e-01
1.250000e-01
1.250000e-01
1.250000e-01
1.250000e-01
1.250000e-01
1.250000e-01
1.250000e-01
1.250000e-01
1.250000e-01
1.250000e-01
1.250000e-01
1.250000e-01
1.250000e-01
1.250000e-01
1.250000e-01
1.250000e-01
1.250000e-01
1.250000e-01
1.250000e-01
1.250000e-01
1.250000e-01
1.250000e-01
1.250000e-01
1.250000e-01
1.250000e-01
1.250000e-01
1.250000e-01
1.250000e-01
1.250000e-01
1.250000e-01
1.250000e-01
1.250000e-01
1.250000e-01
1.250000e-01
1.250000e-01
1.250000e-01
1.250000e-01
1.250000e-01
1.250000e-01
1.250000e-01
1.250000e-01
1.250000e-01
1.250000e-01
1.250000e-01
1.250000e-01
1.250000e-01
1.250000e-01
1.250000e-01
1.250000e-01
1.250000e-01
1.250000e-01
1.250000e-01
1.250000e-01
1.250000e-01
1.250000e-01
1.250000e-01
1.250000e-01
1.250000e-01
1.250000e-01
1.250000e-01
1.250000e-01
1.250000e-01
1.250000e-01
1.250000e-01
1.250000e-01
1.250000e-01
1.250000e-01
1.250000e-01
1.250000e-01
1.250000e-01
1.250000e-01
1.250000e-01
1.250000e-01
1.250000e-01
1.250000e-01
1.250000e-01
1.250000e-01
1.250000e-01
1.250000e-01
1.250000e-01
1.250000e-01
1.250000e-01
1.250000e-01
1.250000e-01
1.250000e-01
1.250000e-01
1.250000e-01
1.250000e-01
1.250000e-01
1.250000e-01
1.250000e-01
1.250000e-01
1.250000e-01
1.250000e-01
1.250000e-01
1.250000e-01
1.250000e-01
1.250000e-01
1.250000e-01
1.250000e-01
1.250000e-01
1.250000e-01
1.250000e-01
1.250000e-01
1.250000e-01
1.250000e-01
1.250000e-01
1.250000e-01
1.250000e-01
1.250001e-01
1.250001e-01
1.250001e-01
1.250002e-01
1.250003e-01
1.250004e-01
1.250006e-01
1.250008e-01
1.250012e-01
1.250017e-01
1.250024e-01
1.250035e-01
1.250050e-01
1.250070e-01
1.250099e-01
1.250140e-01
1.250195e-01
1.250272e-01
1.250377e-01
1.250521e-01
1.250717e-01
1.250982e-01
1.251340e-01
1.251821e-01
1.252465e-01
1.253324e-01
1.254468e-01
1.255985e-01
1.257990e-01
1.260636e-01
1.264119e-01
1.268695e-01
1.274699e-01
1.282565e-01
1.292859e-01
1.306313e-01
1.323862e-01
1.346680e-01
1.376195e-01
1.414070e-01
1.462103e-01
1.522042e-01
1.595315e-01
1.682708e-01
1.784116e-01
1.898437e-01
2.023692e-01
2.157361e-01
2.296735e-01
2.439217e-01
2.582647e-01
2.725393e-01
2.866396e-01
3.005067e-01
3.141342e-01
3.275487e-01
3.408157e-01
3.540207e-01
3.672869e-01
3.807453e-01
3.945547e-01
4.088848e-01
4.239452e-01
4.398474e-01
4.568047e-01
4.749080e-01
4.943100e-01
