5.240511e-01
5.527325e-01
5.832150e-01
6.152939e-01
6.487472e-01
6.831718e-01
7.181596e-01
7.532370e-01
7.878046e-01
8.212932e-01
8.530539e-01
8.824367e-01
9.088556e-01
9.318114e-01
9.509828e-01
9.662858e-01
9.778918e-01
9.862102e-01
9.918256e-01
9.953881e-01
9.975129e-01
9.987094e-01
9.993495e-01
9.996781e-01
9.998420e-01
9.999223e-01
9.999615e-01
9.999807e-01
9.999902e-01
9.999949e-01
9.999973e-01
9.999986e-01
9.999992e-01
9.999996e-01
9.999998e-01
9.999999e-01
9.999999e-01
1.000000e+00
1.000000e+00
1.000000e+00
1.000000e+00
1.000000e+00
1.000000e+00
1.000000e+00
1.000000e+00
1.000000e+00
1.000000e+00
1.000000e+00
1.000000e+00
1.000000e+00
1.000000e+00
1.000000e+00
1.000000e+00
1.000000e+00
1.000000e+00
1.000000e+00
1.000000e+00
1.000000e+00
1.000000e+00
1.000000e+00
1.000000e+00
1.000000e+00
1.000000e+00
1.000000e+00
1.000000e+00
1.000000e+00
1.000000e+00
1.000000e+00
1.000000e+00
1.000000e+00
1.000000e+00
1.000000e+00
1.000000e+00
1.000000e+00
1.000000e+00
1.000000e+00
1.000000e+00
1.000000e+00
1.000000e+00
1.000000e+00
1.000000e+00
1.000000e+00
1.000000e+00
1.000000e+00
1.000000e+00
1.000000e+00
1.000000e+00
1.000000e+00
1.000000e+00
1.000000e+00
1.000000e+00
1.000000e+00
1.000000e+00
1.000000e+00
1.000000e+00
1.000000e+00
1.000000e+00
1.000000e+00
1.000000e+00
1.000000e+00
1.000000e+00
1.000000e+00
1.000000e+00
1.000000e+00
1.000000e+00
1.000000e+00
1.000000e+00
1.000000e+00
1.000000e+00
1.000000e+00
1.000000e+00
1.000000e+00
1.000000e+00
1.000000e+00
1.000000e+00
1.000000e+00
1.000000e+00
1.000000e+00
1.000000e+00
1.000000e+00
1.000000e+00
1.000000e+00
1.000000e+00
1.000000e+00
1.000000e+00
1.000000e+00
1.000000e+00
1.000000e+00
1.000000e+00
1.000000e+00
1.000000e+00
1.000000e+00
1.000000e+00
1.000000e+00
1.000000e+00
1.000000e+00
1.000000e+00
1.000000e+00
1.000000e+00
1.000000e+00
1.000000e+00
1.000000e+00
1.000000e+00
1.000000e+00
1.000000e+00
1.000000e+00
1.000000e+00
1.000000e+00
1.000000e+00
1.000000e+00
1.000000e+00
1.000000e+00
1.000000e+00
1.000000e+00
1.000000e+00
1.000000e+00
1.000000e+00
1.000000e+00
1.000000e+00
1.000000e+00
1.000000e+00
1.000000e+00
1.000000e+00
1.000000e+00
1.000000e+00
1.000000e+00
1.000000e+00
1.000000e+00
1.000000e+00
1.000000e+00
1.000000e+00
1.000000e+00
1.000000e+00
1.000000e+00
1.000000e+00
1.000000e+00
1.000000e+00
1.000000e+00
1.000000e+00
1.000000e+00
1.000000e+00
1.000000e+00
1.000000e+00
1.000000e+00
1.000000e+00
1.000000e+00
1.000000e+00
1.000000e+00
1.000000e+00
1.000000e+00
1.000000e+00
1.000000e+00
1.000000e+00
1.000000e+00
1.000000e+00
1.000000e+00
1.000000e+00
1.000000e+00
1.000000e+00
1.000000e+00
1.000000e+00
1.000000e+00
1.000000e+00
1.000000e+00
1.000000e+00
1.000000e+00
1.000000e+00
1.000000e+00
1.000000e+00
1.000000e+00
1.000000e+00
1.000000e+00
1.000000e+00
1.000000e+00
1.000000e+00
1.000000e+00
1.000000e+00
1.000000e+00
9.999999e-01
9.999999e-01
9.999998e-01
9.999997e-01
9.999994e-01
9.999990e-01
9.999981e-01
9.999963e-01
9.999930e-01
9.999864e-01
9.999736e-01
9.999483e-01
9.998984e-01
9.998002e-01
9.996088e-01
9.992417e-01
9.985550e-01
9.973126e-01
9.951564e-01
9.915929e-01
9.860147e-01
9.777658e-01
9.662418e-01
9.510087e-01
9.318737e-01
9.089101e-01
8.824447e-01
8.529850e-01
8.211311e-01
7.875540e-01
7.529121e-01
7.177847e-01
6.827783e-01
6.483586e-01
6.149464e-01
5.829228e-01
5.525074e-01
5.239344e-01
4.972814e-01
4.726390e-01
4.498230e-01
4.285908e-01
4.086556e-01
3.897534e-01
3.715727e-01
3.538324e-01
3.362886e-01
3.187536e-01
3.010955e-01
2.832903e-01
2.653896e-01
2.475639e-01
2.300720e-01
2.132590e-01
1.975136e-01
1.832170e-01
1.706801e-01
1.600862e-01
1.514515e-01
1.446414e-01
1.394175e-01
1.354957e-01
1.325958e-01
1.304731e-01
1.289290e-01
1.278103e-01
1.270025e-01
1.264209e-01
1.260034e-01
1.257049e-01
1.254924e-01
1.253420e-01
1.252359e-01
1.251617e-01
1.251101e-01
1.250744e-01
1.250500e-01
1.250333e-01
1.250220e-01
1.250145e-01
1.250094e-01
1.250061e-01
1.250039e-01
1.250025e-01
1.250016e-01
1.250010e-01
1.250006e-01
1.250004e-01
1.250002e-01
1.250001e-01
1.250001e-01
1.250001e-01
1.250000e-01
1.250000e-01
1.250000e-01
1.250000e-01
1.250000e-01
1.250000e-01
1.250000e-01
1.250000e-01
1.250000e-01
1.250000e-01
1.250000e-01
1.250000e-01
1.250000e-01
1.250000e-01
1.250000e-01
1.250000e-01
1.250000e-01
1.250000e-01
1.250000e-01
1.250000e-01
1.250000e-01
1.250000e-01
1.250000e-01
1.250000e-01
1.250000e-01
1.250000e-01
1.250000e-01
1.250000e-01
1.250000e-01
1.250000e-01
1.250000e-01
1.250000e-01
1.250000e-01
1.250000e-01
1.250000e-01
1.250000e-01
1.250000e-01
1.250000e-01
1.250000e-01
1.250000e-01
1.250000e-01
1.250000e-01
1.250000e-01
1.250000e-01
1.250000e-01
1.250000e-01
1.250000e-01
1.250000e-01
1.250000e-01
1.250000e-01
1.250000e-01
1.250000e-01
1.250000e-01
1.250000e-01
1.250000e-01
1.250000e-01
1.250000e-01
1.250000e-01
1.250000e-01
1.250000e-01
1.250000e-01
1.250000e-01
1.250000e-01
1.250000e-01
1.250000e-01
1.250000e-01
1.250000e-01
1.250000e-01
1.250000e-01
1.250000e-01
1.250000e-01
1.250000e-01
1.250000e-01
1.250000e-01
1.250000e-01
1.250000e-01
1.250000e-01
1.250000e-01
1.250000e-01
1.250000e-01
1.250000e-01
1.250000e-01
1.250000e-01
1.250000e-01
1.250000e-01
1.250000e-01
1.250000e-01
1.250000e-01
1.250000e-01
1.250000e-01
1.250000e-01
1.250000e-01
1.250000e-01
1.250000e-01
1.250000e-01
1.250000e-01
1.250000e-01
1.250000e-01
1.250000e-01
1.250000e-01
1.250000e-01
1.250000e-01
1.250000e-01
1.250000e-01
1.250000e-01
1.250000e-01
1.250000e-01
1.250000e-01
1.250000e-01
1.250000e-01
1.250000e-01
1.250000e-01
1.250000e-01
1.250000e-01
1.250000e-01
1.250000e-01
1.250000e-01
1.250000e-01
1.250000e-01
1.250000e-01
1.250000e-01
1.250000e-01
1.250000e-01
1.250000e-01
1.250000e-01
1.250000e-01
1.250000e-01
1.250000e-01
1.250000e-01
1.250000e-01
1.250000e-01
1.250000e-01
1.250000e-01
1.250000e-01
1.250000e-01
1.250000e-01
1.250000e-01
1.250000e-01
1.250000e-01
1.250000e-01
1.250000e-01
1.250000e-01
1.250000e-01
1.250000e-01
1.250000e-01
1.250000e-01
1.250000e-01
1.250000e-01
1.250001e-01
1.250001e-01
1.250002e-01
1.250003e-01
1.250004e-01
1.250007e-01
1.250011e-01
1.250017e-01
1.250027e-01
1.250042e-01
1.250065e-01
1.250100e-01
1.250152e-01
1.250230e-01
1.250346e-01
1.250516e-01
1.250765e-01
1.251128e-01
1.251651e-01
1.252402e-01
1.253473e-01
1.254992e-01
1.257135e-01
1.260142e-01
1.264345e-01
1.270193e-01
1.278302e-01
1.289508e-01
1.304938e-01
1.326093e-01
1.354914e-01
1.393809e-01
1.445551e-01
1.513005e-01
1.598640e-01
1.703917e-01
1.828781e-01
1.971503e-01
2.128994e-01
2.297378e-01
2.472644e-01
2.651266e-01
2.830619e-01
3.008919e-01
3.185618e-01
3.361031e-01
3.536485e-01
3.713909e-01
3.895789e-01
4.084999e-01
4.284675e-01
4.497418e-01
4.726229e-01
4.973482e-01
