5.175089e-01
5.413669e-01
5.666362e-01
5.933353e-01
6.212113e-01
6.501649e-01
6.799218e-01
7.102303e-01
7.407772e-01
7.711933e-01
8.011075e-01
8.300935e-01
8.577005e-01
8.834742e-01
9.069863e-01
9.278653e-01
9.458232e-01
9.607293e-01
9.726095e-01
9.816632e-01
9.882345e-01
9.927670e-01
9.957339e-01
9.975780e-01
9.986698e-01
9.992885e-01
9.996264e-01
9.998059e-01
9.998994e-01
9.999477e-01
9.999726e-01
9.999854e-01
9.999922e-01
9.999958e-01
9.999977e-01
9.999987e-01
9.999993e-01
9.999996e-01
9.999998e-01
9.999999e-01
9.999999e-01
1.000000e+00
1.000000e+00
1.000000e+00
1.000000e+00
1.000000e+00
1.000000e+00
1.000000e+00
1.000000e+00
1.000000e+00
1.000000e+00
1.000000e+00
1.000000e+00
1.000000e+00
1.000000e+00
1.000000e+00
1.000000e+00
1.000000e+00
1.000000e+00
1.000000e+00
1.000000e+00
1.000000e+00
1.000000e+00
1.000000e+00
1.000000e+00
1.000000e+00
1.000000e+00
1.000000e+00
1.000000e+00
1.000000e+00
1.000000e+00
1.000000e+00
1.000000e+00
1.000000e+00
1.000000e+00
1.000000e+00
1.000000e+00
1.000000e+00
1.000000e+00
1.000000e+00
1.000000e+00
1.000000e+00
1.000000e+00
1.000000e+00
1.000000e+00
1.000000e+00
1.000000e+00
1.000000e+00
1.000000e+00
1.000000e+00
1.000000e+00
1.000000e+00
1.000000e+00
1.000000e+00
1.000000e+00
1.000000e+00
1.000000e+00
1.000000e+00
1.000000e+00
1.000000e+00
1.000000e+00
1.000000e+00
1.000000e+00
1.000000e+00
1.000000e+00
1.000000e+00
1.000000e+00
1.000000e+00
1.000000e+00
1.000000e+00
1.000000e+00
1.000000e+00
1.000000e+00
1.000000e+00
1.000000e+00
1.000000e+00
1.000000e+00
1.000000e+00
1.000000e+00
1.000000e+00
1.000000e+00
1.000000e+00
1.000000e+00
1.000000e+00
1.000000e+00
1.000000e+00
1.000000e+00
1.000000e+00
1.000000e+00
1.000000e+00
1.000000e+00
1.000000e+00
1.000000e+00
1.000000e+00
1.000000e+00
1.000000e+00
1.000000e+00
1.000000e+00
1.000000e+00
1.000000e+00
1.000000e+00
1.000000e+00
1.000000e+00
1.000000e+00
1.000000e+00
1.000000e+00
1.000000e+00
1.000000e+00
1.000000e+00
1.000000e+00
1.000000e+00
1.000000e+00
1.000000e+00
1.000000e+00
1.000000e+00
1.000000e+00
1.000000e+00
1.000000e+00
1.000000e+00
1.000000e+00
1.000000e+00
1.000000e+00
1.000000e+00
1.000000e+00
1.000000e+00
1.000000e+00
1.000000e+00
1.000000e+00
1.000000e+00
1.000000e+00
1.000000e+00
1.000000e+00
1.000000e+00
1.000000e+00
1.000000e+00
1.000000e+00
1.000000e+00
1.000000e+00
1.000000e+00
1.000000e+00
1.000000e+00
1.000000e+00
1.000000e+00
1.000000e+00
1.000000e+00
1.000000e+00
1.000000e+00
1.000000e+00
1.000000e+00
1.000000e+00
1.000000e+00
1.000000e+00
1.000000e+00
1.000000e+00
1.000000e+00
1.000000e+00
1.000000e+00
1.000000e+00
1.000000e+00
1.000000e+00
1.000000e+00
1.000000e+00
1.000000e+00
1.000000e+00
1.000000e+00
1.000000e+00
1.000000e+00
1.000000e+00
1.000000e+00
1.000000e+00
1.000000e+00
1.000000e+00
1.000000e+00
1.000000e+00
9.999999e-01
9.999999e-01
9.999998e-01
9.999997e-01
9.999994e-01
9.999990e-01
9.999983e-01
9.999969e-01
9.999943e-01
9.999895e-01
9.999806e-01
9.999638e-01
9.999322e-01
9.998729e-01
9.997622e-01
9.995577e-01
9.991866e-01
9.985292e-01
9.973993e-01
9.955275e-01
9.925543e-01
9.880433e-01
9.815203e-01
9.725312e-01
9.607165e-01
9.458600e-01
9.279240e-01
9.070357e-01
8.834850e-01
8.576516e-01
8.299712e-01
8.009119e-01
7.709315e-01
7.404616e-01
7.098816e-01
6.795608e-01
6.498067e-01
6.208808e-01
5.930414e-01
5.663965e-01
5.411779e-01
5.174039e-01
4.951672e-01
4.744456e-01
4.551580e-01
4.370988e-01
4.201766e-01
4.041506e-01
3.888551e-01
3.740671e-01
3.595901e-01
3.452646e-01
3.309333e-01
3.164935e-01
3.018581e-01
2.870022e-01
2.719318e-01
2.567291e-01
2.415281e-01
2.265258e-01
2.119790e-01
1.981794e-01
1.854196e-01
1.739588e-01
1.639774e-01
1.555451e-01
1.486226e-01
1.430808e-01
1.387343e-01
1.353774e-01
1.328126e-01
1.308664e-01
1.293959e-01
1.282874e-01
1.274534e-01
1.268265e-01
1.263563e-01
1.260039e-01
1.257408e-01
1.255444e-01
1.253987e-01
1.252905e-01
1.252110e-01
1.251523e-01
1.251096e-01
1.250784e-01
1.250558e-01
1.250395e-01
1.250279e-01
1.250195e-01
1.250136e-01
1.250094e-01
1.250065e-01
1.250045e-01
1.250031e-01
1.250021e-01
1.250014e-01
1.250009e-01
1.250006e-01
1.250004e-01
1.250003e-01
1.250002e-01
1.250001e-01
1.250001e-01
1.250000e-01
1.250000e-01
1.250000e-01
1.250000e-01
1.250000e-01
1.250000e-01
1.250000e-01
1.250000e-01
1.250000e-01
1.250000e-01
1.250000e-01
1.250000e-01
1.250000e-01
1.250000e-01
1.250000e-01
1.250000e-01
1.250000e-01
1.250000e-01
1.250000e-01
1.250000e-01
1.250000e-01
1.250000e-01
1.250000e-01
1.250000e-01
1.250000e-01
1.250000e-01
1.250000e-01
1.250000e-01
1.250000e-01
1.250000e-01
1.250000e-01
1.250000e-01
1.250000e-01
1.250000e-01
1.250000e-01
1.250000e-01
1.250000e-01
1.250000e-01
1.250000e-01
1.250000e-01
1.250000e-01
1.250000e-01
1.250000e-01
1.250000e-01
1.250000e-01
1.250000e-01
1.250000e-01
1.250000e-01
1.250000e-01
1.250000e-01
1.250000e-01
1.250000e-01
1.250000e-01
1.250000e-01
1.250000e-01
1.250000e-01
1.250000e-01
1.250000e-01
1.250000e-01
1.250000e-01
1.250000e-01
1.250000e-01
1.250000e-01
1.250000e-01
1.250000e-01
1.250000e-01
1.250000e-01
1.250000e-01
1.250000e-01
1.250000e-01
1.250000e-01
1.250000e-01
1.250000e-01
1.250000e-01
1.250000e-01
1.250000e-01
1.250000e-01
1.250000e-01
1.250000e-01
1.250000e-01
1.250000e-01
1.250000e-01
1.250000e-01
1.250000e-01
1.250000e-01
1.250000e-01
1.250000e-01
1.250000e-01
1.250000e-01
1.250000e-01
1.250000e-01
1.250000e-01
1.250000e-01
1.250000e-01
1.250000e-01
1.250000e-01
1.250000e-01
1.250000e-01
1.250000e-01
1.250000e-01
1.250000e-01
1.250000e-01
1.250000e-01
1.250000e-01
1.250000e-01
1.250000e-01
1.250000e-01
1.250000e-01
1.250000e-01
1.250000e-01
1.250000e-01
1.250000e-01
1.250000e-01
1.250000e-01
1.250000e-01
1.250000e-01
1.250000e-01
1.250000e-01
1.250000e-01
1.250000e-01
1.250000e-01
1.250000e-01
1.250000e-01
1.250000e-01
1.250000e-01
1.250000e-01
1.250000e-01
1.250000e-01
1.250000e-01
1.250000e-01
1.250000e-01
1.250001e-01
1.250001e-01
1.250001e-01
1.250002e-01
1.250003e-01
1.250005e-01
1.250007e-01
1.250010e-01
1.250015e-01
1.250022e-01
1.250032e-01
1.250047e-01
1.250068e-01
1.250098e-01
1.250141e-01
1.250201e-01
1.250286e-01
1.250404e-01
1.250569e-01
1.250797e-01
1.251112e-01
1.251544e-01
1.252133e-01
1.252936e-01
1.254023e-01
1.255491e-01
1.257466e-01
1.260114e-01
1.263656e-01
1.268380e-01
1.274671e-01
1.283031e-01
1.294124e-01
1.308813e-01
1.328212e-01
1.353725e-01
1.387055e-01
1.430157e-01
1.485089e-01
1.553745e-01
1.637495e-01
1.736821e-01
1.851082e-01
1.978522e-01
2.116569e-01
2.262249e-01
2.412562e-01
2.564894e-01
2.717203e-01
2.868133e-01
3.016867e-01
3.163296e-01
3.307721e-01
3.451027e-01
3.594273e-01
3.739019e-01
3.886946e-01
4.040030e-01
4.200423e-01
4.369939e-01
4.551046e-01
4.744442e-01
4.952357e-01
