5.023873e-01
5.170214e-01
5.324184e-01
5.485959e-01
5.655309e-01
5.832006e-01
6.015304e-01
6.205108e-01
6.400693e-01
6.601499e-01
6.806532e-01
7.015186e-01
7.226455e-01
7.439257e-01
7.652431e-01
7.864647e-01
8.074518e-01
8.280485e-01
8.480870e-01
8.673870e-01
8.857658e-01
9.030424e-01
9.190430e-01
9.336119e-01
9.466271e-01
9.580032e-01
9.677136e-01
9.757863e-01
9.823084e-01
9.874193e-01
9.912975e-01
9.941442e-01
9.961649e-01
9.975523e-01
9.984746e-01
9.990694e-01
9.994425e-01
9.996708e-01
9.998077e-01
9.998885e-01
9.999355e-01
9.999627e-01
9.999784e-01
9.999874e-01
9.999926e-01
9.999956e-01
9.999974e-01
9.999984e-01
9.999991e-01
9.999994e-01
9.999996e-01
9.999998e-01
9.999999e-01
9.999999e-01
9.999999e-01
1.000000e+00
1.000000e+00
1.000000e+00
1.000000e+00
1.000000e+00
1.000000e+00
1.000000e+00
1.000000e+00
1.000000e+00
1.000000e+00
1.000000e+00
1.000000e+00
1.000000e+00
1.000000e+00
1.000000e+00
1.000000e+00
1.000000e+00
1.000000e+00
1.000000e+00
1.000000e+00
1.000000e+00
1.000000e+00
1.000000e+00
1.000000e+00
1.000000e+00
1.000000e+00
1.000000e+00
1.000000e+00
1.000000e+00
1.000000e+00
1.000000e+00
1.000000e+00
1.000000e+00
1.000000e+00
1.000000e+00
1.000000e+00
1.000000e+00
1.000000e+00
1.000000e+00
1.000000e+00
1.000000e+00
1.000000e+00
1.000000e+00
1.000000e+00
1.000000e+00
1.000000e+00
1.000000e+00
1.000000e+00
1.000000e+00
1.000000e+00
1.000000e+00
1.000000e+00
1.000000e+00
1.000000e+00
1.000000e+00
1.000000e+00
1.000000e+00
1.000000e+00
1.000000e+00
1.000000e+00
1.000000e+00
1.000000e+00
1.000000e+00
1.000000e+00
1.000000e+00
1.000000e+00
1.000000e+00
1.000000e+00
1.000000e+00
1.000000e+00
1.000000e+00
1.000000e+00
1.000000e+00
1.000000e+00
1.000000e+00
1.000000e+00
1.000000e+00
1.000000e+00
1.000000e+00
1.000000e+00
1.000000e+00
1.000000e+00
1.000000e+00
1.000000e+00
1.000000e+00
1.000000e+00
1.000000e+00
1.000000e+00
1.000000e+00
1.000000e+00
1.000000e+00
1.000000e+00
1.000000e+00
1.000000e+00
1.000000e+00
1.000000e+00
1.000000e+00
1.000000e+00
1.000000e+00
1.000000e+00
1.000000e+00
1.000000e+00
1.000000e+00
1.000000e+00
1.000000e+00
1.000000e+00
1.000000e+00
1.000000e+00
1.000000e+00
1.000000e+00
1.000000e+00
1.000000e+00
1.000000e+00
1.000000e+00
1.000000e+00
1.000000e+00
1.000000e+00
1.000000e+00
1.000000e+00
1.000000e+00
1.000000e+00
1.000000e+00
1.000000e+00
1.000000e+00
1.000000e+00
1.000000e+00
1.000000e+00
1.000000e+00
1.000000e+00
1.000000e+00
1.000000e+00
1.000000e+00
1.000000e+00
1.000000e+00
1.000000e+00
1.000000e+00
1.000000e+00
1.000000e+00
1.000000e+00
1.000000e+00
1.000000e+00
1.000000e+00
1.000000e+00
1.000000e+00
1.000000e+00
1.000000e+00
9.999999e-01
9.999999e-01
9.999998e-01
9.999997e-01
9.999995e-01
9.999993e-01
9.999988e-01
9.999980e-01
9.999966e-01
9.999944e-01
9.999905e-01
9.999839e-01
9.999727e-01
9.999536e-01
9.999211e-01
9.998662e-01
9.997745e-01
9.996227e-01
9.993755e-01
9.989802e-01
9.983616e-01
9.974166e-01
9.960114e-01
9.939816e-01
9.911376e-01
9.872749e-01
9.821917e-01
9.757054e-01
9.676714e-01
9.579972e-01
9.466495e-01
9.336515e-01
9.190868e-01
9.030776e-01
8.857808e-01
8.673728e-01
8.480365e-01
8.279592e-01
8.073224e-01
7.862971e-01
7.650417e-01
7.436944e-01
7.223924e-01
7.012499e-01
6.803763e-01
6.598712e-01
6.397966e-01
6.202483e-01
6.012852e-01
5.829754e-01
5.653314e-01
5.484229e-01
5.322750e-01
5.169075e-01
5.023114e-01
4.884866e-01
4.754354e-01
4.630941e-01
4.514485e-01
4.404418e-01
4.299814e-01
4.200412e-01
4.105023e-01
4.013100e-01
3.924008e-01
3.836681e-01
3.750810e-01
3.665539e-01
3.580561e-01
3.495419e-01
3.409801e-01
3.323376e-01
3.236032e-01
3.147458e-01
3.057500e-01
2.965952e-01
2.872614e-01
2.777319e-01
2.679965e-01
2.580594e-01
2.479398e-01
2.376797e-01
2.273490e-01
2.170460e-01
2.068967e-01
1.970457e-01
1.876475e-01
1.788501e-01
1.707776e-01
1.635189e-01
1.571194e-01
1.515801e-01
1.468629e-01
1.429008e-01
1.396097e-01
1.368989e-01
1.346792e-01
1.328691e-01
1.313964e-01
1.301994e-01
1.292272e-01
1.284373e-01
1.277949e-01
1.272728e-01
1.268480e-01
1.265017e-01
1.262201e-01
1.259908e-01
1.258035e-01
1.256515e-01
1.255277e-01
1.254265e-01
1.253448e-01
1.252783e-01
1.252239e-01
1.251803e-01
1.251448e-01
1.251159e-01
1.250929e-01
1.250743e-01
1.250591e-01
1.250472e-01
1.250375e-01
1.250296e-01
1.250235e-01
1.250186e-01
1.250146e-01
1.250115e-01
1.250090e-01
1.250070e-01
1.250055e-01
1.250043e-01
1.250033e-01
1.250026e-01
1.250020e-01
1.250015e-01
1.250012e-01
1.250009e-01
1.250007e-01
1.250005e-01
1.250004e-01
1.250003e-01
1.250002e-01
1.250002e-01
1.250001e-01
1.250001e-01
1.250001e-01
1.250001e-01
1.250000e-01
1.250000e-01
1.250000e-01
1.250000e-01
1.250000e-01
1.250000e-01
1.250000e-01
1.250000e-01
1.250000e-01
1.250000e-01
1.250000e-01
1.250000e-01
1.250000e-01
1.250000e-01
1.250000e-01
1.250000e-01
1.250000e-01
1.250000e-01
1.250000e-01
1.250000e-01
1.250000e-01
1.250000e-01
1.250000e-01
1.250000e-01
1.250000e-01
1.250000e-01
1.250000e-01
1.250000e-01
1.250000e-01
1.250000e-01
1.250000e-01
1.250000e-01
1.250000e-01
1.250000e-01
1.250000e-01
1.250000e-01
1.250000e-01
1.250000e-01
1.250000e-01
1.250000e-01
1.250000e-01
1.250000e-01
1.250000e-01
1.250000e-01
1.250000e-01
1.250000e-01
1.250000e-01
1.250000e-01
1.250000e-01
1.250000e-01
1.250000e-01
1.250000e-01
1.250000e-01
1.250000e-01
1.250000e-01
1.250000e-01
1.250000e-01
1.250000e-01
1.250000e-01
1.250000e-01
1.250000e-01
1.250000e-01
1.250000e-01
1.250000e-01
1.250000e-01
1.250000e-01
1.250000e-01
1.250000e-01
1.250000e-01
1.250000e-01
1.250001e-01
1.250001e-01
1.250001e-01
1.250001e-01
1.250002e-01
1.250002e-01
1.250003e-01
1.250004e-01
1.250006e-01
1.250007e-01
1.250009e-01
1.250012e-01
1.250016e-01
1.250020e-01
1.250026e-01
1.250034e-01
1.250044e-01
1.250056e-01
1.250071e-01
1.250091e-01
1.250116e-01
1.250147e-01
1.250187e-01
1.250236e-01
1.250299e-01
1.250376e-01
1.250473e-01
1.250595e-01
1.250745e-01
1.250933e-01
1.251165e-01
1.251453e-01
1.251809e-01
1.252248e-01
1.252791e-01
1.253459e-01
1.254282e-01
1.255293e-01
1.256537e-01
1.258065e-01
1.259940e-01
1.262243e-01
1.265068e-01
1.268537e-01
1.272796e-01
1.278028e-01
1.284456e-01
1.292360e-01
1.302078e-01
1.314031e-01
1.328724e-01
1.346762e-01
1.368857e-01
1.395816e-01
1.428519e-01
1.467873e-01
1.514727e-01
1.569770e-01
1.633415e-01
1.705688e-01
1.786172e-01
1.874001e-01
1.967934e-01
2.066487e-01
2.168108e-01
2.271325e-01
2.374841e-01
2.477649e-01
2.579037e-01
2.678572e-01
2.776049e-01
2.871438e-01
2.964834e-01
3.056416e-01
3.146389e-01
3.234936e-01
3.322248e-01
3.408652e-01
3.494209e-01
3.579340e-01
3.664245e-01
3.749529e-01
3.835377e-01
3.922747e-01
4.011878e-01
4.103881e-01
4.199426e-01
4.298981e-01
4.403834e-01
4.514128e-01
4.630869e-01
4.754587e-01
4.885386e-01
