5.084730e-01
5.264708e-01
5.454510e-01
5.654744e-01
5.864428e-01
6.082738e-01
6.309331e-01
6.542900e-01
6.782210e-01
7.026029e-01
7.272746e-01
7.520725e-01
7.767785e-01
8.011968e-01
8.250871e-01
8.482033e-01
8.702672e-01
8.910200e-01
9.102018e-01
9.275792e-01
9.429653e-01
9.562360e-01
9.673549e-01
9.763744e-01
9.834382e-01
9.887654e-01
9.926279e-01
9.953177e-01
9.971170e-01
9.982747e-01
9.989928e-01
9.994238e-01
9.996754e-01
9.998189e-01
9.998995e-01
9.999442e-01
9.999689e-01
9.999826e-01
9.999901e-01
9.999944e-01
9.999968e-01
9.999981e-01
9.999989e-01
9.999993e-01
9.999996e-01
9.999998e-01
9.999999e-01
9.999999e-01
9.999999e-01
1.000000e+00
1.000000e+00
1.000000e+00
1.000000e+00
1.000000e+00
1.000000e+00
1.000000e+00
1.000000e+00
1.000000e+00
1.000000e+00
1.000000e+00
1.000000e+00
1.000000e+00
1.000000e+00
1.000000e+00
1.000000e+00
1.000000e+00
1.000000e+00
1.000000e+00
1.000000e+00
1.000000e+00
1.000000e+00
1.000000e+00
1.000000e+00
1.000000e+00
1.000000e+00
1.000000e+00
1.000000e+00
1.000000e+00
1.000000e+00
1.000000e+00
1.000000e+00
1.000000e+00
1.000000e+00
1.000000e+00
1.000000e+00
1.000000e+00
1.000000e+00
1.000000e+00
1.000000e+00
1.000000e+00
1.000000e+00
1.000000e+00
1.000000e+00
1.000000e+00
1.000000e+00
1.000000e+00
1.000000e+00
1.000000e+00
1.000000e+00
1.000000e+00
1.000000e+00
1.000000e+00
1.000000e+00
1.000000e+00
1.000000e+00
1.000000e+00
1.000000e+00
1.000000e+00
1.000000e+00
1.000000e+00
1.000000e+00
1.000000e+00
1.000000e+00
1.000000e+00
1.000000e+00
1.000000e+00
1.000000e+00
1.000000e+00
1.000000e+00
1.000000e+00
1.000000e+00
1.000000e+00
1.000000e+00
1.000000e+00
1.000000e+00
1.000000e+00
1.000000e+00
1.000000e+00
1.000000e+00
1.000000e+00
1.000000e+00
1.000000e+00
1.000000e+00
1.000000e+00
1.000000e+00
1.000000e+00
1.000000e+00
1.000000e+00
1.000000e+00
1.000000e+00
1.000000e+00
1.000000e+00
1.000000e+00
1.000000e+00
1.000000e+00
1.000000e+00
1.000000e+00
1.000000e+00
1.000000e+00
1.000000e+00
1.000000e+00
1.000000e+00
1.000000e+00
1.000000e+00
1.000000e+00
1.000000e+00
1.000000e+00
1.000000e+00
1.000000e+00
1.000000e+00
1.000000e+00
1.000000e+00
1.000000e+00
1.000000e+00
1.000000e+00
1.000000e+00
1.000000e+00
1.000000e+00
1.000000e+00
1.000000e+00
1.000000e+00
1.000000e+00
1.000000e+00
1.000000e+00
1.000000e+00
1.000000e+00
1.000000e+00
1.000000e+00
1.000000e+00
1.000000e+00
1.000000e+00
1.000000e+00
1.000000e+00
1.000000e+00
1.000000e+00
1.000000e+00
1.000000e+00
1.000000e+00
1.000000e+00
1.000000e+00
1.000000e+00
1.000000e+00
1.000000e+00
1.000000e+00
1.000000e+00
1.000000e+00
1.000000e+00
1.000000e+00
1.000000e+00
1.000000e+00
1.000000e+00
1.000000e+00
1.000000e+00
1.000000e+00
1.000000e+00
1.000000e+00
1.000000e+00
9.999999e-01
9.999999e-01
9.999998e-01
9.999997e-01
9.999995e-01
9.999991e-01
9.999986e-01
9.999975e-01
9.999958e-01
9.999926e-01
9.999872e-01
9.999775e-01
9.999604e-01
9.999301e-01
9.998767e-01
9.997834e-01
9.996220e-01
9.993471e-01
9.988883e-01
9.981407e-01
9.969564e-01
9.951392e-01
9.924459e-01
9.885978e-01
9.833021e-01
9.762830e-01
9.673126e-01
9.562384e-01
9.430002e-01
9.276289e-01
9.102477e-01
8.910438e-01
8.702545e-01
8.481437e-01
8.249760e-01
8.010331e-01
7.765671e-01
7.518200e-01
7.269914e-01
7.022985e-01
6.779083e-01
6.539782e-01
6.306331e-01
6.079960e-01
5.861918e-01
5.652552e-01
5.452737e-01
5.263310e-01
5.083846e-01
4.914680e-01
4.755723e-01
4.606213e-01
4.465982e-01
4.333439e-01
4.208375e-01
4.089014e-01
3.974718e-01
3.863990e-01
3.756071e-01
3.649701e-01
3.544165e-01
3.438632e-01
3.332430e-01
3.225088e-01
3.116096e-01
3.005125e-01
2.891967e-01
2.776506e-01
2.658835e-01
2.539335e-01
2.418639e-01
2.297770e-01
2.178133e-01
2.061475e-01
1.949738e-01
1.844918e-01
1.748815e-01
1.662775e-01
1.587553e-01
1.523258e-01
1.469411e-01
1.425087e-01
1.389103e-01
1.360191e-01
1.337128e-01
1.318817e-01
1.304316e-01
1.292851e-01
1.283789e-01
1.276628e-01
1.270972e-01
1.266497e-01
1.262967e-01
1.260176e-01
1.257973e-01
1.256239e-01
1.254869e-01
1.253795e-01
1.252950e-01
1.252287e-01
1.251770e-01
1.251364e-01
1.251051e-01
1.250806e-01
1.250616e-01
1.250471e-01
1.250358e-01
1.250272e-01
1.250205e-01
1.250155e-01
1.250116e-01
1.250087e-01
1.250065e-01
1.250048e-01
1.250036e-01
1.250027e-01
1.250019e-01
1.250014e-01
1.250010e-01
1.250008e-01
1.250006e-01
1.250004e-01
1.250003e-01
1.250002e-01
1.250001e-01
1.250001e-01
1.250001e-01
1.250001e-01
1.250000e-01
1.250000e-01
1.250000e-01
1.250000e-01
1.250000e-01
1.250000e-01
1.250000e-01
1.250000e-01
1.250000e-01
1.250000e-01
1.250000e-01
1.250000e-01
1.250000e-01
1.250000e-01
1.250000e-01
1.250000e-01
1.250000e-01
1.250000e-01
1.250000e-01
1.250000e-01
1.250000e-01
1.250000e-01
1.250000e-01
1.250000e-01
1.250000e-01
1.250000e-01
1.250000e-01
1.250000e-01
1.250000e-01
1.250000e-01
1.250000e-01
1.250000e-01
1.250000e-01
1.250000e-01
1.250000e-01
1.250000e-01
1.250000e-01
1.250000e-01
1.250000e-01
1.250000e-01
1.250000e-01
1.250000e-01
1.250000e-01
1.250000e-01
1.250000e-01
1.250000e-01
1.250000e-01
1.250000e-01
1.250000e-01
1.250000e-01
1.250000e-01
1.250000e-01
1.250000e-01
1.250000e-01
1.250000e-01
1.250000e-01
1.250000e-01
1.250000e-01
1.250000e-01
1.250000e-01
1.250000e-01
1.250000e-01
1.250000e-01
1.250000e-01
1.250000e-01
1.250000e-01
1.250000e-01
1.250000e-01
1.250000e-01
1.250000e-01
1.250000e-01
1.250000e-01
1.250000e-01
1.250000e-01
1.250000e-01
1.250000e-01
1.250000e-01
1.250000e-01
1.250000e-01
1.250000e-01
1.250000e-01
1.250000e-01
1.250000e-01
1.250000e-01
1.250000e-01
1.250000e-01
1.250000e-01
1.250000e-01
1.250000e-01
1.250000e-01
1.250000e-01
1.250000e-01
1.250000e-01
1.250000e-01
1.250000e-01
1.250000e-01
1.250000e-01
1.250000e-01
1.250001e-01
1.250001e-01
1.250001e-01
1.250002e-01
1.250002e-01
1.250003e-01
1.250004e-01
1.250006e-01
1.250008e-01
1.250011e-01
1.250015e-01
1.250020e-01
1.250027e-01
1.250037e-01
1.250049e-01
1.250066e-01
1.250089e-01
1.250118e-01
1.250157e-01
1.250208e-01
1.250275e-01
1.250362e-01
1.250475e-01
1.250622e-01
1.250812e-01
1.251058e-01
1.251374e-01
1.251779e-01
1.252300e-01
1.252964e-01
1.253813e-01
1.254893e-01
1.256267e-01
1.258011e-01
1.260222e-01
1.263023e-01
1.266568e-01
1.271053e-01
1.276725e-01
1.283897e-01
1.292964e-01
1.304423e-01
1.318895e-01
1.337147e-01
1.360101e-01
1.388839e-01
1.424572e-01
1.468563e-01
1.522010e-01
1.585870e-01
1.660675e-01
1.746370e-01
1.842240e-01
1.946947e-01
2.058698e-01
2.175488e-01
2.295338e-01
2.416448e-01
2.537388e-01
2.657107e-01
2.774946e-01
2.890535e-01
3.003782e-01
3.114805e-01
3.223801e-01
3.331129e-01
3.437316e-01
3.542783e-01
3.648275e-01
3.754642e-01
3.862539e-01
3.973357e-01
4.087708e-01
4.207280e-01
4.332525e-01
4.465396e-01
4.605948e-01
4.755899e-01
4.915258e-01
