5.031490e-01
5.181808e-01
5.340009e-01
5.506278e-01
5.680328e-01
5.861992e-01
6.050425e-01
6.245471e-01
6.446326e-01
6.652431e-01
6.862698e-01
7.076404e-01
7.292465e-01
7.509756e-01
7.726848e-01
7.942444e-01
8.154946e-01
8.362650e-01
8.563793e-01
8.756366e-01
8.938520e-01
9.108357e-01
9.264140e-01
9.404418e-01
9.528081e-01
9.634588e-01
9.723970e-01
9.796883e-01
9.854572e-01
9.898767e-01
9.931499e-01
9.954926e-01
9.971128e-01
9.981964e-01
9.988985e-01
9.993403e-01
9.996111e-01
9.997735e-01
9.998691e-01
9.999247e-01
9.999567e-01
9.999750e-01
9.999855e-01
9.999916e-01
9.999950e-01
9.999971e-01
9.999982e-01
9.999989e-01
9.999994e-01
9.999996e-01
9.999998e-01
9.999998e-01
9.999999e-01
9.999999e-01
1.000000e+00
1.000000e+00
1.000000e+00
1.000000e+00
1.000000e+00
1.000000e+00
1.000000e+00
1.000000e+00
1.000000e+00
1.000000e+00
1.000000e+00
1.000000e+00
1.000000e+00
1.000000e+00
1.000000e+00
1.000000e+00
1.000000e+00
1.000000e+00
1.000000e+00
1.000000e+00
1.000000e+00
1.000000e+00
1.000000e+00
1.000000e+00
1.000000e+00
1.000000e+00
1.000000e+00
1.000000e+00
1.000000e+00
1.000000e+00
1.000000e+00
1.000000e+00
1.000000e+00
1.000000e+00
1.000000e+00
1.000000e+00
1.000000e+00
1.000000e+00
1.000000e+00
1.000000e+00
1.000000e+00
1.000000e+00
1.000000e+00
1.000000e+00
1.000000e+00
1.000000e+00
1.000000e+00
1.000000e+00
1.000000e+00
1.000000e+00
1.000000e+00
1.000000e+00
1.000000e+00
1.000000e+00
1.000000e+00
1.000000e+00
1.000000e+00
1.000000e+00
1.000000e+00
1.000000e+00
1.000000e+00
1.000000e+00
1.000000e+00
1.000000e+00
1.000000e+00
1.000000e+00
1.000000e+00
1.000000e+00
1.000000e+00
1.000000e+00
1.000000e+00
1.000000e+00
1.000000e+00
1.000000e+00
1.000000e+00
1.000000e+00
1.000000e+00
1.000000e+00
1.000000e+00
1.000000e+00
1.000000e+00
1.000000e+00
1.000000e+00
1.000000e+00
1.000000e+00
1.000000e+00
1.000000e+00
1.000000e+00
1.000000e+00
1.000000e+00
1.000000e+00
1.000000e+00
1.000000e+00
1.000000e+00
1.000000e+00
1.000000e+00
1.000000e+00
1.000000e+00
1.000000e+00
1.000000e+00
1.000000e+00
1.000000e+00
1.000000e+00
1.000000e+00
1.000000e+00
1.000000e+00
1.000000e+00
1.000000e+00
1.000000e+00
1.000000e+00
1.000000e+00
1.000000e+00
1.000000e+00
1.000000e+00
1.000000e+00
1.000000e+00
1.000000e+00
1.000000e+00
1.000000e+00
1.000000e+00
1.000000e+00
1.000000e+00
1.000000e+00
1.000000e+00
1.000000e+00
1.000000e+00
1.000000e+00
1.000000e+00
1.000000e+00
1.000000e+00
1.000000e+00
1.000000e+00
1.000000e+00
1.000000e+00
1.000000e+00
1.000000e+00
1.000000e+00
1.000000e+00
1.000000e+00
1.000000e+00
1.000000e+00
1.000000e+00
1.000000e+00
1.000000e+00
1.000000e+00
1.000000e+00
1.000000e+00
1.000000e+00
9.999999e-01
9.999999e-01
9.999998e-01
9.999997e-01
9.999995e-01
9.999992e-01
9.999986e-01
9.999977e-01
9.999962e-01
9.999936e-01
9.999891e-01
9.999815e-01
9.999685e-01
9.999462e-01
9.999081e-01
9.998437e-01
9.997356e-01
9.995567e-01
9.992653e-01
9.987999e-01
9.980733e-01
9.969677e-01
9.953320e-01
9.929844e-01
9.897193e-01
9.853213e-01
9.795850e-01
9.723327e-01
9.634340e-01
9.528174e-01
9.404749e-01
9.264583e-01
9.108772e-01
8.938779e-01
8.756361e-01
8.563440e-01
8.361903e-01
8.153781e-01
7.940875e-01
7.724910e-01
7.507494e-01
7.289954e-01
7.073708e-01
6.859897e-01
6.649601e-01
6.443537e-01
6.242775e-01
6.047906e-01
5.859680e-01
5.678274e-01
5.504489e-01
5.338531e-01
5.180642e-01
5.030719e-01
4.888810e-01
4.754927e-01
4.628393e-01
4.509096e-01
4.396338e-01
4.289236e-01
4.187489e-01
4.089773e-01
3.995682e-01
3.904358e-01
3.814869e-01
3.726725e-01
3.639164e-01
3.551870e-01
3.464240e-01
3.376094e-01
3.287016e-01
3.196859e-01
3.105349e-01
3.012252e-01
2.917408e-01
2.820612e-01
2.721755e-01
2.620813e-01
2.517971e-01
2.413586e-01
2.308302e-01
2.203060e-01
2.099087e-01
1.997846e-01
1.900909e-01
1.809847e-01
1.726010e-01
1.650403e-01
1.583592e-01
1.525672e-01
1.476315e-01
1.434868e-01
1.400473e-01
1.372190e-01
1.349082e-01
1.330286e-01
1.315038e-01
1.302682e-01
1.292679e-01
1.284579e-01
1.278013e-01
1.272695e-01
1.268382e-01
1.264879e-01
1.262042e-01
1.259738e-01
1.257864e-01
1.256350e-01
1.255120e-01
1.254120e-01
1.253316e-01
1.252662e-01
1.252132e-01
1.251709e-01
1.251364e-01
1.251087e-01
1.250867e-01
1.250688e-01
1.250545e-01
1.250433e-01
1.250341e-01
1.250269e-01
1.250212e-01
1.250166e-01
1.250130e-01
1.250102e-01
1.250079e-01
1.250062e-01
1.250048e-01
1.250037e-01
1.250029e-01
1.250022e-01
1.250017e-01
1.250013e-01
1.250010e-01
1.250008e-01
1.250006e-01
1.250004e-01
1.250003e-01
1.250003e-01
1.250002e-01
1.250001e-01
1.250001e-01
1.250001e-01
1.250001e-01
1.250000e-01
1.250000e-01
1.250000e-01
1.250000e-01
1.250000e-01
1.250000e-01
1.250000e-01
1.250000e-01
1.250000e-01
1.250000e-01
1.250000e-01
1.250000e-01
1.250000e-01
1.250000e-01
1.250000e-01
1.250000e-01
1.250000e-01
1.250000e-01
1.250000e-01
1.250000e-01
1.250000e-01
1.250000e-01
1.250000e-01
1.250000e-01
1.250000e-01
1.250000e-01
1.250000e-01
1.250000e-01
1.250000e-01
1.250000e-01
1.250000e-01
1.250000e-01
1.250000e-01
1.250000e-01
1.250000e-01
1.250000e-01
1.250000e-01
1.250000e-01
1.250000e-01
1.250000e-01
1.250000e-01
1.250000e-01
1.250000e-01
1.250000e-01
1.250000e-01
1.250000e-01
1.250000e-01
1.250000e-01
1.250000e-01
1.250000e-01
1.250000e-01
1.250000e-01
1.250000e-01
1.250000e-01
1.250000e-01
1.250000e-01
1.250000e-01
1.250000e-01
1.250000e-01
1.250000e-01
1.250000e-01
1.250000e-01
1.250000e-01
1.250000e-01
1.250000e-01
1.250000e-01
1.250000e-01
1.250000e-01
1.250000e-01
1.250000e-01
1.250000e-01
1.250000e-01
1.250000e-01
1.250000e-01
1.250001e-01
1.250001e-01
1.250001e-01
1.250001e-01
1.250002e-01
1.250003e-01
1.250003e-01
1.250004e-01
1.250006e-01
1.250008e-01
1.250010e-01
1.250013e-01
1.250017e-01
1.250022e-01
1.250029e-01
1.250037e-01
1.250048e-01
1.250062e-01
1.250080e-01
1.250103e-01
1.250131e-01
1.250167e-01
1.250213e-01
1.250271e-01
1.250343e-01
1.250434e-01
1.250549e-01
1.250692e-01
1.250870e-01
1.251093e-01
1.251370e-01
1.251714e-01
1.252141e-01
1.252671e-01
1.253326e-01
1.254136e-01
1.255137e-01
1.256372e-01
1.257895e-01
1.259771e-01
1.262084e-01
1.264932e-01
1.268441e-01
1.272765e-01
1.278094e-01
1.284665e-01
1.292770e-01
1.302769e-01
1.315105e-01
1.330316e-01
1.349043e-01
1.372040e-01
1.400162e-01
1.434333e-01
1.475496e-01
1.524518e-01
1.582075e-01
1.648532e-01
1.723832e-01
1.807445e-01
1.898383e-01
1.995292e-01
2.096602e-01
2.200726e-01
2.306167e-01
2.411668e-01
2.516261e-01
2.619286e-01
2.720378e-01
2.819357e-01
2.916236e-01
3.011130e-01
3.104240e-01
3.195746e-01
3.285897e-01
3.374928e-01
3.463034e-01
3.550630e-01
3.637879e-01
3.725417e-01
3.813547e-01
3.903063e-01
3.994452e-01
4.088596e-01
4.186457e-01
4.288357e-01
4.395716e-01
4.508719e-01
4.628297e-01
4.755159e-01
4.889334e-01
