5.208146e-01
5.470508e-01
5.748794e-01
6.042381e-01
6.348838e-01
6.666041e-01
6.990177e-01
7.317988e-01
7.645130e-01
7.966820e-01
8.278093e-01
8.573450e-01
8.847510e-01
9.095233e-01
9.312374e-01
9.495966e-01
9.645011e-01
9.760572e-01
9.845707e-01
9.905114e-01
9.944280e-01
9.968669e-01
9.983045e-01
9.991107e-01
9.995438e-01
9.997690e-01
9.998835e-01
9.999410e-01
9.999699e-01
9.999844e-01
9.999918e-01
9.999957e-01
9.999977e-01
9.999987e-01
9.999993e-01
9.999996e-01
9.999998e-01
9.999999e-01
9.999999e-01
1.000000e+00
1.000000e+00
1.000000e+00
1.000000e+00
1.000000e+00
1.000000e+00
1.000000e+00
1.000000e+00
1.000000e+00
1.000000e+00
1.000000e+00
1.000000e+00
1.000000e+00
1.000000e+00
1.000000e+00
1.000000e+00
1.000000e+00
1.000000e+00
1.000000e+00
1.000000e+00
1.000000e+00
1.000000e+00
1.000000e+00
1.000000e+00
1.000000e+00
1.000000e+00
1.000000e+00
1.000000e+00
1.000000e+00
1.000000e+00
1.000000e+00
1.000000e+00
1.000000e+00
1.000000e+00
1.000000e+00
1.000000e+00
1.000000e+00
1.000000e+00
1.000000e+00
1.000000e+00
1.000000e+00
1.000000e+00
1.000000e+00
1.000000e+00
1.000000e+00
1.000000e+00
1.000000e+00
1.000000e+00
1.000000e+00
1.000000e+00
1.000000e+00
1.000000e+00
1.000000e+00
1.000000e+00
1.000000e+00
1.000000e+00
1.000000e+00
1.000000e+00
1.000000e+00
1.000000e+00
1.000000e+00
1.000000e+00
1.000000e+00
1.000000e+00
1.000000e+00
1.000000e+00
1.000000e+00
1.000000e+00
1.000000e+00
1.000000e+00
1.000000e+00
1.000000e+00
1.000000e+00
1.000000e+00
1.000000e+00
1.000000e+00
1.000000e+00
1.000000e+00
1.000000e+00
1.000000e+00
1.000000e+00
1.000000e+00
1.000000e+00
1.000000e+00
1.000000e+00
1.000000e+00
1.000000e+00
1.000000e+00
1.000000e+00
1.000000e+00
1.000000e+00
1.000000e+00
1.000000e+00
1.000000e+00
1.000000e+00
1.000000e+00
1.000000e+00
1.000000e+00
1.000000e+00
1.000000e+00
1.000000e+00
1.000000e+00
1.000000e+00
1.000000e+00
1.000000e+00
1.000000e+00
1.000000e+00
1.000000e+00
1.000000e+00
1.000000e+00
1.000000e+00
1.000000e+00
1.000000e+00
1.000000e+00
1.000000e+00
1.000000e+00
1.000000e+00
1.000000e+00
1.000000e+00
1.000000e+00
1.000000e+00
1.000000e+00
1.000000e+00
1.000000e+00
1.000000e+00
1.000000e+00
1.000000e+00
1.000000e+00
1.000000e+00
1.000000e+00
1.000000e+00
1.000000e+00
1.000000e+00
1.000000e+00
1.000000e+00
1.000000e+00
1.000000e+00
1.000000e+00
1.000000e+00
1.000000e+00
1.000000e+00
1.000000e+00
1.000000e+00
1.000000e+00
1.000000e+00
1.000000e+00
1.000000e+00
1.000000e+00
1.000000e+00
1.000000e+00
1.000000e+00
1.000000e+00
1.000000e+00
1.000000e+00
1.000000e+00
1.000000e+00
1.000000e+00
1.000000e+00
1.000000e+00
1.000000e+00
1.000000e+00
1.000000e+00
1.000000e+00
1.000000e+00
1.000000e+00
1.000000e+00
1.000000e+00
1.000000e+00
1.000000e+00
1.000000e+00
1.000000e+00
1.000000e+00
1.000000e+00
1.000000e+00
1.000000e+00
1.000000e+00
1.000000e+00
9.999999e-01
9.999999e-01
9.999998e-01
9.999997e-01
9.999995e-01
9.999991e-01
9.999983e-01
9.999968e-01
9.999941e-01
9.999889e-01
9.999789e-01
9.999598e-01
9.999230e-01
9.998521e-01
9.997168e-01
9.994613e-01
9.989890e-01
9.981393e-01
9.966632e-01
9.942036e-01
9.902960e-01
9.843973e-01
9.759506e-01
9.644692e-01
9.496254e-01
9.312975e-01
9.095771e-01
8.847642e-01
8.572915e-01
8.276732e-01
7.964646e-01
7.642241e-01
7.314539e-01
6.986449e-01
6.662261e-01
6.345241e-01
6.039168e-01
5.746116e-01
5.468432e-01
5.207047e-01
4.962976e-01
4.736410e-01
4.526071e-01
4.329666e-01
4.145707e-01
3.971458e-01
3.804355e-01
3.642148e-01
3.482586e-01
3.323695e-01
3.164110e-01
3.002822e-01
2.839572e-01
2.674705e-01
2.509502e-01
2.345934e-01
2.186725e-01
2.035156e-01
1.894647e-01
1.768308e-01
1.658439e-01
1.566061e-01
1.490833e-01
1.431285e-01
1.385233e-01
1.350237e-01
1.323967e-01
1.304400e-01
1.289898e-01
1.279181e-01
1.271281e-01
1.265467e-01
1.261201e-01
1.258078e-01
1.255800e-01
1.254144e-01
1.252945e-01
1.252083e-01
1.251464e-01
1.251024e-01
1.250711e-01
1.250491e-01
1.250337e-01
1.250230e-01
1.250156e-01
1.250105e-01
1.250070e-01
1.250047e-01
1.250031e-01
1.250020e-01
1.250013e-01
1.250009e-01
1.250006e-01
1.250004e-01
1.250002e-01
1.250001e-01
1.250001e-01
1.250001e-01
1.250000e-01
1.250000e-01
1.250000e-01
1.250000e-01
1.250000e-01
1.250000e-01
1.250000e-01
1.250000e-01
1.250000e-01
1.250000e-01
1.250000e-01
1.250000e-01
1.250000e-01
1.250000e-01
1.250000e-01
1.250000e-01
1.250000e-01
1.250000e-01
1.250000e-01
1.250000e-01
1.250000e-01
1.250000e-01
1.250000e-01
1.250000e-01
1.250000e-01
1.250000e-01
1.250000e-01
1.250000e-01
1.250000e-01
1.250000e-01
1.250000e-01
1.250000e-01
1.250000e-01
1.250000e-01
1.250000e-01
1.250000e-01
1.250000e-01
1.250000e-01
1.250000e-01
1.250000e-01
1.250000e-01
1.250000e-01
1.250000e-01
1.250000e-01
1.250000e-01
1.250000e-01
1.250000e-01
1.250000e-01
1.250000e-01
1.250000e-01
1.250000e-01
1.250000e-01
1.250000e-01
1.250000e-01
1.250000e-01
1.250000e-01
1.250000e-01
1.250000e-01
1.250000e-01
1.250000e-01
1.250000e-01
1.250000e-01
1.250000e-01
1.250000e-01
1.250000e-01
1.250000e-01
1.250000e-01
1.250000e-01
1.250000e-01
1.250000e-01
1.250000e-01
1.250000e-01
1.250000e-01
1.250000e-01
1.250000e-01
1.250000e-01
1.250000e-01
1.250000e-01
1.250000e-01
1.250000e-01
1.250000e-01
1.250000e-01
1.250000e-01
1.250000e-01
1.250000e-01
1.250000e-01
1.250000e-01
1.250000e-01
1.250000e-01
1.250000e-01
1.250000e-01
1.250000e-01
1.250000e-01
1.250000e-01
1.250000e-01
1.250000e-01
1.250000e-01
1.250000e-01
1.250000e-01
1.250000e-01
1.250000e-01
1.250000e-01
1.250000e-01
1.250000e-01
1.250000e-01
1.250000e-01
1.250000e-01
1.250000e-01
1.250000e-01
1.250000e-01
1.250000e-01
1.250000e-01
1.250000e-01
1.250000e-01
1.250000e-01
1.250000e-01
1.250000e-01
1.250000e-01
1.250000e-01
1.250000e-01
1.250000e-01
1.250000e-01
1.250000e-01
1.250000e-01
1.250000e-01
1.250000e-01
1.250000e-01
1.250000e-01
1.250000e-01
1.250000e-01
1.250000e-01
1.250000e-01
1.250000e-01
1.250000e-01
1.250000e-01
1.250000e-01
1.250000e-01
1.250000e-01
1.250000e-01
1.250000e-01
1.250001e-01
1.250001e-01
1.250002e-01
1.250003e-01
1.250004e-01
1.250006e-01
1.250009e-01
1.250014e-01
1.250022e-01
1.250033e-01
1.250050e-01
1.250074e-01
1.250110e-01
1.250162e-01
1.250238e-01
1.250347e-01
1.250504e-01
1.250727e-01
1.251044e-01
1.251489e-01
1.252114e-01
1.252984e-01
1.254192e-01
1.255861e-01
1.258155e-01
1.261298e-01
1.265589e-01
1.271429e-01
1.279355e-01
1.290088e-01
1.304581e-01
1.324089e-01
1.350218e-01
1.384952e-01
1.430597e-01
1.489597e-01
1.564189e-01
1.655940e-01
1.765288e-01
1.891287e-01
2.031694e-01
2.183386e-01
2.342875e-01
2.506788e-01
2.672317e-01
2.837466e-01
3.000938e-01
3.162336e-01
3.321956e-01
3.480848e-01
3.640422e-01
3.802663e-01
3.969828e-01
4.144253e-01
4.328538e-01
4.525361e-01
4.736318e-01
4.963674e-01
