5.026893e-01
5.174802e-01
5.330438e-01
5.493981e-01
5.665186e-01
5.843845e-01
6.029165e-01
6.221034e-01
6.418700e-01
6.621607e-01
6.828707e-01
7.039363e-01
7.252540e-01
7.467135e-01
7.681875e-01
7.895460e-01
8.106407e-01
8.313107e-01
8.513850e-01
8.706740e-01
8.889952e-01
9.061633e-01
9.220043e-01
9.363658e-01
9.491299e-01
9.602229e-01
9.696293e-01
9.773919e-01
9.836124e-01
9.884441e-01
9.920755e-01
9.947148e-01
9.965691e-01
9.978290e-01
9.986580e-01
9.991874e-01
9.995164e-01
9.997161e-01
9.998349e-01
9.999046e-01
9.999449e-01
9.999682e-01
9.999816e-01
9.999893e-01
9.999937e-01
9.999963e-01
9.999978e-01
9.999987e-01
9.999992e-01
9.999995e-01
9.999997e-01
9.999998e-01
9.999999e-01
9.999999e-01
1.000000e+00
1.000000e+00
1.000000e+00
1.000000e+00
1.000000e+00
1.000000e+00
1.000000e+00
1.000000e+00
1.000000e+00
1.000000e+00
1.000000e+00
1.000000e+00
1.000000e+00
1.000000e+00
1.000000e+00
1.000000e+00
1.000000e+00
1.000000e+00
1.000000e+00
1.000000e+00
1.000000e+00
1.000000e+00
1.000000e+00
1.000000e+00
1.000000e+00
1.000000e+00
1.000000e+00
1.000000e+00
1.000000e+00
1.000000e+00
1.000000e+00
1.000000e+00
1.000000e+00
1.000000e+00
1.000000e+00
1.000000e+00
1.000000e+00
1.000000e+00
1.000000e+00
1.000000e+00
1.000000e+00
1.000000e+00
1.000000e+00
1.000000e+00
1.000000e+00
1.000000e+00
1.000000e+00
1.000000e+00
1.000000e+00
1.000000e+00
1.000000e+00
1.000000e+00
1.000000e+00
1.000000e+00
1.000000e+00
1.000000e+00
1.000000e+00
1.000000e+00
1.000000e+00
1.000000e+00
1.000000e+00
1.000000e+00
1.000000e+00
1.000000e+00
1.000000e+00
1.000000e+00
1.000000e+00
1.000000e+00
1.000000e+00
1.000000e+00
1.000000e+00
1.000000e+00
1.000000e+00
1.000000e+00
1.000000e+00
1.000000e+00
1.000000e+00
1.000000e+00
1.000000e+00
1.000000e+00
1.000000e+00
1.000000e+00
1.000000e+00
1.000000e+00
1.000000e+00
1.000000e+00
1.000000e+00
1.000000e+00
1.000000e+00
1.000000e+00
1.000000e+00
1.000000e+00
1.000000e+00
1.000000e+00
1.000000e+00
1.000000e+00
1.000000e+00
1.000000e+00
1.000000e+00
1.000000e+00
1.000000e+00
1.000000e+00
1.000000e+00
1.000000e+00
1.000000e+00
1.000000e+00
1.000000e+00
1.000000e+00
1.000000e+00
1.000000e+00
1.000000e+00
1.000000e+00
1.000000e+00
1.000000e+00
1.000000e+00
1.000000e+00
1.000000e+00
1.000000e+00
1.000000e+00
1.000000e+00
1.000000e+00
1.000000e+00
1.000000e+00
1.000000e+00
1.000000e+00
1.000000e+00
1.000000e+00
1.000000e+00
1.000000e+00
1.000000e+00
1.000000e+00
1.000000e+00
1.000000e+00
1.000000e+00
1.000000e+00
1.000000e+00
1.000000e+00
1.000000e+00
1.000000e+00
1.000000e+00
1.000000e+00
1.000000e+00
1.000000e+00
1.000000e+00
1.000000e+00
1.000000e+00
1.000000e+00
9.999999e-01
9.999999e-01
9.999998e-01
9.999998e-01
9.999996e-01
9.999994e-01
9.999990e-01
9.999983e-01
9.999971e-01
9.999952e-01
9.999919e-01
9.999863e-01
9.999766e-01
9.999602e-01
9.999322e-01
9.998847e-01
9.998049e-01
9.996722e-01
9.994546e-01
9.991040e-01
9.985507e-01
9.976980e-01
9.964185e-01
9.945525e-01
9.919129e-01
9.882941e-01
9.834878e-01
9.773020e-01
9.695786e-01
9.602097e-01
9.491476e-01
9.364031e-01
9.220487e-01
9.062013e-01
8.890148e-01
8.706653e-01
8.513406e-01
8.312271e-01
8.105163e-01
7.893824e-01
7.679890e-01
7.464842e-01
7.250016e-01
7.036672e-01
6.825925e-01
6.618802e-01
6.415949e-01
6.218381e-01
6.026687e-01
5.841569e-01
5.663168e-01
5.492228e-01
5.328986e-01
5.173652e-01
5.026130e-01
4.886437e-01
4.754594e-01
4.629950e-01
4.512372e-01
4.401244e-01
4.295652e-01
4.195329e-01
4.099014e-01
4.006233e-01
3.916268e-01
3.828089e-01
3.741327e-01
3.655145e-01
3.569265e-01
3.483142e-01
3.396542e-01
3.309067e-01
3.220630e-01
3.130917e-01
3.039721e-01
2.946884e-01
2.852190e-01
2.755489e-01
2.656713e-01
2.555950e-01
2.453455e-01
2.349738e-01
2.245588e-01
2.142087e-01
2.040582e-01
1.942573e-01
1.849631e-01
1.763194e-01
1.684421e-01
1.614079e-01
1.552482e-01
1.499500e-01
1.454640e-01
1.417148e-01
1.386136e-01
1.360678e-01
1.339890e-01
1.322975e-01
1.309237e-01
1.298087e-01
1.289044e-01
1.281702e-01
1.275741e-01
1.270901e-01
1.266965e-01
1.263763e-01
1.261164e-01
1.259045e-01
1.257322e-01
1.255926e-01
1.254787e-01
1.253862e-01
1.253115e-01
1.252505e-01
1.252013e-01
1.251617e-01
1.251293e-01
1.251034e-01
1.250827e-01
1.250657e-01
1.250523e-01
1.250416e-01
1.250328e-01
1.250260e-01
1.250205e-01
1.250161e-01
1.250127e-01
1.250099e-01
1.250077e-01
1.250061e-01
1.250047e-01
1.250037e-01
1.250028e-01
1.250022e-01
1.250017e-01
1.250013e-01
1.250010e-01
1.250008e-01
1.250006e-01
1.250004e-01
1.250003e-01
1.250003e-01
1.250002e-01
1.250001e-01
1.250001e-01
1.250001e-01
1.250001e-01
1.250000e-01
1.250000e-01
1.250000e-01
1.250000e-01
1.250000e-01
1.250000e-01
1.250000e-01
1.250000e-01
1.250000e-01
1.250000e-01
1.250000e-01
1.250000e-01
1.250000e-01
1.250000e-01
1.250000e-01
1.250000e-01
1.250000e-01
1.250000e-01
1.250000e-01
1.250000e-01
1.250000e-01
1.250000e-01
1.250000e-01
1.250000e-01
1.250000e-01
1.250000e-01
1.250000e-01
1.250000e-01
1.250000e-01
1.250000e-01
1.250000e-01
1.250000e-01
1.250000e-01
1.250000e-01
1.250000e-01
1.250000e-01
1.250000e-01
1.250000e-01
1.250000e-01
1.250000e-01
1.250000e-01
1.250000e-01
1.250000e-01
1.250000e-01
1.250000e-01
1.250000e-01
1.250000e-01
1.250000e-01
1.250000e-01
1.250000e-01
1.250000e-01
1.250000e-01
1.250000e-01
1.250000e-01
1.250000e-01
1.250000e-01
1.250000e-01
1.250000e-01
1.250000e-01
1.250000e-01
1.250000e-01
1.250000e-01
1.250000e-01
1.250000e-01
1.250000e-01
1.250000e-01
1.250000e-01
1.250000e-01
1.250000e-01
1.250000e-01
1.250000e-01
1.250000e-01
1.250001e-01
1.250001e-01
1.250001e-01
1.250002e-01
1.250002e-01
1.250003e-01
1.250003e-01
1.250005e-01
1.250006e-01
1.250008e-01
1.250010e-01
1.250013e-01
1.250017e-01
1.250022e-01
1.250029e-01
1.250037e-01
1.250048e-01
1.250061e-01
1.250078e-01
1.250100e-01
1.250128e-01
1.250163e-01
1.250206e-01
1.250261e-01
1.250331e-01
1.250417e-01
1.250526e-01
1.250661e-01
1.250829e-01
1.251039e-01
1.251299e-01
1.251621e-01
1.252021e-01
1.252514e-01
1.253124e-01
1.253877e-01
1.254803e-01
1.255945e-01
1.257350e-01
1.259077e-01
1.261201e-01
1.263811e-01
1.267020e-01
1.270965e-01
1.275817e-01
1.281785e-01
1.289131e-01
1.298176e-01
1.309313e-01
1.323024e-01
1.339887e-01
1.360587e-01
1.385911e-01
1.416734e-01
1.453976e-01
1.498530e-01
1.551165e-01
1.612404e-01
1.682414e-01
1.760918e-01
1.847178e-01
1.940042e-01
2.038066e-01
2.139677e-01
2.243354e-01
2.347711e-01
2.451642e-01
2.554332e-01
2.655267e-01
2.754183e-01
2.850984e-01
2.945749e-01
3.038623e-01
3.129830e-01
3.219528e-01
3.307944e-01
3.395388e-01
3.481930e-01
3.568042e-01
3.653854e-01
3.740034e-01
3.826776e-01
3.914995e-01
4.005008e-01
4.097857e-01
4.194324e-01
4.294801e-01
4.400645e-01
4.512007e-01
4.629869e-01
4.754827e-01
4.886958e-01
