5.260085e-01
5.562220e-01
5.883598e-01
6.221277e-01
6.573081e-01
6.933677e-01
7.298727e-01
7.662161e-01
8.017501e-01
8.358080e-01
8.676392e-01
8.965764e-01
9.220206e-01
9.435196e-01
9.608860e-01
9.742082e-01
9.838536e-01
9.904182e-01
9.946053e-01
9.971072e-01
9.985126e-01
9.992597e-01
9.996392e-01
9.998258e-01
9.999158e-01
9.999590e-01
9.999798e-01
9.999899e-01
9.999949e-01
9.999974e-01
9.999986e-01
9.999993e-01
9.999996e-01
9.999998e-01
9.999999e-01
9.999999e-01
1.000000e+00
1.000000e+00
1.000000e+00
1.000000e+00
1.000000e+00
1.000000e+00
1.000000e+00
1.000000e+00
1.000000e+00
1.000000e+00
1.000000e+00
1.000000e+00
1.000000e+00
1.000000e+00
1.000000e+00
1.000000e+00
1.000000e+00
1.000000e+00
1.000000e+00
1.000000e+00
1.000000e+00
1.000000e+00
1.000000e+00
1.000000e+00
1.000000e+00
1.000000e+00
1.000000e+00
1.000000e+00
1.000000e+00
1.000000e+00
1.000000e+00
1.000000e+00
1.000000e+00
1.000000e+00
1.000000e+00
1.000000e+00
1.000000e+00
1.000000e+00
1.000000e+00
1.000000e+00
1.000000e+00
1.000000e+00
1.000000e+00
1.000000e+00
1.000000e+00
1.000000e+00
1.000000e+00
1.000000e+00
1.000000e+00
1.000000e+00
1.000000e+00
1.000000e+00
1.000000e+00
1.000000e+00
1.000000e+00
1.000000e+00
1.000000e+00
1.000000e+00
1.000000e+00
1.000000e+00
1.000000e+00
1.000000e+00
1.000000e+00
1.000000e+00
1.000000e+00
1.000000e+00
1.000000e+00
1.000000e+00
1.000000e+00
1.000000e+00
1.000000e+00
1.000000e+00
1.000000e+00
1.000000e+00
1.000000e+00
1.000000e+00
1.000000e+00
1.000000e+00
1.000000e+00
1.000000e+00
1.000000e+00
1.000000e+00
1.000000e+00
1.000000e+00
1.000000e+00
1.000000e+00
1.000000e+00
1.000000e+00
1.000000e+00
1.000000e+00
1.000000e+00
1.000000e+00
1.000000e+00
1.000000e+00
1.000000e+00
1.000000e+00
1.000000e+00
1.000000e+00
1.000000e+00
1.000000e+00
1.000000e+00
1.000000e+00
1.000000e+00
1.000000e+00
1.000000e+00
1.000000e+00
1.000000e+00
1.000000e+00
1.000000e+00
1.000000e+00
1.000000e+00
1.000000e+00
1.000000e+00
1.000000e+00
1.000000e+00
1.000000e+00
1.000000e+00
1.000000e+00
1.000000e+00
1.000000e+00
1.000000e+00
1.000000e+00
1.000000e+00
1.000000e+00
1.000000e+00
1.000000e+00
1.000000e+00
1.000000e+00
1.000000e+00
1.000000e+00
1.000000e+00
1.000000e+00
1.000000e+00
1.000000e+00
1.000000e+00
1.000000e+00
1.000000e+00
1.000000e+00
1.000000e+00
1.000000e+00
1.000000e+00
1.000000e+00
1.000000e+00
1.000000e+00
1.000000e+00
1.000000e+00
1.000000e+00
1.000000e+00
1.000000e+00
1.000000e+00
1.000000e+00
1.000000e+00
1.000000e+00
1.000000e+00
1.000000e+00
1.000000e+00
1.000000e+00
1.000000e+00
1.000000e+00
1.000000e+00
1.000000e+00
1.000000e+00
1.000000e+00
1.000000e+00
1.000000e+00
1.000000e+00
1.000000e+00
1.000000e+00
1.000000e+00
1.000000e+00
1.000000e+00
1.000000e+00
1.000000e+00
1.000000e+00
1.000000e+00
1.000000e+00
1.000000e+00
1.000000e+00
1.000000e+00
1.000000e+00
1.000000e+00
1.000000e+00
1.000000e+00
1.000000e+00
9.999999e-01
9.999998e-01
9.999997e-01
9.999995e-01
9.999990e-01
9.999981e-01
9.999963e-01
9.999928e-01
9.999859e-01
9.999721e-01
9.999446e-01
9.998895e-01
9.997795e-01
9.995621e-01
9.991401e-01
9.983430e-01
9.968911e-01
9.943629e-01
9.901859e-01
9.836727e-01
9.741080e-01
9.608711e-01
9.435663e-01
9.220862e-01
8.966138e-01
8.676087e-01
8.356848e-01
8.015292e-01
7.659090e-01
7.295000e-01
6.929684e-01
6.569065e-01
6.217647e-01
5.880513e-01
5.559858e-01
5.258877e-01
4.978110e-01
4.719348e-01
4.480138e-01
4.257747e-01
4.048839e-01
3.850406e-01
3.659171e-01
3.472074e-01
3.286517e-01
3.100753e-01
2.913898e-01
2.726085e-01
2.538850e-01
2.354702e-01
2.177167e-01
2.010423e-01
1.858662e-01
1.725407e-01
1.612849e-01
1.521361e-01
1.449575e-01
1.394912e-01
1.354251e-01
1.324504e-01
1.302978e-01
1.287512e-01
1.276448e-01
1.268565e-01
1.262967e-01
1.259008e-01
1.256220e-01
1.254268e-01
1.252908e-01
1.251968e-01
1.251321e-01
1.250881e-01
1.250582e-01
1.250382e-01
1.250249e-01
1.250160e-01
1.250103e-01
1.250065e-01
1.250041e-01
1.250026e-01
1.250016e-01
1.250010e-01
1.250006e-01
1.250004e-01
1.250002e-01
1.250001e-01
1.250001e-01
1.250000e-01
1.250000e-01
1.250000e-01
1.250000e-01
1.250000e-01
1.250000e-01
1.250000e-01
1.250000e-01
1.250000e-01
1.250000e-01
1.250000e-01
1.250000e-01
1.250000e-01
1.250000e-01
1.250000e-01
1.250000e-01
1.250000e-01
1.250000e-01
1.250000e-01
1.250000e-01
1.250000e-01
1.250000e-01
1.250000e-01
1.250000e-01
1.250000e-01
1.250000e-01
1.250000e-01
1.250000e-01
1.250000e-01
1.250000e-01
1.250000e-01
1.250000e-01
1.250000e-01
1.250000e-01
1.250000e-01
1.250000e-01
1.250000e-01
1.250000e-01
1.250000e-01
1.250000e-01
1.250000e-01
1.250000e-01
1.250000e-01
1.250000e-01
1.250000e-01
1.250000e-01
1.250000e-01
1.250000e-01
1.250000e-01
1.250000e-01
1.250000e-01
1.250000e-01
1.250000e-01
1.250000e-01
1.250000e-01
1.250000e-01
1.250000e-01
1.250000e-01
1.250000e-01
1.250000e-01
1.250000e-01
1.250000e-01
1.250000e-01
1.250000e-01
1.250000e-01
1.250000e-01
1.250000e-01
1.250000e-01
1.250000e-01
1.250000e-01
1.250000e-01
1.250000e-01
1.250000e-01
1.250000e-01
1.250000e-01
1.250000e-01
1.250000e-01
1.250000e-01
1.250000e-01
1.250000e-01
1.250000e-01
1.250000e-01
1.250000e-01
1.250000e-01
1.250000e-01
1.250000e-01
1.250000e-01
1.250000e-01
1.250000e-01
1.250000e-01
1.250000e-01
1.250000e-01
1.250000e-01
1.250000e-01
1.250000e-01
1.250000e-01
1.250000e-01
1.250000e-01
1.250000e-01
1.250000e-01
1.250000e-01
1.250000e-01
1.250000e-01
1.250000e-01
1.250000e-01
1.250000e-01
1.250000e-01
1.250000e-01
1.250000e-01
1.250000e-01
1.250000e-01
1.250000e-01
1.250000e-01
1.250000e-01
1.250000e-01
1.250000e-01
1.250000e-01
1.250000e-01
1.250000e-01
1.250000e-01
1.250000e-01
1.250000e-01
1.250000e-01
1.250000e-01
1.250000e-01
1.250000e-01
1.250000e-01
1.250000e-01
1.250000e-01
1.250000e-01
1.250000e-01
1.250000e-01
1.250000e-01
1.250000e-01
1.250000e-01
1.250000e-01
1.250000e-01
1.250000e-01
1.250000e-01
1.250000e-01
1.250000e-01
1.250000e-01
1.250000e-01
1.250000e-01
1.250000e-01
1.250000e-01
1.250000e-01
1.250000e-01
1.250000e-01
1.250000e-01
1.250000e-01
1.250000e-01
1.250000e-01
1.250001e-01
1.250001e-01
1.250002e-01
1.250003e-01
1.250004e-01
1.250007e-01
1.250011e-01
1.250018e-01
1.250028e-01
1.250045e-01
1.250070e-01
1.250109e-01
1.250169e-01
1.250260e-01
1.250398e-01
1.250603e-01
1.250907e-01
1.251355e-01
1.252011e-01
1.252963e-01
1.254337e-01
1.256309e-01
1.259121e-01
1.263110e-01
1.268742e-01
1.276660e-01
1.287747e-01
1.303208e-01
1.324660e-01
1.354221e-01
1.394534e-01
1.448660e-01
1.519752e-01
1.610483e-01
1.722347e-01
1.855103e-01
2.006663e-01
2.173499e-01
2.351334e-01
2.535874e-01
2.723485e-01
2.911599e-01
3.098707e-01
3.284585e-01
3.470166e-01
3.657283e-01
3.848594e-01
4.047202e-01
4.256410e-01
4.479277e-01
4.719160e-01
4.978744e-01
