5.249239e-01
5.542832e-01
5.854989e-01
6.183269e-01
6.525496e-01
6.877040e-01
7.233707e-01
7.590263e-01
7.940405e-01
8.278083e-01
8.596279e-01
8.888459e-01
9.148659e-01
9.372006e-01
9.555870e-01
9.700124e-01
9.807326e-01
9.882442e-01
9.931897e-01
9.962446e-01
9.980184e-01
9.989914e-01
9.994997e-01
9.997554e-01
9.998809e-01
9.999417e-01
9.999712e-01
9.999855e-01
9.999926e-01
9.999962e-01
9.999980e-01
9.999990e-01
9.999994e-01
9.999997e-01
9.999998e-01
9.999999e-01
1.000000e+00
1.000000e+00
1.000000e+00
1.000000e+00
1.000000e+00
1.000000e+00
1.000000e+00
1.000000e+00
1.000000e+00
1.000000e+00
1.000000e+00
1.000000e+00
1.000000e+00
1.000000e+00
1.000000e+00
1.000000e+00
1.000000e+00
1.000000e+00
1.000000e+00
1.000000e+00
1.000000e+00
1.000000e+00
1.000000e+00
1.000000e+00
1.000000e+00
1.000000e+00
1.000000e+00
1.000000e+00
1.000000e+00
1.000000e+00
1.000000e+00
1.000000e+00
1.000000e+00
1.000000e+00
1.000000e+00
1.000000e+00
1.000000e+00
1.000000e+00
1.000000e+00
1.000000e+00
1.000000e+00
1.000000e+00
1.000000e+00
1.000000e+00
1.000000e+00
1.000000e+00
1.000000e+00
1.000000e+00
1.000000e+00
1.000000e+00
1.000000e+00
1.000000e+00
1.000000e+00
1.000000e+00
1.000000e+00
1.000000e+00
1.000000e+00
1.000000e+00
1.000000e+00
1.000000e+00
1.000000e+00
1.000000e+00
1.000000e+00
1.000000e+00
1.000000e+00
1.000000e+00
1.000000e+00
1.000000e+00
1.000000e+00
1.000000e+00
1.000000e+00
1.000000e+00
1.000000e+00
1.000000e+00
1.000000e+00
1.000000e+00
1.000000e+00
1.000000e+00
1.000000e+00
1.000000e+00
1.000000e+00
1.000000e+00
1.000000e+00
1.000000e+00
1.000000e+00
1.000000e+00
1.000000e+00
1.000000e+00
1.000000e+00
1.000000e+00
1.000000e+00
1.000000e+00
1.000000e+00
1.000000e+00
1.000000e+00
1.000000e+00
1.000000e+00
1.000000e+00
1.000000e+00
1.000000e+00
1.000000e+00
1.000000e+00
1.000000e+00
1.000000e+00
1.000000e+00
1.000000e+00
1.000000e+00
1.000000e+00
1.000000e+00
1.000000e+00
1.000000e+00
1.000000e+00
1.000000e+00
1.000000e+00
1.000000e+00
1.000000e+00
1.000000e+00
1.000000e+00
1.000000e+00
1.000000e+00
1.000000e+00
1.000000e+00
1.000000e+00
1.000000e+00
1.000000e+00
1.000000e+00
1.000000e+00
1.000000e+00
1.000000e+00
1.000000e+00
1.000000e+00
1.000000e+00
1.000000e+00
1.000000e+00
1.000000e+00
1.000000e+00
1.000000e+00
1.000000e+00
1.000000e+00
1.000000e+00
1.000000e+00
1.000000e+00
1.000000e+00
1.000000e+00
1.000000e+00
1.000000e+00
1.000000e+00
1.000000e+00
1.000000e+00
1.000000e+00
1.000000e+00
1.000000e+00
1.000000e+00
1.000000e+00
1.000000e+00
1.000000e+00
1.000000e+00
1.000000e+00
1.000000e+00
1.000000e+00
1.000000e+00
1.000000e+00
1.000000e+00
1.000000e+00
1.000000e+00
1.000000e+00
1.000000e+00
1.000000e+00
1.000000e+00
1.000000e+00
1.000000e+00
1.000000e+00
1.000000e+00
1.000000e+00
1.000000e+00
1.000000e+00
1.000000e+00
1.000000e+00
1.000000e+00
1.000000e+00
1.000000e+00
1.000000e+00
1.000000e+00
9.999999e-01
9.999999e-01
9.999998e-01
9.999996e-01
9.999992e-01
9.999985e-01
9.999972e-01
9.999947e-01
9.999898e-01
9.999801e-01
9.999608e-01
9.999226e-01
9.998468e-01
9.996972e-01
9.994063e-01
9.988527e-01
9.978309e-01
9.960180e-01
9.929501e-01
9.880303e-01
9.805813e-01
9.699437e-01
9.555965e-01
9.372578e-01
9.149270e-01
8.888680e-01
8.595762e-01
8.276633e-01
7.938029e-01
7.587087e-01
7.229966e-01
6.873069e-01
6.521552e-01
6.179726e-01
5.851995e-01
5.540532e-01
5.248053e-01
4.975239e-01
4.723340e-01
4.490275e-01
4.273522e-01
4.069920e-01
3.876745e-01
3.690791e-01
3.509119e-01
3.329206e-01
3.149214e-01
2.968078e-01
2.785588e-01
2.602753e-01
2.421621e-01
2.245193e-01
2.077272e-01
1.921934e-01
1.782925e-01
1.663019e-01
1.563436e-01
1.483654e-01
1.421736e-01
1.374911e-01
1.340179e-01
1.314755e-01
1.296301e-01
1.282979e-01
1.273398e-01
1.266528e-01
1.261621e-01
1.258127e-01
1.255651e-01
1.253906e-01
1.252681e-01
1.251828e-01
1.251238e-01
1.250832e-01
1.250555e-01
1.250368e-01
1.250242e-01
1.250158e-01
1.250102e-01
1.250065e-01
1.250042e-01
1.250026e-01
1.250017e-01
1.250010e-01
1.250006e-01
1.250004e-01
1.250002e-01
1.250001e-01
1.250001e-01
1.250000e-01
1.250000e-01
1.250000e-01
1.250000e-01
1.250000e-01
1.250000e-01
1.250000e-01
1.250000e-01
1.250000e-01
1.250000e-01
1.250000e-01
1.250000e-01
1.250000e-01
1.250000e-01
1.250000e-01
1.250000e-01
1.250000e-01
1.250000e-01
1.250000e-01
1.250000e-01
1.250000e-01
1.250000e-01
1.250000e-01
1.250000e-01
1.250000e-01
1.250000e-01
1.250000e-01
1.250000e-01
1.250000e-01
1.250000e-01
1.250000e-01
1.250000e-01
1.250000e-01
1.250000e-01
1.250000e-01
1.250000e-01
1.250000e-01
1.250000e-01
1.250000e-01
1.250000e-01
1.250000e-01
1.250000e-01
1.250000e-01
1.250000e-01
1.250000e-01
1.250000e-01
1.250000e-01
1.250000e-01
1.250000e-01
1.250000e-01
1.250000e-01
1.250000e-01
1.250000e-01
1.250000e-01
1.250000e-01
1.250000e-01
1.250000e-01
1.250000e-01
1.250000e-01
1.250000e-01
1.250000e-01
1.250000e-01
1.250000e-01
1.250000e-01
1.250000e-01
1.250000e-01
1.250000e-01
1.250000e-01
1.250000e-01
1.250000e-01
1.250000e-01
1.250000e-01
1.250000e-01
1.250000e-01
1.250000e-01
1.250000e-01
1.250000e-01
1.250000e-01
1.250000e-01
1.250000e-01
1.250000e-01
1.250000e-01
1.250000e-01
1.250000e-01
1.250000e-01
1.250000e-01
1.250000e-01
1.250000e-01
1.250000e-01
1.250000e-01
1.250000e-01
1.250000e-01
1.250000e-01
1.250000e-01
1.250000e-01
1.250000e-01
1.250000e-01
1.250000e-01
1.250000e-01
1.250000e-01
1.250000e-01
1.250000e-01
1.250000e-01
1.250000e-01
1.250000e-01
1.250000e-01
1.250000e-01
1.250000e-01
1.250000e-01
1.250000e-01
1.250000e-01
1.250000e-01
1.250000e-01
1.250000e-01
1.250000e-01
1.250000e-01
1.250000e-01
1.250000e-01
1.250000e-01
1.250000e-01
1.250000e-01
1.250000e-01
1.250000e-01
1.250000e-01
1.250000e-01
1.250000e-01
1.250000e-01
1.250000e-01
1.250000e-01
1.250000e-01
1.250000e-01
1.250000e-01
1.250000e-01
1.250000e-01
1.250000e-01
1.250000e-01
1.250000e-01
1.250000e-01
1.250000e-01
1.250000e-01
1.250000e-01
1.250000e-01
1.250000e-01
1.250000e-01
1.250000e-01
1.250000e-01
1.250000e-01
1.250000e-01
1.250000e-01
1.250000e-01
1.250000e-01
1.250001e-01
1.250001e-01
1.250002e-01
1.250003e-01
1.250004e-01
1.250007e-01
1.250011e-01
1.250018e-01
1.250029e-01
1.250045e-01
1.250070e-01
1.250108e-01
1.250166e-01
1.250253e-01
1.250382e-01
1.250574e-01
1.250856e-01
1.251268e-01
1.251867e-01
1.252730e-01
1.253967e-01
1.255729e-01
1.258226e-01
1.261746e-01
1.266685e-01
1.273588e-01
1.283198e-01
1.296528e-01
1.314942e-01
1.340241e-01
1.374713e-01
1.421105e-01
1.482418e-01
1.561482e-01
1.660349e-01
1.779659e-01
1.918309e-01
2.073585e-01
2.241696e-01
2.418458e-01
2.599969e-01
2.783160e-01
2.965938e-01
3.147261e-01
3.327304e-01
3.507241e-01
3.688941e-01
3.874973e-01
4.068332e-01
4.272247e-01
4.489440e-01
4.723162e-01
4.975892e-01
