5.007149e-01
5.145050e-01
5.290091e-01
5.442333e-01
5.601617e-01
5.767703e-01
5.940152e-01
6.118796e-01
6.303026e-01
6.492328e-01
6.686131e-01
6.883680e-01
7.084270e-01
7.287060e-01
7.491096e-01
7.695255e-01
7.898438e-01
8.099361e-01
8.296643e-01
8.488777e-01
8.674173e-01
8.851174e-01
9.018161e-01
9.173546e-01
9.315892e-01
9.444028e-01
9.557080e-01
9.654669e-01
9.736889e-01
9.804357e-01
9.858171e-01
9.899833e-01
9.931093e-01
9.953818e-01
9.969820e-01
9.980742e-01
9.987977e-01
9.992637e-01
9.995564e-01
9.997361e-01
9.998445e-01
9.999090e-01
9.999468e-01
9.999689e-01
9.999818e-01
9.999893e-01
9.999937e-01
9.999962e-01
9.999977e-01
9.999986e-01
9.999992e-01
9.999995e-01
9.999997e-01
9.999998e-01
9.999999e-01
9.999999e-01
9.999999e-01
1.000000e+00
1.000000e+00
1.000000e+00
1.000000e+00
1.000000e+00
1.000000e+00
1.000000e+00
1.000000e+00
1.000000e+00
1.000000e+00
1.000000e+00
1.000000e+00
1.000000e+00
1.000000e+00
1.000000e+00
1.000000e+00
1.000000e+00
1.000000e+00
1.000000e+00
1.000000e+00
1.000000e+00
1.000000e+00
1.000000e+00
1.000000e+00
1.000000e+00
1.000000e+00
1.000000e+00
1.000000e+00
1.000000e+00
1.000000e+00
1.000000e+00
1.000000e+00
1.000000e+00
1.000000e+00
1.000000e+00
1.000000e+00
1.000000e+00
1.000000e+00
1.000000e+00
1.000000e+00
1.000000e+00
1.000000e+00
1.000000e+00
1.000000e+00
1.000000e+00
1.000000e+00
1.000000e+00
1.000000e+00
1.000000e+00
1.000000e+00
1.000000e+00
1.000000e+00
1.000000e+00
1.000000e+00
1.000000e+00
1.000000e+00
1.000000e+00
1.000000e+00
1.000000e+00
1.000000e+00
1.000000e+00
1.000000e+00
1.000000e+00
1.000000e+00
1.000000e+00
1.000000e+00
1.000000e+00
1.000000e+00
1.000000e+00
1.000000e+00
1.000000e+00
1.000000e+00
1.000000e+00
1.000000e+00
1.000000e+00
1.000000e+00
1.000000e+00
1.000000e+00
1.000000e+00
1.000000e+00
1.000000e+00
1.000000e+00
1.000000e+00
1.000000e+00
1.000000e+00
1.000000e+00
1.000000e+00
1.000000e+00
1.000000e+00
1.000000e+00
1.000000e+00
1.000000e+00
1.000000e+00
1.000000e+00
1.000000e+00
1.000000e+00
1.000000e+00
1.000000e+00
1.000000e+00
1.000000e+00
1.000000e+00
1.000000e+00
1.000000e+00
1.000000e+00
1.000000e+00
1.000000e+00
1.000000e+00
1.000000e+00
1.000000e+00
1.000000e+00
1.000000e+00
1.000000e+00
1.000000e+00
1.000000e+00
1.000000e+00
1.000000e+00
1.000000e+00
1.000000e+00
1.000000e+00
1.000000e+00
1.000000e+00
1.000000e+00
1.000000e+00
1.000000e+00
1.000000e+00
1.000000e+00
1.000000e+00
1.000000e+00
1.000000e+00
1.000000e+00
1.000000e+00
1.000000e+00
1.000000e+00
1.000000e+00
1.000000e+00
1.000000e+00
1.000000e+00
1.000000e+00
1.000000e+00
1.000000e+00
1.000000e+00
1.000000e+00
9.999999e-01
9.999999e-01
9.999998e-01
9.999997e-01
9.999996e-01
9.999993e-01
9.999989e-01
9.999982e-01
9.999971e-01
9.999951e-01
9.999919e-01
9.999863e-01
9.999770e-01
9.999613e-01
9.999348e-01
9.998905e-01
9.998169e-01
9.996959e-01
9.995000e-01
9.991877e-01
9.986997e-01
9.979539e-01
9.968421e-01
9.952282e-01
9.929515e-01
9.898324e-01
9.856850e-01
9.803321e-01
9.736202e-01
9.654343e-01
9.557079e-01
9.444274e-01
9.316282e-01
9.173962e-01
9.018489e-01
8.851313e-01
8.674042e-01
8.488312e-01
8.295820e-01
8.098169e-01
7.896888e-01
7.693383e-01
7.488939e-01
7.284683e-01
7.081725e-01
6.881030e-01
6.683449e-01
6.489650e-01
6.300429e-01
6.116321e-01
5.937856e-01
5.765594e-01
5.599743e-01
5.440716e-01
5.288752e-01
5.143979e-01
5.006419e-01
4.875990e-01
4.752698e-01
4.635962e-01
4.525622e-01
4.421294e-01
4.322069e-01
4.227659e-01
4.137319e-01
4.050109e-01
3.965652e-01
3.883036e-01
3.801828e-01
3.721472e-01
3.641375e-01
3.561338e-01
3.480908e-01
3.399996e-01
3.318295e-01
3.235759e-01
3.152123e-01
3.067296e-01
2.981060e-01
2.893238e-01
2.803632e-01
2.712090e-01
2.618530e-01
2.523033e-01
2.425820e-01
2.327360e-01
2.228384e-01
2.129888e-01
2.033111e-01
1.939430e-01
1.850293e-01
1.767034e-01
1.690747e-01
1.622186e-01
1.561703e-01
1.509255e-01
1.464458e-01
1.426679e-01
1.395142e-01
1.369019e-01
1.347498e-01
1.329833e-01
1.315367e-01
1.303529e-01
1.293847e-01
1.285928e-01
1.279443e-01
1.274132e-01
1.269783e-01
1.266213e-01
1.263282e-01
1.260882e-01
1.258908e-01
1.257286e-01
1.255959e-01
1.254868e-01
1.253969e-01
1.253238e-01
1.252637e-01
1.252142e-01
1.251741e-01
1.251413e-01
1.251142e-01
1.250925e-01
1.250748e-01
1.250601e-01
1.250484e-01
1.250390e-01
1.250312e-01
1.250250e-01
1.250200e-01
1.250159e-01
1.250127e-01
1.250101e-01
1.250080e-01
1.250063e-01
1.250050e-01
1.250039e-01
1.250031e-01
1.250024e-01
1.250019e-01
1.250015e-01
1.250012e-01
1.250009e-01
1.250007e-01
1.250005e-01
1.250004e-01
1.250003e-01
1.250003e-01
1.250002e-01
1.250001e-01
1.250001e-01
1.250001e-01
1.250001e-01
1.250001e-01
1.250000e-01
1.250000e-01
1.250000e-01
1.250000e-01
1.250000e-01
1.250000e-01
1.250000e-01
1.250000e-01
1.250000e-01
1.250000e-01
1.250000e-01
1.250000e-01
1.250000e-01
1.250000e-01
1.250000e-01
1.250000e-01
1.250000e-01
1.250000e-01
1.250000e-01
1.250000e-01
1.250000e-01
1.250000e-01
1.250000e-01
1.250000e-01
1.250000e-01
1.250000e-01
1.250000e-01
1.250000e-01
1.250000e-01
1.250000e-01
1.250000e-01
1.250000e-01
1.250000e-01
1.250000e-01
1.250000e-01
1.250000e-01
1.250000e-01
1.250000e-01
1.250000e-01
1.250000e-01
1.250000e-01
1.250000e-01
1.250000e-01
1.250000e-01
1.250000e-01
1.250000e-01
1.250000e-01
1.250000e-01
1.250000e-01
1.250000e-01
1.250000e-01
1.250000e-01
1.250000e-01
1.250000e-01
1.250000e-01
1.250000e-01
1.250000e-01
1.250000e-01
1.250000e-01
1.250000e-01
1.250001e-01
1.250001e-01
1.250001e-01
1.250001e-01
1.250002e-01
1.250002e-01
1.250003e-01
1.250003e-01
1.250004e-01
1.250006e-01
1.250007e-01
1.250009e-01
1.250012e-01
1.250015e-01
1.250019e-01
1.250025e-01
1.250031e-01
1.250040e-01
1.250051e-01
1.250064e-01
1.250081e-01
1.250102e-01
1.250128e-01
1.250160e-01
1.250201e-01
1.250251e-01
1.250314e-01
1.250391e-01
1.250486e-01
1.250604e-01
1.250749e-01
1.250928e-01
1.251147e-01
1.251416e-01
1.251747e-01
1.252150e-01
1.252644e-01
1.253248e-01
1.253984e-01
1.254882e-01
1.255977e-01
1.257311e-01
1.258936e-01
1.260916e-01
1.263326e-01
1.266262e-01
1.269839e-01
1.274200e-01
1.279517e-01
1.286007e-01
1.293930e-01
1.303606e-01
1.315426e-01
1.329859e-01
1.347463e-01
1.368888e-01
1.394873e-01
1.426218e-01
1.463751e-01
1.508254e-01
1.560374e-01
1.620523e-01
1.688777e-01
1.764817e-01
1.847913e-01
1.936980e-01
2.030676e-01
2.127552e-01
2.226212e-01
2.325384e-01
2.424048e-01
2.521455e-01
2.617122e-01
2.710818e-01
2.802468e-01
2.892149e-01
2.980012e-01
3.066272e-01
3.151104e-01
3.234714e-01
3.317217e-01
3.398901e-01
3.479742e-01
3.560155e-01
3.640142e-01
3.720233e-01
3.800570e-01
3.881775e-01
3.964441e-01
4.048942e-01
4.136284e-01
4.226762e-01
4.321338e-01
4.420777e-01
4.525317e-01
4.635935e-01
4.752941e-01
4.876504e-01
