5.068963e-01
5.239800e-01
5.419886e-01
5.609663e-01
5.808348e-01
6.015388e-01
6.230327e-01
6.452102e-01
6.679966e-01
6.912468e-01
7.148577e-01
7.386697e-01
7.625292e-01
7.862426e-01
8.096217e-01
8.324452e-01
8.544885e-01
8.754963e-01
8.952354e-01
9.134707e-01
9.299936e-01
9.446384e-01
9.572964e-01
9.679378e-01
9.766120e-01
9.834496e-01
9.886498e-01
9.924588e-01
9.951439e-01
9.969652e-01
9.981553e-01
9.989058e-01
9.993642e-01
9.996364e-01
9.997944e-01
9.998845e-01
9.999352e-01
9.999636e-01
9.999794e-01
9.999883e-01
9.999933e-01
9.999961e-01
9.999977e-01
9.999987e-01
9.999992e-01
9.999995e-01
9.999997e-01
9.999998e-01
9.999999e-01
9.999999e-01
1.000000e+00
1.000000e+00
1.000000e+00
1.000000e+00
1.000000e+00
1.000000e+00
1.000000e+00
1.000000e+00
1.000000e+00
1.000000e+00
1.000000e+00
1.000000e+00
1.000000e+00
1.000000e+00
1.000000e+00
1.000000e+00
1.000000e+00
1.000000e+00
1.000000e+00
1.000000e+00
1.000000e+00
1.000000e+00
1.000000e+00
1.000000e+00
1.000000e+00
1.000000e+00
1.000000e+00
1.000000e+00
1.000000e+00
1.000000e+00
1.000000e+00
1.000000e+00
1.000000e+00
1.000000e+00
1.000000e+00
1.000000e+00
1.000000e+00
1.000000e+00
1.000000e+00
1.000000e+00
1.000000e+00
1.000000e+00
1.000000e+00
1.000000e+00
1.000000e+00
1.000000e+00
1.000000e+00
1.000000e+00
1.000000e+00
1.000000e+00
1.000000e+00
1.000000e+00
1.000000e+00
1.000000e+00
1.000000e+00
1.000000e+00
1.000000e+00
1.000000e+00
1.000000e+00
1.000000e+00
1.000000e+00
1.000000e+00
1.000000e+00
1.000000e+00
1.000000e+00
1.000000e+00
1.000000e+00
1.000000e+00
1.000000e+00
1.000000e+00
1.000000e+00
1.000000e+00
1.000000e+00
1.000000e+00
1.000000e+00
1.000000e+00
1.000000e+00
1.000000e+00
1.000000e+00
1.000000e+00
1.000000e+00
1.000000e+00
1.000000e+00
1.000000e+00
1.000000e+00
1.000000e+00
1.000000e+00
1.000000e+00
1.000000e+00
1.000000e+00
1.000000e+00
1.000000e+00
1.000000e+00
1.000000e+00
1.000000e+00
1.000000e+00
1.000000e+00
1.000000e+00
1.000000e+00
1.000000e+00
1.000000e+00
1.000000e+00
1.000000e+00
1.000000e+00
1.000000e+00
1.000000e+00
1.000000e+00
1.000000e+00
1.000000e+00
1.000000e+00
1.000000e+00
1.000000e+00
1.000000e+00
1.000000e+00
1.000000e+00
1.000000e+00
1.000000e+00
1.000000e+00
1.000000e+00
1.000000e+00
1.000000e+00
1.000000e+00
1.000000e+00
1.000000e+00
1.000000e+00
1.000000e+00
1.000000e+00
1.000000e+00
1.000000e+00
1.000000e+00
1.000000e+00
1.000000e+00
1.000000e+00
1.000000e+00
1.000000e+00
1.000000e+00
1.000000e+00
1.000000e+00
1.000000e+00
1.000000e+00
1.000000e+00
1.000000e+00
1.000000e+00
1.000000e+00
1.000000e+00
1.000000e+00
1.000000e+00
1.000000e+00
1.000000e+00
1.000000e+00
1.000000e+00
1.000000e+00
1.000000e+00
1.000000e+00
1.000000e+00
9.999999e-01
9.999999e-01
9.999999e-01
9.999998e-01
9.999996e-01
9.999994e-01
9.999990e-01
9.999983e-01
9.999970e-01
9.999949e-01
9.999913e-01
9.999849e-01
9.999736e-01
9.999540e-01
9.999196e-01
9.998598e-01
9.997565e-01
9.995805e-01
9.992854e-01
9.988001e-01
9.980216e-01
9.968070e-01
9.949696e-01
9.922821e-01
9.884872e-01
9.833169e-01
9.765211e-01
9.678932e-01
9.572946e-01
9.446688e-01
9.300405e-01
9.135173e-01
8.952646e-01
8.754943e-01
8.544449e-01
8.323542e-01
8.094812e-01
7.860557e-01
7.623013e-01
7.384074e-01
7.145712e-01
6.909468e-01
6.676921e-01
6.449107e-01
6.227454e-01
6.012748e-01
5.805978e-01
5.607596e-01
5.418204e-01
5.238478e-01
5.068116e-01
4.907345e-01
4.756089e-01
4.613567e-01
4.479764e-01
4.353156e-01
4.233527e-01
4.119617e-01
4.010337e-01
3.904856e-01
3.802017e-01
3.700987e-01
3.600923e-01
3.501129e-01
3.401020e-01
3.300006e-01
3.197779e-01
3.093898e-01
2.988097e-01
2.880174e-01
2.770015e-01
2.657665e-01
2.543420e-01
2.427795e-01
2.311660e-01
2.196233e-01
2.083069e-01
1.973948e-01
1.870735e-01
1.775198e-01
1.688741e-01
1.612270e-01
1.546110e-01
1.490018e-01
1.443294e-01
1.404930e-01
1.373780e-01
1.348691e-01
1.328593e-01
1.312546e-01
1.299755e-01
1.289571e-01
1.281460e-01
1.275001e-01
1.269859e-01
1.265758e-01
1.262497e-01
1.259897e-01
1.257826e-01
1.256183e-01
1.254872e-01
1.253836e-01
1.253013e-01
1.252360e-01
1.251848e-01
1.251440e-01
1.251121e-01
1.250872e-01
1.250674e-01
1.250521e-01
1.250402e-01
1.250308e-01
1.250237e-01
1.250180e-01
1.250138e-01
1.250105e-01
1.250079e-01
1.250060e-01
1.250045e-01
1.250034e-01
1.250025e-01
1.250019e-01
1.250014e-01
1.250010e-01
1.250008e-01
1.250006e-01
1.250004e-01
1.250003e-01
1.250002e-01
1.250002e-01
1.250001e-01
1.250001e-01
1.250001e-01
1.250000e-01
1.250000e-01
1.250000e-01
1.250000e-01
1.250000e-01
1.250000e-01
1.250000e-01
1.250000e-01
1.250000e-01
1.250000e-01
1.250000e-01
1.250000e-01
1.250000e-01
1.250000e-01
1.250000e-01
1.250000e-01
1.250000e-01
1.250000e-01
1.250000e-01
1.250000e-01
1.250000e-01
1.250000e-01
1.250000e-01
1.250000e-01
1.250000e-01
1.250000e-01
1.250000e-01
1.250000e-01
1.250000e-01
1.250000e-01
1.250000e-01
1.250000e-01
1.250000e-01
1.250000e-01
1.250000e-01
1.250000e-01
1.250000e-01
1.250000e-01
1.250000e-01
1.250000e-01
1.250000e-01
1.250000e-01
1.250000e-01
1.250000e-01
1.250000e-01
1.250000e-01
1.250000e-01
1.250000e-01
1.250000e-01
1.250000e-01
1.250000e-01
1.250000e-01
1.250000e-01
1.250000e-01
1.250000e-01
1.250000e-01
1.250000e-01
1.250000e-01
1.250000e-01
1.250000e-01
1.250000e-01
1.250000e-01
1.250000e-01
1.250000e-01
1.250000e-01
1.250000e-01
1.250000e-01
1.250000e-01
1.250000e-01
1.250000e-01
1.250000e-01
1.250000e-01
1.250000e-01
1.250000e-01
1.250000e-01
1.250000e-01
1.250000e-01
1.250000e-01
1.250000e-01
1.250000e-01
1.250000e-01
1.250000e-01
1.250000e-01
1.250000e-01
1.250000e-01
1.250000e-01
1.250000e-01
1.250000e-01
1.250000e-01
1.250000e-01
1.250000e-01
1.250000e-01
1.250001e-01
1.250001e-01
1.250001e-01
1.250002e-01
1.250002e-01
1.250003e-01
1.250004e-01
1.250006e-01
1.250008e-01
1.250011e-01
1.250014e-01
1.250019e-01
1.250026e-01
1.250035e-01
1.250046e-01
1.250061e-01
1.250081e-01
1.250106e-01
1.250139e-01
1.250183e-01
1.250239e-01
1.250311e-01
1.250405e-01
1.250525e-01
1.250679e-01
1.250876e-01
1.251128e-01
1.251448e-01
1.251856e-01
1.252372e-01
1.253026e-01
1.253852e-01
1.254895e-01
1.256208e-01
1.257861e-01
1.259938e-01
1.262547e-01
1.265823e-01
1.269932e-01
1.275089e-01
1.281558e-01
1.289676e-01
1.299860e-01
1.312632e-01
1.328638e-01
1.348657e-01
1.373615e-01
1.404569e-01
1.442661e-01
1.489042e-01
1.544738e-01
1.610485e-01
1.686576e-01
1.772735e-01
1.868085e-01
1.971223e-01
2.080388e-01
2.193699e-01
2.309339e-01
2.425709e-01
2.541563e-01
2.656014e-01
2.768523e-01
2.878803e-01
2.986808e-01
3.092655e-01
3.196555e-01
3.298775e-01
3.399744e-01
3.499792e-01
3.599573e-01
3.699581e-01
3.800625e-01
3.903465e-01
4.009024e-01
4.118390e-01
4.232508e-01
4.352319e-01
4.479244e-01
4.613348e-01
4.756292e-01
4.907907e-01
