5.006446e-01
5.144001e-01
5.288677e-01
5.440525e-01
5.599395e-01
5.765046e-01
5.937051e-01
6.115233e-01
6.298993e-01
6.487818e-01
6.681157e-01
6.878237e-01
7.078378e-01
7.280743e-01
7.484379e-01
7.688185e-01
7.891061e-01
8.091741e-01
8.288853e-01
8.480896e-01
8.666307e-01
8.843421e-01
9.010633e-01
9.166357e-01
9.309151e-01
9.437834e-01
9.551515e-01
9.649790e-01
9.732725e-01
9.800901e-01
9.855390e-01
9.897665e-01
9.929457e-01
9.952623e-01
9.968976e-01
9.980164e-01
9.987592e-01
9.992388e-01
9.995407e-01
9.997265e-01
9.998387e-01
9.999054e-01
9.999447e-01
9.999677e-01
9.999811e-01
9.999889e-01
9.999934e-01
9.999961e-01
9.999976e-01
9.999986e-01
9.999991e-01
9.999995e-01
9.999997e-01
9.999998e-01
9.999999e-01
9.999999e-01
9.999999e-01
1.000000e+00
1.000000e+00
1.000000e+00
1.000000e+00
1.000000e+00
1.000000e+00
1.000000e+00
1.000000e+00
1.000000e+00
1.000000e+00
1.000000e+00
1.000000e+00
1.000000e+00
1.000000e+00
1.000000e+00
1.000000e+00
1.000000e+00
1.000000e+00
1.000000e+00
1.000000e+00
1.000000e+00
1.000000e+00
1.000000e+00
1.000000e+00
1.000000e+00
1.000000e+00
1.000000e+00
1.000000e+00
1.000000e+00
1.000000e+00
1.000000e+00
1.000000e+00
1.000000e+00
1.000000e+00
1.000000e+00
1.000000e+00
1.000000e+00
1.000000e+00
1.000000e+00
1.000000e+00
1.000000e+00
1.000000e+00
1.000000e+00
1.000000e+00
1.000000e+00
1.000000e+00
1.000000e+00
1.000000e+00
1.000000e+00
1.000000e+00
1.000000e+00
1.000000e+00
1.000000e+00
1.000000e+00
1.000000e+00
1.000000e+00
1.000000e+00
1.000000e+00
1.000000e+00
1.000000e+00
1.000000e+00
1.000000e+00
1.000000e+00
1.000000e+00
1.000000e+00
1.000000e+00
1.000000e+00
1.000000e+00
1.000000e+00
1.000000e+00
1.000000e+00
1.000000e+00
1.000000e+00
1.000000e+00
1.000000e+00
1.000000e+00
1.000000e+00
1.000000e+00
1.000000e+00
1.000000e+00
1.000000e+00
1.000000e+00
1.000000e+00
1.000000e+00
1.000000e+00
1.000000e+00
1.000000e+00
1.000000e+00
1.000000e+00
1.000000e+00
1.000000e+00
1.000000e+00
1.000000e+00
1.000000e+00
1.000000e+00
1.000000e+00
1.000000e+00
1.000000e+00
1.000000e+00
1.000000e+00
1.000000e+00
1.000000e+00
1.000000e+00
1.000000e+00
1.000000e+00
1.000000e+00
1.000000e+00
1.000000e+00
1.000000e+00
1.000000e+00
1.000000e+00
1.000000e+00
1.000000e+00
1.000000e+00
1.000000e+00
1.000000e+00
1.000000e+00
1.000000e+00
1.000000e+00
1.000000e+00
1.000000e+00
1.000000e+00
1.000000e+00
1.000000e+00
1.000000e+00
1.000000e+00
1.000000e+00
1.000000e+00
1.000000e+00
1.000000e+00
1.000000e+00
1.000000e+00
1.000000e+00
1.000000e+00
1.000000e+00
1.000000e+00
1.000000e+00
1.000000e+00
1.000000e+00
1.000000e+00
1.000000e+00
1.000000e+00
9.999999e-01
9.999999e-01
9.999998e-01
9.999997e-01
9.999996e-01
9.999993e-01
9.999989e-01
9.999982e-01
9.999970e-01
9.999949e-01
9.999915e-01
9.999858e-01
9.999761e-01
9.999598e-01
9.999324e-01
9.998864e-01
9.998103e-01
9.996853e-01
9.994832e-01
9.991615e-01
9.986599e-01
9.978949e-01
9.967567e-01
9.951084e-01
9.927882e-01
9.896165e-01
9.854086e-01
9.799886e-01
9.732058e-01
9.649483e-01
9.551530e-01
9.438089e-01
9.309545e-01
9.166771e-01
9.010955e-01
8.843549e-01
8.666164e-01
8.480418e-01
8.288017e-01
8.090537e-01
7.889502e-01
7.686306e-01
7.482217e-01
7.278363e-01
7.075834e-01
6.875590e-01
6.678479e-01
6.485145e-01
6.296401e-01
6.112765e-01
5.934761e-01
5.762943e-01
5.597526e-01
5.438913e-01
5.287341e-01
5.142934e-01
5.005718e-01
4.875609e-01
4.752616e-01
4.636156e-01
4.526069e-01
4.421979e-01
4.322977e-01
4.228774e-01
4.138640e-01
4.051626e-01
3.967359e-01
3.884943e-01
3.803924e-01
3.723765e-01
3.643868e-01
3.564035e-01
3.483822e-01
3.403123e-01
3.321652e-01
3.239353e-01
3.155967e-01
3.071408e-01
2.985453e-01
2.897931e-01
2.808640e-01
2.717426e-01
2.624196e-01
2.529020e-01
2.432104e-01
2.333897e-01
2.235108e-01
2.136710e-01
2.039924e-01
1.946115e-01
1.856728e-01
1.773104e-01
1.696359e-01
1.627273e-01
1.566231e-01
1.513218e-01
1.467878e-01
1.429596e-01
1.397608e-01
1.371090e-01
1.349229e-01
1.331276e-01
1.316568e-01
1.304528e-01
1.294678e-01
1.286620e-01
1.280019e-01
1.274612e-01
1.270183e-01
1.266547e-01
1.263561e-01
1.261114e-01
1.259103e-01
1.257448e-01
1.256094e-01
1.254981e-01
1.254064e-01
1.253316e-01
1.252703e-01
1.252196e-01
1.251786e-01
1.251451e-01
1.251174e-01
1.250950e-01
1.250769e-01
1.250619e-01
1.250498e-01
1.250402e-01
1.250322e-01
1.250257e-01
1.250207e-01
1.250165e-01
1.250131e-01
1.250105e-01
1.250083e-01
1.250065e-01
1.250052e-01
1.250041e-01
1.250032e-01
1.250025e-01
1.250020e-01
1.250016e-01
1.250012e-01
1.250010e-01
1.250007e-01
1.250006e-01
1.250004e-01
1.250003e-01
1.250003e-01
1.250002e-01
1.250002e-01
1.250001e-01
1.250001e-01
1.250001e-01
1.250001e-01
1.250000e-01
1.250000e-01
1.250000e-01
1.250000e-01
1.250000e-01
1.250000e-01
1.250000e-01
1.250000e-01
1.250000e-01
1.250000e-01
1.250000e-01
1.250000e-01
1.250000e-01
1.250000e-01
1.250000e-01
1.250000e-01
1.250000e-01
1.250000e-01
1.250000e-01
1.250000e-01
1.250000e-01
1.250000e-01
1.250000e-01
1.250000e-01
1.250000e-01
1.250000e-01
1.250000e-01
1.250000e-01
1.250000e-01
1.250000e-01
1.250000e-01
1.250000e-01
1.250000e-01
1.250000e-01
1.250000e-01
1.250000e-01
1.250000e-01
1.250000e-01
1.250000e-01
1.250000e-01
1.250000e-01
1.250000e-01
1.250000e-01
1.250000e-01
1.250000e-01
1.250000e-01
1.250000e-01
1.250000e-01
1.250000e-01
1.250000e-01
1.250000e-01
1.250000e-01
1.250000e-01
1.250000e-01
1.250000e-01
1.250000e-01
1.250000e-01
1.250000e-01
1.250000e-01
1.250000e-01
1.250001e-01
1.250001e-01
1.250001e-01
1.250001e-01
1.250002e-01
1.250002e-01
1.250003e-01
1.250004e-01
1.250005e-01
1.250006e-01
1.250008e-01
1.250010e-01
1.250012e-01
1.250016e-01
1.250020e-01
1.250026e-01
1.250033e-01
1.250041e-01
1.250052e-01
1.250066e-01
1.250083e-01
1.250105e-01
1.250132e-01
1.250166e-01
1.250207e-01
1.250259e-01
1.250323e-01
1.250403e-01
1.250501e-01
1.250622e-01
1.250771e-01
1.250954e-01
1.251178e-01
1.251454e-01
1.251792e-01
1.252205e-01
1.252710e-01
1.253326e-01
1.254078e-01
1.254995e-01
1.256113e-01
1.257474e-01
1.259131e-01
1.261149e-01
1.263605e-01
1.266596e-01
1.270240e-01
1.274680e-01
1.280093e-01
1.286698e-01
1.294760e-01
1.304603e-01
1.316624e-01
1.331298e-01
1.349187e-01
1.370949e-01
1.397325e-01
1.429117e-01
1.467149e-01
1.512193e-01
1.564876e-01
1.625586e-01
1.694369e-01
1.770874e-01
1.854342e-01
1.943666e-01
2.037497e-01
2.134387e-01
2.232952e-01
2.331938e-01
2.430348e-01
2.527457e-01
2.622800e-01
2.716164e-01
2.807484e-01
2.896847e-01
2.984410e-01
3.070386e-01
3.154949e-01
3.238311e-01
3.320575e-01
3.402028e-01
3.482655e-01
3.562854e-01
3.642637e-01
3.722529e-01
3.802664e-01
3.883683e-01
3.966152e-01
4.050463e-01
4.137609e-01
4.227880e-01
4.322250e-01
4.421464e-01
4.525767e-01
4.636130e-01
4.752860e-01
4.876124e-01
