5.005745e-01
5.142956e-01
5.287268e-01
5.438725e-01
5.597182e-01
5.762400e-01
5.933963e-01
6.111686e-01
6.294977e-01
6.483326e-01
6.676203e-01
6.872817e-01
7.072510e-01
7.274450e-01
7.477685e-01
7.681139e-01
7.883708e-01
8.084142e-01
8.281081e-01
8.473031e-01
8.658452e-01
8.835673e-01
9.003106e-01
9.159161e-01
9.302397e-01
9.431619e-01
9.545925e-01
9.644881e-01
9.728526e-01
9.797412e-01
9.852576e-01
9.895466e-01
9.927794e-01
9.951406e-01
9.968113e-01
9.979571e-01
9.987198e-01
9.992133e-01
9.995245e-01
9.997165e-01
9.998326e-01
9.999018e-01
9.999426e-01
9.999664e-01
9.999803e-01
9.999884e-01
9.999931e-01
9.999959e-01
9.999975e-01
9.999985e-01
9.999991e-01
9.999994e-01
9.999997e-01
9.999998e-01
9.999999e-01
9.999999e-01
9.999999e-01
1.000000e+00
1.000000e+00
1.000000e+00
1.000000e+00
1.000000e+00
1.000000e+00
1.000000e+00
1.000000e+00
1.000000e+00
1.000000e+00
1.000000e+00
1.000000e+00
1.000000e+00
1.000000e+00
1.000000e+00
1.000000e+00
1.000000e+00
1.000000e+00
1.000000e+00
1.000000e+00
1.000000e+00
1.000000e+00
1.000000e+00
1.000000e+00
1.000000e+00
1.000000e+00
1.000000e+00
1.000000e+00
1.000000e+00
1.000000e+00
1.000000e+00
1.000000e+00
1.000000e+00
1.000000e+00
1.000000e+00
1.000000e+00
1.000000e+00
1.000000e+00
1.000000e+00
1.000000e+00
1.000000e+00
1.000000e+00
1.000000e+00
1.000000e+00
1.000000e+00
1.000000e+00
1.000000e+00
1.000000e+00
1.000000e+00
1.000000e+00
1.000000e+00
1.000000e+00
1.000000e+00
1.000000e+00
1.000000e+00
1.000000e+00
1.000000e+00
1.000000e+00
1.000000e+00
1.000000e+00
1.000000e+00
1.000000e+00
1.000000e+00
1.000000e+00
1.000000e+00
1.000000e+00
1.000000e+00
1.000000e+00
1.000000e+00
1.000000e+00
1.000000e+00
1.000000e+00
1.000000e+00
1.000000e+00
1.000000e+00
1.000000e+00
1.000000e+00
1.000000e+00
1.000000e+00
1.000000e+00
1.000000e+00
1.000000e+00
1.000000e+00
1.000000e+00
1.000000e+00
1.000000e+00
1.000000e+00
1.000000e+00
1.000000e+00
1.000000e+00
1.000000e+00
1.000000e+00
1.000000e+00
1.000000e+00
1.000000e+00
1.000000e+00
1.000000e+00
1.000000e+00
1.000000e+00
1.000000e+00
1.000000e+00
1.000000e+00
1.000000e+00
1.000000e+00
1.000000e+00
1.000000e+00
1.000000e+00
1.000000e+00
1.000000e+00
1.000000e+00
1.000000e+00
1.000000e+00
1.000000e+00
1.000000e+00
1.000000e+00
1.000000e+00
1.000000e+00
1.000000e+00
1.000000e+00
1.000000e+00
1.000000e+00
1.000000e+00
1.000000e+00
1.000000e+00
1.000000e+00
1.000000e+00
1.000000e+00
1.000000e+00
1.000000e+00
1.000000e+00
1.000000e+00
1.000000e+00
1.000000e+00
1.000000e+00
1.000000e+00
1.000000e+00
1.000000e+00
1.000000e+00
1.000000e+00
1.000000e+00
1.000000e+00
1.000000e+00
9.999999e-01
9.999999e-01
9.999998e-01
9.999997e-01
9.999996e-01
9.999993e-01
9.999988e-01
9.999981e-01
9.999968e-01
9.999947e-01
9.999912e-01
9.999853e-01
9.999752e-01
9.999583e-01
9.999298e-01
9.998823e-01
9.998035e-01
9.996744e-01
9.994658e-01
9.991347e-01
9.986191e-01
9.978345e-01
9.966696e-01
9.949863e-01
9.926222e-01
9.893976e-01
9.851288e-01
9.796416e-01
9.727881e-01
9.644593e-01
9.545954e-01
9.431883e-01
9.302794e-01
9.159572e-01
9.003420e-01
8.835791e-01
8.658296e-01
8.472540e-01
8.280231e-01
8.082926e-01
7.882139e-01
7.679254e-01
7.475518e-01
7.272068e-01
7.069967e-01
6.870172e-01
6.673529e-01
6.480660e-01
6.292390e-01
6.109224e-01
5.931679e-01
5.760302e-01
5.595318e-01
5.437117e-01
5.285935e-01
5.141892e-01
5.005018e-01
4.875230e-01
4.752533e-01
4.636347e-01
4.526513e-01
4.422659e-01
4.323880e-01
4.229884e-01
4.139953e-01
4.053135e-01
3.969058e-01
3.886842e-01
3.806009e-01
3.726048e-01
3.646350e-01
3.566718e-01
3.486723e-01
3.406235e-01
3.324993e-01
3.242927e-01
3.159791e-01
3.075497e-01
2.989822e-01
2.902596e-01
2.813619e-01
2.722732e-01
2.629830e-01
2.534975e-01
2.438359e-01
2.340408e-01
2.241811e-01
2.143518e-01
2.046732e-01
1.952804e-01
1.863175e-01
1.779197e-01
1.702002e-01
1.632396e-01
1.570797e-01
1.517220e-01
1.471336e-01
1.432549e-01
1.400106e-01
1.373189e-01
1.350985e-01
1.332741e-01
1.317787e-01
1.305542e-01
1.295522e-01
1.287322e-01
1.280604e-01
1.275099e-01
1.270589e-01
1.266886e-01
1.263844e-01
1.261350e-01
1.259301e-01
1.257613e-01
1.256231e-01
1.255096e-01
1.254160e-01
1.253396e-01
1.252770e-01
1.252252e-01
1.251832e-01
1.251489e-01
1.251206e-01
1.250976e-01
1.250791e-01
1.250637e-01
1.250513e-01
1.250414e-01
1.250332e-01
1.250266e-01
1.250213e-01
1.250170e-01
1.250135e-01
1.250108e-01
1.250086e-01
1.250068e-01
1.250054e-01
1.250043e-01
1.250033e-01
1.250026e-01
1.250021e-01
1.250016e-01
1.250013e-01
1.250010e-01
1.250008e-01
1.250006e-01
1.250005e-01
1.250004e-01
1.250003e-01
1.250002e-01
1.250002e-01
1.250001e-01
1.250001e-01
1.250001e-01
1.250001e-01
1.250000e-01
1.250000e-01
1.250000e-01
1.250000e-01
1.250000e-01
1.250000e-01
1.250000e-01
1.250000e-01
1.250000e-01
1.250000e-01
1.250000e-01
1.250000e-01
1.250000e-01
1.250000e-01
1.250000e-01
1.250000e-01
1.250000e-01
1.250000e-01
1.250000e-01
1.250000e-01
1.250000e-01
1.250000e-01
1.250000e-01
1.250000e-01
1.250000e-01
1.250000e-01
1.250000e-01
1.250000e-01
1.250000e-01
1.250000e-01
1.250000e-01
1.250000e-01
1.250000e-01
1.250000e-01
1.250000e-01
1.250000e-01
1.250000e-01
1.250000e-01
1.250000e-01
1.250000e-01
1.250000e-01
1.250000e-01
1.250000e-01
1.250000e-01
1.250000e-01
1.250000e-01
1.250000e-01
1.250000e-01
1.250000e-01
1.250000e-01
1.250000e-01
1.250000e-01
1.250000e-01
1.250000e-01
1.250000e-01
1.250000e-01
1.250000e-01
1.250000e-01
1.250000e-01
1.250000e-01
1.250001e-01
1.250001e-01
1.250001e-01
1.250001e-01
1.250002e-01
1.250002e-01
1.250003e-01
1.250004e-01
1.250005e-01
1.250006e-01
1.250008e-01
1.250010e-01
1.250013e-01
1.250016e-01
1.250021e-01
1.250027e-01
1.250034e-01
1.250043e-01
1.250054e-01
1.250069e-01
1.250086e-01
1.250109e-01
1.250137e-01
1.250171e-01
1.250214e-01
1.250267e-01
1.250333e-01
1.250415e-01
1.250516e-01
1.250640e-01
1.250792e-01
1.250980e-01
1.251210e-01
1.251492e-01
1.251838e-01
1.252260e-01
1.252776e-01
1.253406e-01
1.254174e-01
1.255110e-01
1.256251e-01
1.257639e-01
1.259329e-01
1.261386e-01
1.263889e-01
1.266936e-01
1.270647e-01
1.275168e-01
1.280679e-01
1.287401e-01
1.295604e-01
1.305616e-01
1.317841e-01
1.332758e-01
1.350936e-01
1.373038e-01
1.399809e-01
1.432052e-01
1.470586e-01
1.516170e-01
1.569417e-01
1.630686e-01
1.699993e-01
1.776954e-01
1.860785e-01
1.950357e-01
2.044313e-01
2.141208e-01
2.239671e-01
2.338466e-01
2.436619e-01
2.533427e-01
2.628446e-01
2.721480e-01
2.812472e-01
2.901519e-01
2.988783e-01
3.074478e-01
3.158773e-01
3.241888e-01
3.323915e-01
3.405139e-01
3.485555e-01
3.565540e-01
3.645120e-01
3.724813e-01
3.804749e-01
3.885584e-01
3.967854e-01
4.051976e-01
4.138927e-01
4.228992e-01
4.323157e-01
4.422146e-01
4.526213e-01
4.636324e-01
4.752778e-01
4.875743e-01
