5.173736e-01
5.411380e-01
5.663060e-01
5.928984e-01
6.206636e-01
6.495050e-01
6.791546e-01
7.093599e-01
7.398128e-01
7.701512e-01
8.000057e-01
8.289543e-01
8.565540e-01
8.823494e-01
9.059160e-01
9.268803e-01
9.449501e-01
9.599868e-01
9.720063e-01
9.811970e-01
9.878924e-01
9.925293e-01
9.955774e-01
9.974804e-01
9.986117e-01
9.992553e-01
9.996081e-01
9.997960e-01
9.998942e-01
9.999449e-01
9.999711e-01
9.999847e-01
9.999918e-01
9.999955e-01
9.999975e-01
9.999986e-01
9.999992e-01
9.999996e-01
9.999998e-01
9.999999e-01
9.999999e-01
1.000000e+00
1.000000e+00
1.000000e+00
1.000000e+00
1.000000e+00
1.000000e+00
1.000000e+00
1.000000e+00
1.000000e+00
1.000000e+00
1.000000e+00
1.000000e+00
1.000000e+00
1.000000e+00
1.000000e+00
1.000000e+00
1.000000e+00
1.000000e+00
1.000000e+00
1.000000e+00
1.000000e+00
1.000000e+00
1.000000e+00
1.000000e+00
1.000000e+00
1.000000e+00
1.000000e+00
1.000000e+00
1.000000e+00
1.000000e+00
1.000000e+00
1.000000e+00
1.000000e+00
1.000000e+00
1.000000e+00
1.000000e+00
1.000000e+00
1.000000e+00
1.000000e+00
1.000000e+00
1.000000e+00
1.000000e+00
1.000000e+00
1.000000e+00
1.000000e+00
1.000000e+00
1.000000e+00
1.000000e+00
1.000000e+00
1.000000e+00
1.000000e+00
1.000000e+00
1.000000e+00
1.000000e+00
1.000000e+00
1.000000e+00
1.000000e+00
1.000000e+00
1.000000e+00
1.000000e+00
1.000000e+00
1.000000e+00
1.000000e+00
1.000000e+00
1.000000e+00
1.000000e+00
1.000000e+00
1.000000e+00
1.000000e+00
1.000000e+00
1.000000e+00
1.000000e+00
1.000000e+00
1.000000e+00
1.000000e+00
1.000000e+00
1.000000e+00
1.000000e+00
1.000000e+00
1.000000e+00
1.000000e+00
1.000000e+00
1.000000e+00
1.000000e+00
1.000000e+00
1.000000e+00
1.000000e+00
1.000000e+00
1.000000e+00
1.000000e+00
1.000000e+00
1.000000e+00
1.000000e+00
1.000000e+00
1.000000e+00
1.000000e+00
1.000000e+00
1.000000e+00
1.000000e+00
1.000000e+00
1.000000e+00
1.000000e+00
1.000000e+00
1.000000e+00
1.000000e+00
1.000000e+00
1.000000e+00
1.000000e+00
1.000000e+00
1.000000e+00
1.000000e+00
1.000000e+00
1.000000e+00
1.000000e+00
1.000000e+00
1.000000e+00
1.000000e+00
1.000000e+00
1.000000e+00
1.000000e+00
1.000000e+00
1.000000e+00
1.000000e+00
1.000000e+00
1.000000e+00
1.000000e+00
1.000000e+00
1.000000e+00
1.000000e+00
1.000000e+00
1.000000e+00
1.000000e+00
1.000000e+00
1.000000e+00
1.000000e+00
1.000000e+00
1.000000e+00
1.000000e+00
1.000000e+00
1.000000e+00
1.000000e+00
1.000000e+00
1.000000e+00
1.000000e+00
1.000000e+00
1.000000e+00
1.000000e+00
1.000000e+00
1.000000e+00
1.000000e+00
1.000000e+00
1.000000e+00
1.000000e+00
1.000000e+00
1.000000e+00
1.000000e+00
1.000000e+00
1.000000e+00
1.000000e+00
1.000000e+00
1.000000e+00
1.000000e+00
1.000000e+00
1.000000e+00
1.000000e+00
1.000000e+00
1.000000e+00
1.000000e+00
1.000000e+00
1.000000e+00
1.000000e+00
1.000000e+00
1.000000e+00
9.999999e-01
9.999999e-01
9.999998e-01
9.999997e-01
9.999994e-01
9.999990e-01
9.999982e-01
9.999967e-01
9.999940e-01
9.999890e-01
9.999796e-01
9.999620e-01
9.999289e-01
9.998667e-01
9.997509e-01
9.995374e-01
9.991511e-01
9.984686e-01
9.972997e-01
9.953703e-01
9.923176e-01
9.877039e-01
9.810578e-01
9.719321e-01
9.599773e-01
9.449887e-01
9.269391e-01
9.059641e-01
8.823580e-01
8.565023e-01
8.288293e-01
7.998078e-01
7.698880e-01
7.394964e-01
7.090112e-01
6.787942e-01
6.491477e-01
6.203343e-01
5.926055e-01
5.660674e-01
5.409498e-01
5.172689e-01
4.951183e-01
4.744740e-01
4.552552e-01
4.372601e-01
4.203970e-01
4.044254e-01
3.891855e-01
3.744536e-01
3.600340e-01
3.457692e-01
3.315014e-01
3.171288e-01
3.025614e-01
2.877740e-01
2.727690e-01
2.576237e-01
2.424674e-01
2.274919e-01
2.129487e-01
1.991258e-01
1.863157e-01
1.747800e-01
1.647058e-01
1.561713e-01
1.491461e-01
1.435083e-01
1.390770e-01
1.356485e-01
1.330251e-01
1.310321e-01
1.295247e-01
1.283873e-01
1.275307e-01
1.268863e-01
1.264023e-01
1.260394e-01
1.257679e-01
1.255652e-01
1.254145e-01
1.253026e-01
1.252200e-01
1.251592e-01
1.251147e-01
1.250822e-01
1.250586e-01
1.250416e-01
1.250294e-01
1.250206e-01
1.250144e-01
1.250100e-01
1.250069e-01
1.250048e-01
1.250033e-01
1.250022e-01
1.250015e-01
1.250010e-01
1.250007e-01
1.250004e-01
1.250003e-01
1.250002e-01
1.250001e-01
1.250001e-01
1.250001e-01
1.250000e-01
1.250000e-01
1.250000e-01
1.250000e-01
1.250000e-01
1.250000e-01
1.250000e-01
1.250000e-01
1.250000e-01
1.250000e-01
1.250000e-01
1.250000e-01
1.250000e-01
1.250000e-01
1.250000e-01
1.250000e-01
1.250000e-01
1.250000e-01
1.250000e-01
1.250000e-01
1.250000e-01
1.250000e-01
1.250000e-01
1.250000e-01
1.250000e-01
1.250000e-01
1.250000e-01
1.250000e-01
1.250000e-01
1.250000e-01
1.250000e-01
1.250000e-01
1.250000e-01
1.250000e-01
1.250000e-01
1.250000e-01
1.250000e-01
1.250000e-01
1.250000e-01
1.250000e-01
1.250000e-01
1.250000e-01
1.250000e-01
1.250000e-01
1.250000e-01
1.250000e-01
1.250000e-01
1.250000e-01
1.250000e-01
1.250000e-01
1.250000e-01
1.250000e-01
1.250000e-01
1.250000e-01
1.250000e-01
1.250000e-01
1.250000e-01
1.250000e-01
1.250000e-01
1.250000e-01
1.250000e-01
1.250000e-01
1.250000e-01
1.250000e-01
1.250000e-01
1.250000e-01
1.250000e-01
1.250000e-01
1.250000e-01
1.250000e-01
1.250000e-01
1.250000e-01
1.250000e-01
1.250000e-01
1.250000e-01
1.250000e-01
1.250000e-01
1.250000e-01
1.250000e-01
1.250000e-01
1.250000e-01
1.250000e-01
1.250000e-01
1.250000e-01
1.250000e-01
1.250000e-01
1.250000e-01
1.250000e-01
1.250000e-01
1.250000e-01
1.250000e-01
1.250000e-01
1.250000e-01
1.250000e-01
1.250000e-01
1.250000e-01
1.250000e-01
1.250000e-01
1.250000e-01
1.250000e-01
1.250000e-01
1.250000e-01
1.250000e-01
1.250000e-01
1.250000e-01
1.250000e-01
1.250000e-01
1.250000e-01
1.250000e-01
1.250000e-01
1.250000e-01
1.250000e-01
1.250000e-01
1.250000e-01
1.250000e-01
1.250000e-01
1.250000e-01
1.250000e-01
1.250000e-01
1.250000e-01
1.250000e-01
1.250000e-01
1.250000e-01
1.250000e-01
1.250000e-01
1.250000e-01
1.250000e-01
1.250000e-01
1.250000e-01
1.250000e-01
1.250001e-01
1.250001e-01
1.250001e-01
1.250002e-01
1.250003e-01
1.250005e-01
1.250007e-01
1.250011e-01
1.250016e-01
1.250023e-01
1.250034e-01
1.250050e-01
1.250072e-01
1.250104e-01
1.250149e-01
1.250212e-01
1.250301e-01
1.250425e-01
1.250597e-01
1.250835e-01
1.251163e-01
1.251612e-01
1.252225e-01
1.253057e-01
1.254183e-01
1.255700e-01
1.257739e-01
1.260470e-01
1.264118e-01
1.268980e-01
1.275446e-01
1.284031e-01
1.295411e-01
1.310466e-01
1.330328e-01
1.356419e-01
1.390456e-01
1.434396e-01
1.490281e-01
1.559963e-01
1.644741e-01
1.745007e-01
1.860032e-01
1.987990e-01
2.126283e-01
2.271936e-01
2.421984e-01
2.573864e-01
2.725596e-01
2.875871e-01
3.023910e-01
3.169655e-01
3.313407e-01
3.456076e-01
3.598719e-01
3.742888e-01
3.890255e-01
4.042780e-01
4.202632e-01
4.371557e-01
4.552026e-01
4.744730e-01
4.951867e-01
