5.179188e-01
5.420622e-01
5.676396e-01
5.946636e-01
6.228762e-01
6.521704e-01
6.822534e-01
7.128732e-01
7.437029e-01
7.743519e-01
8.044425e-01
8.335348e-01
8.611571e-01
8.868556e-01
9.101937e-01
9.308046e-01
9.484164e-01
9.629220e-01
9.743797e-01
9.830214e-01
9.892231e-01
9.934481e-01
9.961783e-01
9.978532e-01
9.988322e-01
9.993804e-01
9.996768e-01
9.998328e-01
9.999136e-01
9.999551e-01
9.999765e-01
9.999875e-01
9.999933e-01
9.999964e-01
9.999980e-01
9.999989e-01
9.999994e-01
9.999996e-01
9.999998e-01
9.999999e-01
9.999999e-01
1.000000e+00
1.000000e+00
1.000000e+00
1.000000e+00
1.000000e+00
1.000000e+00
1.000000e+00
1.000000e+00
1.000000e+00
1.000000e+00
1.000000e+00
1.000000e+00
1.000000e+00
1.000000e+00
1.000000e+00
1.000000e+00
1.000000e+00
1.000000e+00
1.000000e+00
1.000000e+00
1.000000e+00
1.000000e+00
1.000000e+00
1.000000e+00
1.000000e+00
1.000000e+00
1.000000e+00
1.000000e+00
1.000000e+00
1.000000e+00
1.000000e+00
1.000000e+00
1.000000e+00
1.000000e+00
1.000000e+00
1.000000e+00
1.000000e+00
1.000000e+00
1.000000e+00
1.000000e+00
1.000000e+00
1.000000e+00
1.000000e+00
1.000000e+00
1.000000e+00
1.000000e+00
1.000000e+00
1.000000e+00
1.000000e+00
1.000000e+00
1.000000e+00
1.000000e+00
1.000000e+00
1.000000e+00
1.000000e+00
1.000000e+00
1.000000e+00
1.000000e+00
1.000000e+00
1.000000e+00
1.000000e+00
1.000000e+00
1.000000e+00
1.000000e+00
1.000000e+00
1.000000e+00
1.000000e+00
1.000000e+00
1.000000e+00
1.000000e+00
1.000000e+00
1.000000e+00
1.000000e+00
1.000000e+00
1.000000e+00
1.000000e+00
1.000000e+00
1.000000e+00
1.000000e+00
1.000000e+00
1.000000e+00
1.000000e+00
1.000000e+00
1.000000e+00
1.000000e+00
1.000000e+00
1.000000e+00
1.000000e+00
1.000000e+00
1.000000e+00
1.000000e+00
1.000000e+00
1.000000e+00
1.000000e+00
1.000000e+00
1.000000e+00
1.000000e+00
1.000000e+00
1.000000e+00
1.000000e+00
1.000000e+00
1.000000e+00
1.000000e+00
1.000000e+00
1.000000e+00
1.000000e+00
1.000000e+00
1.000000e+00
1.000000e+00
1.000000e+00
1.000000e+00
1.000000e+00
1.000000e+00
1.000000e+00
1.000000e+00
1.000000e+00
1.000000e+00
1.000000e+00
1.000000e+00
1.000000e+00
1.000000e+00
1.000000e+00
1.000000e+00
1.000000e+00
1.000000e+00
1.000000e+00
1.000000e+00
1.000000e+00
1.000000e+00
1.000000e+00
1.000000e+00
1.000000e+00
1.000000e+00
1.000000e+00
1.000000e+00
1.000000e+00
1.000000e+00
1.000000e+00
1.000000e+00
1.000000e+00
1.000000e+00
1.000000e+00
1.000000e+00
1.000000e+00
1.000000e+00
1.000000e+00
1.000000e+00
1.000000e+00
1.000000e+00
1.000000e+00
1.000000e+00
1.000000e+00
1.000000e+00
1.000000e+00
1.000000e+00
1.000000e+00
1.000000e+00
1.000000e+00
1.000000e+00
1.000000e+00
1.000000e+00
1.000000e+00
1.000000e+00
1.000000e+00
1.000000e+00
1.000000e+00
1.000000e+00
1.000000e+00
1.000000e+00
1.000000e+00
1.000000e+00
1.000000e+00
1.000000e+00
9.999999e-01
9.999999e-01
9.999998e-01
9.999997e-01
9.999995e-01
9.999992e-01
9.999985e-01
9.999973e-01
9.999951e-01
9.999910e-01
9.999833e-01
9.999688e-01
9.999415e-01
9.998900e-01
9.997934e-01
9.996139e-01
9.992857e-01
9.986990e-01
9.976806e-01
9.959746e-01
9.932332e-01
9.890244e-01
9.828673e-01
9.742890e-01
9.628991e-01
9.484471e-01
9.308624e-01
9.102465e-01
8.868731e-01
8.611164e-01
8.334209e-01
8.042537e-01
7.740947e-01
7.433897e-01
7.125245e-01
6.818903e-01
6.518093e-01
6.225422e-01
5.943663e-01
5.673966e-01
5.418707e-01
5.178131e-01
4.953141e-01
4.743573e-01
4.548599e-01
4.366063e-01
4.195046e-01
4.033128e-01
3.878472e-01
3.728885e-01
3.582359e-01
3.437248e-01
3.292000e-01
3.145549e-01
2.997137e-01
2.846489e-01
2.693833e-01
2.540108e-01
2.386801e-01
2.236057e-01
2.090596e-01
1.953422e-01
1.827468e-01
1.715228e-01
1.618287e-01
1.537077e-01
1.470943e-01
1.418383e-01
1.377418e-01
1.345945e-01
1.322002e-01
1.303898e-01
1.290262e-01
1.280012e-01
1.272323e-01
1.266559e-01
1.262250e-01
1.259031e-01
1.256636e-01
1.254855e-01
1.253539e-01
1.252567e-01
1.251854e-01
1.251332e-01
1.250953e-01
1.250678e-01
1.250480e-01
1.250338e-01
1.250237e-01
1.250165e-01
1.250114e-01
1.250079e-01
1.250054e-01
1.250037e-01
1.250025e-01
1.250017e-01
1.250011e-01
1.250007e-01
1.250005e-01
1.250003e-01
1.250002e-01
1.250001e-01
1.250001e-01
1.250001e-01
1.250000e-01
1.250000e-01
1.250000e-01
1.250000e-01
1.250000e-01
1.250000e-01
1.250000e-01
1.250000e-01
1.250000e-01
1.250000e-01
1.250000e-01
1.250000e-01
1.250000e-01
1.250000e-01
1.250000e-01
1.250000e-01
1.250000e-01
1.250000e-01
1.250000e-01
1.250000e-01
1.250000e-01
1.250000e-01
1.250000e-01
1.250000e-01
1.250000e-01
1.250000e-01
1.250000e-01
1.250000e-01
1.250000e-01
1.250000e-01
1.250000e-01
1.250000e-01
1.250000e-01
1.250000e-01
1.250000e-01
1.250000e-01
1.250000e-01
1.250000e-01
1.250000e-01
1.250000e-01
1.250000e-01
1.250000e-01
1.250000e-01
1.250000e-01
1.250000e-01
1.250000e-01
1.250000e-01
1.250000e-01
1.250000e-01
1.250000e-01
1.250000e-01
1.250000e-01
1.250000e-01
1.250000e-01
1.250000e-01
1.250000e-01
1.250000e-01
1.250000e-01
1.250000e-01
1.250000e-01
1.250000e-01
1.250000e-01
1.250000e-01
1.250000e-01
1.250000e-01
1.250000e-01
1.250000e-01
1.250000e-01
1.250000e-01
1.250000e-01
1.250000e-01
1.250000e-01
1.250000e-01
1.250000e-01
1.250000e-01
1.250000e-01
1.250000e-01
1.250000e-01
1.250000e-01
1.250000e-01
1.250000e-01
1.250000e-01
1.250000e-01
1.250000e-01
1.250000e-01
1.250000e-01
1.250000e-01
1.250000e-01
1.250000e-01
1.250000e-01
1.250000e-01
1.250000e-01
1.250000e-01
1.250000e-01
1.250000e-01
1.250000e-01
1.250000e-01
1.250000e-01
1.250000e-01
1.250000e-01
1.250000e-01
1.250000e-01
1.250000e-01
1.250000e-01
1.250000e-01
1.250000e-01
1.250000e-01
1.250000e-01
1.250000e-01
1.250000e-01
1.250000e-01
1.250000e-01
1.250000e-01
1.250000e-01
1.250000e-01
1.250000e-01
1.250000e-01
1.250000e-01
1.250000e-01
1.250000e-01
1.250000e-01
1.250000e-01
1.250000e-01
1.250000e-01
1.250000e-01
1.250000e-01
1.250000e-01
1.250000e-01
1.250000e-01
1.250000e-01
1.250000e-01
1.250000e-01
1.250001e-01
1.250001e-01
1.250002e-01
1.250002e-01
1.250004e-01
1.250005e-01
1.250008e-01
1.250012e-01
1.250018e-01
1.250026e-01
1.250039e-01
1.250056e-01
1.250082e-01
1.250118e-01
1.250170e-01
1.250243e-01
1.250346e-01
1.250490e-01
1.250691e-01
1.250968e-01
1.251351e-01
1.251877e-01
1.252596e-01
1.253574e-01
1.254900e-01
1.256691e-01
1.259102e-01
1.262338e-01
1.266670e-01
1.272455e-01
1.280167e-01
1.290429e-01
1.304058e-01
1.322114e-01
1.345944e-01
1.377205e-01
1.417836e-01
1.469932e-01
1.535505e-01
1.616127e-01
1.712546e-01
1.824397e-01
1.950144e-01
2.087328e-01
2.232972e-01
2.383998e-01
2.537632e-01
2.691655e-01
2.844545e-01
2.995375e-01
3.143896e-01
3.290372e-01
3.435622e-01
3.580710e-01
3.727219e-01
3.876855e-01
4.031645e-01
4.193691e-01
4.365000e-01
4.548041e-01
4.743550e-01
4.953828e-01
