5.247471e-01
5.539685e-01
5.850351e-01
6.177108e-01
6.517776e-01
6.867841e-01
7.223138e-01
7.578540e-01
7.927797e-01
8.264942e-01
8.583053e-01
8.875612e-01
9.136667e-01
9.361309e-01
9.546792e-01
9.692834e-01
9.801817e-01
9.878537e-01
9.929306e-01
9.960837e-01
9.979245e-01
9.989396e-01
9.994723e-01
9.997414e-01
9.998739e-01
9.999382e-01
9.999694e-01
9.999847e-01
9.999922e-01
9.999960e-01
9.999979e-01
9.999989e-01
9.999994e-01
9.999997e-01
9.999998e-01
9.999999e-01
9.999999e-01
1.000000e+00
1.000000e+00
1.000000e+00
1.000000e+00
1.000000e+00
1.000000e+00
1.000000e+00
1.000000e+00
1.000000e+00
1.000000e+00
1.000000e+00
1.000000e+00
1.000000e+00
1.000000e+00
1.000000e+00
1.000000e+00
1.000000e+00
1.000000e+00
1.000000e+00
1.000000e+00
1.000000e+00
1.000000e+00
1.000000e+00
1.000000e+00
1.000000e+00
1.000000e+00
1.000000e+00
1.000000e+00
1.000000e+00
1.000000e+00
1.000000e+00
1.000000e+00
1.000000e+00
1.000000e+00
1.000000e+00
1.000000e+00
1.000000e+00
1.000000e+00
1.000000e+00
1.000000e+00
1.000000e+00
1.000000e+00
1.000000e+00
1.000000e+00
1.000000e+00
1.000000e+00
1.000000e+00
1.000000e+00
1.000000e+00
1.000000e+00
1.000000e+00
1.000000e+00
1.000000e+00
1.000000e+00
1.000000e+00
1.000000e+00
1.000000e+00
1.000000e+00
1.000000e+00
1.000000e+00
1.000000e+00
1.000000e+00
1.000000e+00
1.000000e+00
1.000000e+00
1.000000e+00
1.000000e+00
1.000000e+00
1.000000e+00
1.000000e+00
1.000000e+00
1.000000e+00
1.000000e+00
1.000000e+00
1.000000e+00
1.000000e+00
1.000000e+00
1.000000e+00
1.000000e+00
1.000000e+00
1.000000e+00
1.000000e+00
1.000000e+00
1.000000e+00
1.000000e+00
1.000000e+00
1.000000e+00
1.000000e+00
1.000000e+00
1.000000e+00
1.000000e+00
1.000000e+00
1.000000e+00
1.000000e+00
1.000000e+00
1.000000e+00
1.000000e+00
1.000000e+00
1.000000e+00
1.000000e+00
1.000000e+00
1.000000e+00
1.000000e+00
1.000000e+00
1.000000e+00
1.000000e+00
1.000000e+00
1.000000e+00
1.000000e+00
1.000000e+00
1.000000e+00
1.000000e+00
1.000000e+00
1.000000e+00
1.000000e+00
1.000000e+00
1.000000e+00
1.000000e+00
1.000000e+00
1.000000e+00
1.000000e+00
1.000000e+00
1.000000e+00
1.000000e+00
1.000000e+00
1.000000e+00
1.000000e+00
1.000000e+00
1.000000e+00
1.000000e+00
1.000000e+00
1.000000e+00
1.000000e+00
1.000000e+00
1.000000e+00
1.000000e+00
1.000000e+00
1.000000e+00
1.000000e+00
1.000000e+00
1.000000e+00
1.000000e+00
1.000000e+00
1.000000e+00
1.000000e+00
1.000000e+00
1.000000e+00
1.000000e+00
1.000000e+00
1.000000e+00
1.000000e+00
1.000000e+00
1.000000e+00
1.000000e+00
1.000000e+00
1.000000e+00
1.000000e+00
1.000000e+00
1.000000e+00
1.000000e+00
1.000000e+00
1.000000e+00
1.000000e+00
1.000000e+00
1.000000e+00
1.000000e+00
1.000000e+00
1.000000e+00
1.000000e+00
1.000000e+00
1.000000e+00
1.000000e+00
1.000000e+00
1.000000e+00
1.000000e+00
1.000000e+00
1.000000e+00
1.000000e+00
1.000000e+00
1.000000e+00
1.000000e+00
1.000000e+00
9.999999e-01
9.999999e-01
9.999998e-01
9.999996e-01
9.999992e-01
9.999985e-01
9.999971e-01
9.999944e-01
9.999892e-01
9.999789e-01
9.999586e-01
9.999183e-01
9.998383e-01
9.996811e-01
9.993761e-01
9.987977e-01
9.977343e-01
9.958558e-01
9.926920e-01
9.876432e-01
9.800355e-01
9.692196e-01
9.546922e-01
9.361894e-01
9.137266e-01
8.875805e-01
8.582502e-01
8.263456e-01
7.925394e-01
7.575348e-01
7.219395e-01
6.863876e-01
6.513844e-01
6.173579e-01
5.847371e-01
5.537395e-01
5.246289e-01
4.974756e-01
4.723970e-01
4.491900e-01
4.276054e-01
4.073312e-01
3.880985e-01
3.695877e-01
3.515077e-01
3.336076e-01
3.157025e-01
2.976814e-01
2.795214e-01
2.613135e-01
2.432555e-01
2.256388e-01
2.088374e-01
1.932551e-01
1.792690e-01
1.671640e-01
1.570754e-01
1.489649e-01
1.426501e-01
1.378613e-01
1.343006e-01
1.316891e-01
1.297903e-01
1.284175e-01
1.274287e-01
1.267187e-01
1.262107e-01
1.258484e-01
1.255912e-01
1.254095e-01
1.252818e-01
1.251926e-01
1.251307e-01
1.250881e-01
1.250590e-01
1.250391e-01
1.250258e-01
1.250169e-01
1.250110e-01
1.250071e-01
1.250045e-01
1.250029e-01
1.250018e-01
1.250011e-01
1.250007e-01
1.250004e-01
1.250003e-01
1.250002e-01
1.250001e-01
1.250001e-01
1.250000e-01
1.250000e-01
1.250000e-01
1.250000e-01
1.250000e-01
1.250000e-01
1.250000e-01
1.250000e-01
1.250000e-01
1.250000e-01
1.250000e-01
1.250000e-01
1.250000e-01
1.250000e-01
1.250000e-01
1.250000e-01
1.250000e-01
1.250000e-01
1.250000e-01
1.250000e-01
1.250000e-01
1.250000e-01
1.250000e-01
1.250000e-01
1.250000e-01
1.250000e-01
1.250000e-01
1.250000e-01
1.250000e-01
1.250000e-01
1.250000e-01
1.250000e-01
1.250000e-01
1.250000e-01
1.250000e-01
1.250000e-01
1.250000e-01
1.250000e-01
1.250000e-01
1.250000e-01
1.250000e-01
1.250000e-01
1.250000e-01
1.250000e-01
1.250000e-01
1.250000e-01
1.250000e-01
1.250000e-01
1.250000e-01
1.250000e-01
1.250000e-01
1.250000e-01
1.250000e-01
1.250000e-01
1.250000e-01
1.250000e-01
1.250000e-01
1.250000e-01
1.250000e-01
1.250000e-01
1.250000e-01
1.250000e-01
1.250000e-01
1.250000e-01
1.250000e-01
1.250000e-01
1.250000e-01
1.250000e-01
1.250000e-01
1.250000e-01
1.250000e-01
1.250000e-01
1.250000e-01
1.250000e-01
1.250000e-01
1.250000e-01
1.250000e-01
1.250000e-01
1.250000e-01
1.250000e-01
1.250000e-01
1.250000e-01
1.250000e-01
1.250000e-01
1.250000e-01
1.250000e-01
1.250000e-01
1.250000e-01
1.250000e-01
1.250000e-01
1.250000e-01
1.250000e-01
1.250000e-01
1.250000e-01
1.250000e-01
1.250000e-01
1.250000e-01
1.250000e-01
1.250000e-01
1.250000e-01
1.250000e-01
1.250000e-01
1.250000e-01
1.250000e-01
1.250000e-01
1.250000e-01
1.250000e-01
1.250000e-01
1.250000e-01
1.250000e-01
1.250000e-01
1.250000e-01
1.250000e-01
1.250000e-01
1.250000e-01
1.250000e-01
1.250000e-01
1.250000e-01
1.250000e-01
1.250000e-01
1.250000e-01
1.250000e-01
1.250000e-01
1.250000e-01
1.250000e-01
1.250000e-01
1.250000e-01
1.250000e-01
1.250000e-01
1.250000e-01
1.250000e-01
1.250000e-01
1.250000e-01
1.250000e-01
1.250000e-01
1.250000e-01
1.250000e-01
1.250000e-01
1.250000e-01
1.250000e-01
1.250000e-01
1.250000e-01
1.250000e-01
1.250000e-01
1.250000e-01
1.250000e-01
1.250000e-01
1.250000e-01
1.250000e-01
1.250000e-01
1.250001e-01
1.250001e-01
1.250002e-01
1.250003e-01
1.250005e-01
1.250008e-01
1.250012e-01
1.250020e-01
1.250031e-01
1.250048e-01
1.250075e-01
1.250116e-01
1.250177e-01
1.250269e-01
1.250406e-01
1.250608e-01
1.250905e-01
1.251338e-01
1.251965e-01
1.252867e-01
1.254157e-01
1.255991e-01
1.258585e-01
1.262234e-01
1.267347e-01
1.274479e-01
1.284394e-01
1.298127e-01
1.317069e-01
1.343049e-01
1.378383e-01
1.425826e-01
1.488358e-01
1.568746e-01
1.668925e-01
1.789395e-01
1.928921e-01
2.084702e-01
2.252923e-01
2.429426e-01
2.610382e-01
2.792817e-01
2.974697e-01
3.155080e-01
3.334182e-01
3.513207e-01
3.694034e-01
3.879218e-01
4.071731e-01
4.274788e-01
4.491070e-01
4.723795e-01
4.975412e-01
