5.051608e-01
5.212735e-01
5.382472e-01
5.561125e-01
5.748112e-01
5.943128e-01
6.145557e-01
6.354789e-01
6.570040e-01
6.790169e-01
7.014348e-01
7.241329e-01
7.469807e-01
7.698191e-01
7.924937e-01
8.148234e-01
8.366107e-01
8.576533e-01
8.777223e-01
8.966080e-01
9.140989e-01
9.300051e-01
9.441761e-01
9.565060e-01
9.669603e-01
9.755724e-01
9.824478e-01
9.877563e-01
9.917121e-01
9.945553e-01
9.965254e-01
9.978422e-01
9.986927e-01
9.992246e-01
9.995481e-01
9.997400e-01
9.998517e-01
9.999158e-01
9.999522e-01
9.999728e-01
9.999844e-01
9.999910e-01
9.999948e-01
9.999969e-01
9.999982e-01
9.999989e-01
9.999993e-01
9.999996e-01
9.999998e-01
9.999998e-01
9.999999e-01
9.999999e-01
1.000000e+00
1.000000e+00
1.000000e+00
1.000000e+00
1.000000e+00
1.000000e+00
1.000000e+00
1.000000e+00
1.000000e+00
1.000000e+00
1.000000e+00
1.000000e+00
1.000000e+00
1.000000e+00
1.000000e+00
1.000000e+00
1.000000e+00
1.000000e+00
1.000000e+00
1.000000e+00
1.000000e+00
1.000000e+00
1.000000e+00
1.000000e+00
1.000000e+00
1.000000e+00
1.000000e+00
1.000000e+00
1.000000e+00
1.000000e+00
1.000000e+00
1.000000e+00
1.000000e+00
1.000000e+00
1.000000e+00
1.000000e+00
1.000000e+00
1.000000e+00
1.000000e+00
1.000000e+00
1.000000e+00
1.000000e+00
1.000000e+00
1.000000e+00
1.000000e+00
1.000000e+00
1.000000e+00
1.000000e+00
1.000000e+00
1.000000e+00
1.000000e+00
1.000000e+00
1.000000e+00
1.000000e+00
1.000000e+00
1.000000e+00
1.000000e+00
1.000000e+00
1.000000e+00
1.000000e+00
1.000000e+00
1.000000e+00
1.000000e+00
1.000000e+00
1.000000e+00
1.000000e+00
1.000000e+00
1.000000e+00
1.000000e+00
1.000000e+00
1.000000e+00
1.000000e+00
1.000000e+00
1.000000e+00
1.000000e+00
1.000000e+00
1.000000e+00
1.000000e+00
1.000000e+00
1.000000e+00
1.000000e+00
1.000000e+00
1.000000e+00
1.000000e+00
1.000000e+00
1.000000e+00
1.000000e+00
1.000000e+00
1.000000e+00
1.000000e+00
1.000000e+00
1.000000e+00
1.000000e+00
1.000000e+00
1.000000e+00
1.000000e+00
1.000000e+00
1.000000e+00
1.000000e+00
1.000000e+00
1.000000e+00
1.000000e+00
1.000000e+00
1.000000e+00
1.000000e+00
1.000000e+00
1.000000e+00
1.000000e+00
1.000000e+00
1.000000e+00
1.000000e+00
1.000000e+00
1.000000e+00
1.000000e+00
1.000000e+00
1.000000e+00
1.000000e+00
1.000000e+00
1.000000e+00
1.000000e+00
1.000000e+00
1.000000e+00
1.000000e+00
1.000000e+00
1.000000e+00
1.000000e+00
1.000000e+00
1.000000e+00
1.000000e+00
1.000000e+00
1.000000e+00
1.000000e+00
1.000000e+00
1.000000e+00
1.000000e+00
1.000000e+00
1.000000e+00
1.000000e+00
1.000000e+00
1.000000e+00
1.000000e+00
1.000000e+00
1.000000e+00
1.000000e+00
1.000000e+00
1.000000e+00
1.000000e+00
1.000000e+00
1.000000e+00
1.000000e+00
1.000000e+00
1.000000e+00
9.999999e-01
9.999999e-01
9.999998e-01
9.999997e-01
9.999995e-01
9.999992e-01
9.999986e-01
9.999976e-01
9.999960e-01
9.999932e-01
9.999884e-01
9.999800e-01
9.999655e-01
9.999404e-01
9.998971e-01
9.998228e-01
9.996968e-01
9.994859e-01
9.991393e-01
9.985813e-01
9.977050e-01
9.963668e-01
9.943847e-01
9.915426e-01
9.876030e-01
9.823249e-01
9.754895e-01
9.669208e-01
9.565060e-01
9.442056e-01
9.300502e-01
9.141440e-01
8.966383e-01
8.777248e-01
8.576182e-01
8.365323e-01
8.146993e-01
7.923256e-01
7.696112e-01
7.467384e-01
7.238653e-01
7.011493e-01
6.787233e-01
6.567096e-01
6.351936e-01
6.142852e-01
5.940640e-01
5.745882e-01
5.559190e-01
5.380892e-01
5.211490e-01
5.050797e-01
4.898944e-01
4.755900e-01
4.620900e-01
4.493954e-01
4.373842e-01
4.260037e-01
4.151881e-01
4.048059e-01
3.948059e-01
3.850532e-01
3.755112e-01
3.660707e-01
3.566853e-01
3.472881e-01
3.378428e-01
3.283015e-01
3.186375e-01
3.088186e-01
2.988208e-01
2.886242e-01
2.782138e-01
2.675864e-01
2.567598e-01
2.457692e-01
2.346799e-01
2.235897e-01
2.126278e-01
2.019513e-01
1.917302e-01
1.821369e-01
1.733214e-01
1.653952e-01
1.584208e-01
1.524076e-01
1.473171e-01
1.430741e-01
1.395817e-01
1.367343e-01
1.344282e-01
1.325692e-01
1.310742e-01
1.298735e-01
1.289101e-01
1.281364e-01
1.275154e-01
1.270168e-01
1.266157e-01
1.262938e-01
1.260351e-01
1.258269e-01
1.256603e-01
1.255262e-01
1.254186e-01
1.253329e-01
1.252639e-01
1.252089e-01
1.251652e-01
1.251301e-01
1.251025e-01
1.250805e-01
1.250629e-01
1.250493e-01
1.250384e-01
1.250298e-01
1.250232e-01
1.250179e-01
1.250138e-01
1.250107e-01
1.250082e-01
1.250063e-01
1.250048e-01
1.250036e-01
1.250028e-01
1.250021e-01
1.250016e-01
1.250012e-01
1.250009e-01
1.250007e-01
1.250005e-01
1.250004e-01
1.250003e-01
1.250002e-01
1.250002e-01
1.250001e-01
1.250001e-01
1.250001e-01
1.250000e-01
1.250000e-01
1.250000e-01
1.250000e-01
1.250000e-01
1.250000e-01
1.250000e-01
1.250000e-01
1.250000e-01
1.250000e-01
1.250000e-01
1.250000e-01
1.250000e-01
1.250000e-01
1.250000e-01
1.250000e-01
1.250000e-01
1.250000e-01
1.250000e-01
1.250000e-01
1.250000e-01
1.250000e-01
1.250000e-01
1.250000e-01
1.250000e-01
1.250000e-01
1.250000e-01
1.250000e-01
1.250000e-01
1.250000e-01
1.250000e-01
1.250000e-01
1.250000e-01
1.250000e-01
1.250000e-01
1.250000e-01
1.250000e-01
1.250000e-01
1.250000e-01
1.250000e-01
1.250000e-01
1.250000e-01
1.250000e-01
1.250000e-01
1.250000e-01
1.250000e-01
1.250000e-01
1.250000e-01
1.250000e-01
1.250000e-01
1.250000e-01
1.250000e-01
1.250000e-01
1.250000e-01
1.250000e-01
1.250000e-01
1.250000e-01
1.250000e-01
1.250000e-01
1.250000e-01
1.250000e-01
1.250000e-01
1.250000e-01
1.250000e-01
1.250000e-01
1.250000e-01
1.250000e-01
1.250000e-01
1.250000e-01
1.250000e-01
1.250000e-01
1.250000e-01
1.250000e-01
1.250000e-01
1.250000e-01
1.250000e-01
1.250000e-01
1.250000e-01
1.250000e-01
1.250000e-01
1.250000e-01
1.250000e-01
1.250000e-01
1.250000e-01
1.250001e-01
1.250001e-01
1.250001e-01
1.250002e-01
1.250002e-01
1.250003e-01
1.250004e-01
1.250005e-01
1.250007e-01
1.250009e-01
1.250012e-01
1.250016e-01
1.250022e-01
1.250028e-01
1.250037e-01
1.250049e-01
1.250064e-01
1.250083e-01
1.250108e-01
1.250140e-01
1.250181e-01
1.250234e-01
1.250301e-01
1.250387e-01
1.250496e-01
1.250634e-01
1.250809e-01
1.251029e-01
1.251308e-01
1.251658e-01
1.252098e-01
1.252650e-01
1.253341e-01
1.254204e-01
1.255282e-01
1.256627e-01
1.258303e-01
1.260390e-01
1.262987e-01
1.266217e-01
1.270236e-01
1.275236e-01
1.281456e-01
1.289198e-01
1.298833e-01
1.310825e-01
1.325741e-01
1.344266e-01
1.367216e-01
1.395524e-01
1.430215e-01
1.472344e-01
1.522892e-01
1.582636e-01
1.652002e-01
1.730941e-01
1.818867e-01
1.914679e-01
2.016874e-01
2.123729e-01
2.233522e-01
2.344639e-01
2.455758e-01
2.565877e-01
2.674328e-01
2.780741e-01
2.884955e-01
2.986995e-01
3.087009e-01
3.185202e-01
3.281840e-01
3.377204e-01
3.471615e-01
3.565559e-01
3.659352e-01
3.753771e-01
3.849159e-01
3.946742e-01
4.046801e-01
4.150764e-01
4.259062e-01
4.373093e-01
4.493514e-01
4.620738e-01
4.756122e-01
4.899486e-01
