5.007854e-01
5.146102e-01
5.291511e-01
5.444147e-01
5.603848e-01
5.770372e-01
5.943267e-01
6.122373e-01
6.307076e-01
6.496858e-01
6.691126e-01
6.889144e-01
7.090184e-01
7.293402e-01
7.497838e-01
7.702349e-01
7.905838e-01
8.107003e-01
8.304452e-01
8.496672e-01
8.682050e-01
8.858932e-01
9.025687e-01
9.180728e-01
9.322618e-01
9.450201e-01
9.562618e-01
9.659517e-01
9.741021e-01
9.807777e-01
9.860918e-01
9.901970e-01
9.932702e-01
9.954990e-01
9.970647e-01
9.981307e-01
9.988351e-01
9.992879e-01
9.995716e-01
9.997455e-01
9.998502e-01
9.999123e-01
9.999488e-01
9.999701e-01
9.999825e-01
9.999897e-01
9.999939e-01
9.999964e-01
9.999978e-01
9.999987e-01
9.999992e-01
9.999995e-01
9.999997e-01
9.999998e-01
9.999999e-01
9.999999e-01
9.999999e-01
1.000000e+00
1.000000e+00
1.000000e+00
1.000000e+00
1.000000e+00
1.000000e+00
1.000000e+00
1.000000e+00
1.000000e+00
1.000000e+00
1.000000e+00
1.000000e+00
1.000000e+00
1.000000e+00
1.000000e+00
1.000000e+00
1.000000e+00
1.000000e+00
1.000000e+00
1.000000e+00
1.000000e+00
1.000000e+00
1.000000e+00
1.000000e+00
1.000000e+00
1.000000e+00
1.000000e+00
1.000000e+00
1.000000e+00
1.000000e+00
1.000000e+00
1.000000e+00
1.000000e+00
1.000000e+00
1.000000e+00
1.000000e+00
1.000000e+00
1.000000e+00
1.000000e+00
1.000000e+00
1.000000e+00
1.000000e+00
1.000000e+00
1.000000e+00
1.000000e+00
1.000000e+00
1.000000e+00
1.000000e+00
1.000000e+00
1.000000e+00
1.000000e+00
1.000000e+00
1.000000e+00
1.000000e+00
1.000000e+00
1.000000e+00
1.000000e+00
1.000000e+00
1.000000e+00
1.000000e+00
1.000000e+00
1.000000e+00
1.000000e+00
1.000000e+00
1.000000e+00
1.000000e+00
1.000000e+00
1.000000e+00
1.000000e+00
1.000000e+00
1.000000e+00
1.000000e+00
1.000000e+00
1.000000e+00
1.000000e+00
1.000000e+00
1.000000e+00
1.000000e+00
1.000000e+00
1.000000e+00
1.000000e+00
1.000000e+00
1.000000e+00
1.000000e+00
1.000000e+00
1.000000e+00
1.000000e+00
1.000000e+00
1.000000e+00
1.000000e+00
1.000000e+00
1.000000e+00
1.000000e+00
1.000000e+00
1.000000e+00
1.000000e+00
1.000000e+00
1.000000e+00
1.000000e+00
1.000000e+00
1.000000e+00
1.000000e+00
1.000000e+00
1.000000e+00
1.000000e+00
1.000000e+00
1.000000e+00
1.000000e+00
1.000000e+00
1.000000e+00
1.000000e+00
1.000000e+00
1.000000e+00
1.000000e+00
1.000000e+00
1.000000e+00
1.000000e+00
1.000000e+00
1.000000e+00
1.000000e+00
1.000000e+00
1.000000e+00
1.000000e+00
1.000000e+00
1.000000e+00
1.000000e+00
1.000000e+00
1.000000e+00
1.000000e+00
1.000000e+00
1.000000e+00
1.000000e+00
1.000000e+00
1.000000e+00
1.000000e+00
1.000000e+00
1.000000e+00
1.000000e+00
1.000000e+00
1.000000e+00
1.000000e+00
1.000000e+00
9.999999e-01
9.999999e-01
9.999998e-01
9.999998e-01
9.999996e-01
9.999994e-01
9.999990e-01
9.999983e-01
9.999972e-01
9.999953e-01
9.999922e-01
9.999869e-01
9.999779e-01
9.999627e-01
9.999372e-01
9.998944e-01
9.998232e-01
9.997062e-01
9.995163e-01
9.992131e-01
9.987385e-01
9.980116e-01
9.969256e-01
9.953459e-01
9.931121e-01
9.900452e-01
9.859582e-01
9.806723e-01
9.740313e-01
9.659172e-01
9.562603e-01
9.450438e-01
9.323006e-01
9.181146e-01
9.026023e-01
8.859081e-01
8.681932e-01
8.496221e-01
8.303643e-01
8.105822e-01
7.904298e-01
7.700484e-01
7.495686e-01
7.291026e-01
7.087639e-01
6.886492e-01
6.688439e-01
6.494175e-01
6.304474e-01
6.119892e-01
5.940964e-01
5.768256e-01
5.601969e-01
5.442526e-01
5.290168e-01
5.145028e-01
5.007123e-01
4.876371e-01
4.752779e-01
4.635766e-01
4.525172e-01
4.420606e-01
4.321157e-01
4.226538e-01
4.135992e-01
4.048586e-01
3.963937e-01
3.881120e-01
3.799724e-01
3.719168e-01
3.638870e-01
3.558628e-01
3.477980e-01
3.396854e-01
3.314920e-01
3.232146e-01
3.148258e-01
3.063161e-01
2.976641e-01
2.888518e-01
2.798594e-01
2.706723e-01
2.612833e-01
2.517015e-01
2.419506e-01
2.320796e-01
2.221640e-01
2.123053e-01
2.026292e-01
1.932749e-01
1.843874e-01
1.760987e-01
1.685166e-01
1.617135e-01
1.557215e-01
1.505332e-01
1.461076e-01
1.423797e-01
1.392708e-01
1.366976e-01
1.345791e-01
1.328412e-01
1.314184e-01
1.302545e-01
1.293029e-01
1.285248e-01
1.278876e-01
1.273661e-01
1.269390e-01
1.265884e-01
1.263009e-01
1.260654e-01
1.258717e-01
1.257127e-01
1.255827e-01
1.254756e-01
1.253877e-01
1.253162e-01
1.252573e-01
1.252089e-01
1.251698e-01
1.251376e-01
1.251112e-01
1.250900e-01
1.250727e-01
1.250584e-01
1.250470e-01
1.250378e-01
1.250302e-01
1.250242e-01
1.250194e-01
1.250154e-01
1.250122e-01
1.250098e-01
1.250077e-01
1.250061e-01
1.250048e-01
1.250038e-01
1.250030e-01
1.250023e-01
1.250018e-01
1.250014e-01
1.250011e-01
1.250009e-01
1.250007e-01
1.250005e-01
1.250004e-01
1.250003e-01
1.250002e-01
1.250002e-01
1.250001e-01
1.250001e-01
1.250001e-01
1.250001e-01
1.250000e-01
1.250000e-01
1.250000e-01
1.250000e-01
1.250000e-01
1.250000e-01
1.250000e-01
1.250000e-01
1.250000e-01
1.250000e-01
1.250000e-01
1.250000e-01
1.250000e-01
1.250000e-01
1.250000e-01
1.250000e-01
1.250000e-01
1.250000e-01
1.250000e-01
1.250000e-01
1.250000e-01
1.250000e-01
1.250000e-01
1.250000e-01
1.250000e-01
1.250000e-01
1.250000e-01
1.250000e-01
1.250000e-01
1.250000e-01
1.250000e-01
1.250000e-01
1.250000e-01
1.250000e-01
1.250000e-01
1.250000e-01
1.250000e-01
1.250000e-01
1.250000e-01
1.250000e-01
1.250000e-01
1.250000e-01
1.250000e-01
1.250000e-01
1.250000e-01
1.250000e-01
1.250000e-01
1.250000e-01
1.250000e-01
1.250000e-01
1.250000e-01
1.250000e-01
1.250000e-01
1.250000e-01
1.250000e-01
1.250000e-01
1.250000e-01
1.250000e-01
1.250000e-01
1.250000e-01
1.250000e-01
1.250001e-01
1.250001e-01
1.250001e-01
1.250001e-01
1.250001e-01
1.250002e-01
1.250002e-01
1.250003e-01
1.250004e-01
1.250005e-01
1.250007e-01
1.250009e-01
1.250011e-01
1.250015e-01
1.250019e-01
1.250024e-01
1.250030e-01
1.250038e-01
1.250049e-01
1.250062e-01
1.250078e-01
1.250098e-01
1.250123e-01
1.250155e-01
1.250194e-01
1.250243e-01
1.250304e-01
1.250379e-01
1.250472e-01
1.250587e-01
1.250728e-01
1.250903e-01
1.251117e-01
1.251380e-01
1.251702e-01
1.252097e-01
1.252580e-01
1.253170e-01
1.253891e-01
1.254771e-01
1.255844e-01
1.257152e-01
1.258745e-01
1.260686e-01
1.263052e-01
1.265933e-01
1.269445e-01
1.273728e-01
1.278950e-01
1.285326e-01
1.293112e-01
1.302623e-01
1.314245e-01
1.328442e-01
1.345763e-01
1.366856e-01
1.392453e-01
1.423354e-01
1.460391e-01
1.504355e-01
1.555911e-01
1.615495e-01
1.683215e-01
1.758783e-01
1.841500e-01
1.930299e-01
2.023851e-01
2.120704e-01
2.219452e-01
2.318804e-01
2.417718e-01
2.515422e-01
2.611413e-01
2.705441e-01
2.797421e-01
2.887422e-01
2.975589e-01
3.062133e-01
3.147239e-01
3.231098e-01
3.313843e-01
3.395758e-01
3.476815e-01
3.557443e-01
3.637636e-01
3.717927e-01
3.798466e-01
3.879857e-01
3.962723e-01
4.047414e-01
4.134953e-01
4.225638e-01
4.320421e-01
4.420086e-01
4.524865e-01
4.635737e-01
4.753022e-01
4.876885e-01
