5.153019e-01
5.376588e-01
5.612954e-01
5.862703e-01
6.123599e-01
6.395091e-01
6.675124e-01
6.961131e-01
7.250989e-01
7.541888e-01
7.830291e-01
8.112999e-01
8.386204e-01
8.645785e-01
8.887861e-01
9.108624e-01
9.304860e-01
9.474092e-01
9.615214e-01
9.728478e-01
9.815644e-01
9.879720e-01
9.924627e-01
9.954587e-01
9.973624e-01
9.985169e-01
9.991880e-01
9.995641e-01
9.997689e-01
9.998781e-01
9.999356e-01
9.999658e-01
9.999817e-01
9.999901e-01
9.999945e-01
9.999970e-01
9.999983e-01
9.999990e-01
9.999994e-01
9.999997e-01
9.999998e-01
9.999999e-01
9.999999e-01
1.000000e+00
1.000000e+00
1.000000e+00
1.000000e+00
1.000000e+00
1.000000e+00
1.000000e+00
1.000000e+00
1.000000e+00
1.000000e+00
1.000000e+00
1.000000e+00
1.000000e+00
1.000000e+00
1.000000e+00
1.000000e+00
1.000000e+00
1.000000e+00
1.000000e+00
1.000000e+00
1.000000e+00
1.000000e+00
1.000000e+00
1.000000e+00
1.000000e+00
1.000000e+00
1.000000e+00
1.000000e+00
1.000000e+00
1.000000e+00
1.000000e+00
1.000000e+00
1.000000e+00
1.000000e+00
1.000000e+00
1.000000e+00
1.000000e+00
1.000000e+00
1.000000e+00
1.000000e+00
1.000000e+00
1.000000e+00
1.000000e+00
1.000000e+00
1.000000e+00
1.000000e+00
1.000000e+00
1.000000e+00
1.000000e+00
1.000000e+00
1.000000e+00
1.000000e+00
1.000000e+00
1.000000e+00
1.000000e+00
1.000000e+00
1.000000e+00
1.000000e+00
1.000000e+00
1.000000e+00
1.000000e+00
1.000000e+00
1.000000e+00
1.000000e+00
1.000000e+00
1.000000e+00
1.000000e+00
1.000000e+00
1.000000e+00
1.000000e+00
1.000000e+00
1.000000e+00
1.000000e+00
1.000000e+00
1.000000e+00
1.000000e+00
1.000000e+00
1.000000e+00
1.000000e+00
1.000000e+00
1.000000e+00
1.000000e+00
1.000000e+00
1.000000e+00
1.000000e+00
1.000000e+00
1.000000e+00
1.000000e+00
1.000000e+00
1.000000e+00
1.000000e+00
1.000000e+00
1.000000e+00
1.000000e+00
1.000000e+00
1.000000e+00
1.000000e+00
1.000000e+00
1.000000e+00
1.000000e+00
1.000000e+00
1.000000e+00
1.000000e+00
1.000000e+00
1.000000e+00
1.000000e+00
1.000000e+00
1.000000e+00
1.000000e+00
1.000000e+00
1.000000e+00
1.000000e+00
1.000000e+00
1.000000e+00
1.000000e+00
1.000000e+00
1.000000e+00
1.000000e+00
1.000000e+00
1.000000e+00
1.000000e+00
1.000000e+00
1.000000e+00
1.000000e+00
1.000000e+00
1.000000e+00
1.000000e+00
1.000000e+00
1.000000e+00
1.000000e+00
1.000000e+00
1.000000e+00
1.000000e+00
1.000000e+00
1.000000e+00
1.000000e+00
1.000000e+00
1.000000e+00
1.000000e+00
1.000000e+00
1.000000e+00
1.000000e+00
1.000000e+00
1.000000e+00
1.000000e+00
1.000000e+00
1.000000e+00
1.000000e+00
1.000000e+00
1.000000e+00
1.000000e+00
1.000000e+00
1.000000e+00
1.000000e+00
1.000000e+00
1.000000e+00
1.000000e+00
1.000000e+00
1.000000e+00
1.000000e+00
1.000000e+00
1.000000e+00
1.000000e+00
1.000000e+00
1.000000e+00
1.000000e+00
1.000000e+00
1.000000e+00
1.000000e+00
1.000000e+00
9.999999e-01
9.999999e-01
9.999998e-01
9.999996e-01
9.999993e-01
9.999987e-01
9.999977e-01
9.999960e-01
9.999927e-01
9.999868e-01
9.999758e-01
9.999555e-01
9.999179e-01
9.998484e-01
9.997212e-01
9.994910e-01
9.990824e-01
9.983746e-01
9.971855e-01
9.952580e-01
9.922582e-01
9.877891e-01
9.814267e-01
9.727705e-01
9.615052e-01
9.474408e-01
9.305416e-01
9.109141e-01
8.888072e-01
8.645486e-01
8.385253e-01
8.111364e-01
7.828006e-01
7.539052e-01
7.247760e-01
6.957670e-01
6.671618e-01
6.391698e-01
6.120489e-01
5.859935e-01
5.610725e-01
5.374825e-01
5.152008e-01
4.943414e-01
4.748629e-01
4.566833e-01
4.396621e-01
4.236854e-01
4.085496e-01
3.941321e-01
3.802263e-01
3.666724e-01
3.533016e-01
3.399840e-01
3.266020e-01
3.130680e-01
2.993256e-01
2.853482e-01
2.711479e-01
2.567921e-01
2.423917e-01
2.281149e-01
2.141836e-01
2.008566e-01
1.884023e-01
1.770702e-01
1.670517e-01
1.584463e-01
1.512563e-01
1.453968e-01
1.407203e-01
1.370486e-01
1.341993e-01
1.320060e-01
1.303255e-01
1.290420e-01
1.280628e-01
1.273171e-01
1.267493e-01
1.263178e-01
1.259900e-01
1.257418e-01
1.255539e-01
1.254123e-01
1.253057e-01
1.252259e-01
1.251662e-01
1.251218e-01
1.250888e-01
1.250645e-01
1.250467e-01
1.250336e-01
1.250241e-01
1.250172e-01
1.250122e-01
1.250086e-01
1.250061e-01
1.250042e-01
1.250030e-01
1.250020e-01
1.250014e-01
1.250010e-01
1.250007e-01
1.250004e-01
1.250003e-01
1.250002e-01
1.250001e-01
1.250001e-01
1.250001e-01
1.250000e-01
1.250000e-01
1.250000e-01
1.250000e-01
1.250000e-01
1.250000e-01
1.250000e-01
1.250000e-01
1.250000e-01
1.250000e-01
1.250000e-01
1.250000e-01
1.250000e-01
1.250000e-01
1.250000e-01
1.250000e-01
1.250000e-01
1.250000e-01
1.250000e-01
1.250000e-01
1.250000e-01
1.250000e-01
1.250000e-01
1.250000e-01
1.250000e-01
1.250000e-01
1.250000e-01
1.250000e-01
1.250000e-01
1.250000e-01
1.250000e-01
1.250000e-01
1.250000e-01
1.250000e-01
1.250000e-01
1.250000e-01
1.250000e-01
1.250000e-01
1.250000e-01
1.250000e-01
1.250000e-01
1.250000e-01
1.250000e-01
1.250000e-01
1.250000e-01
1.250000e-01
1.250000e-01
1.250000e-01
1.250000e-01
1.250000e-01
1.250000e-01
1.250000e-01
1.250000e-01
1.250000e-01
1.250000e-01
1.250000e-01
1.250000e-01
1.250000e-01
1.250000e-01
1.250000e-01
1.250000e-01
1.250000e-01
1.250000e-01
1.250000e-01
1.250000e-01
1.250000e-01
1.250000e-01
1.250000e-01
1.250000e-01
1.250000e-01
1.250000e-01
1.250000e-01
1.250000e-01
1.250000e-01
1.250000e-01
1.250000e-01
1.250000e-01
1.250000e-01
1.250000e-01
1.250000e-01
1.250000e-01
1.250000e-01
1.250000e-01
1.250000e-01
1.250000e-01
1.250000e-01
1.250000e-01
1.250000e-01
1.250000e-01
1.250000e-01
1.250000e-01
1.250000e-01
1.250000e-01
1.250000e-01
1.250000e-01
1.250000e-01
1.250000e-01
1.250000e-01
1.250000e-01
1.250000e-01
1.250000e-01
1.250000e-01
1.250000e-01
1.250000e-01
1.250000e-01
1.250000e-01
1.250000e-01
1.250000e-01
1.250000e-01
1.250000e-01
1.250000e-01
1.250000e-01
1.250000e-01
1.250000e-01
1.250000e-01
1.250000e-01
1.250000e-01
1.250000e-01
1.250000e-01
1.250000e-01
1.250000e-01
1.250000e-01
1.250000e-01
1.250000e-01
1.250001e-01
1.250001e-01
1.250002e-01
1.250002e-01
1.250003e-01
1.250005e-01
1.250007e-01
1.250010e-01
1.250015e-01
1.250022e-01
1.250031e-01
1.250044e-01
1.250063e-01
1.250089e-01
1.250125e-01
1.250176e-01
1.250246e-01
1.250343e-01
1.250475e-01
1.250655e-01
1.250900e-01
1.251232e-01
1.251679e-01
1.252280e-01
1.253084e-01
1.254155e-01
1.255580e-01
1.257469e-01
1.259966e-01
1.263259e-01
1.267594e-01
1.273291e-01
1.280768e-01
1.290569e-01
1.303400e-01
1.320165e-01
1.342007e-01
1.370327e-01
1.406769e-01
1.453143e-01
1.511248e-01
1.582606e-01
1.668144e-01
1.767915e-01
1.880964e-01
2.005409e-01
2.138766e-01
2.278301e-01
2.421346e-01
2.565651e-01
2.709479e-01
2.851683e-01
2.991607e-01
3.129124e-01
3.264488e-01
3.398297e-01
3.531441e-01
3.665147e-01
3.800730e-01
3.939768e-01
4.084027e-01
4.235623e-01
4.395680e-01
4.566406e-01
4.748668e-01
4.944067e-01
