5.030718e-01
5.180630e-01
5.338397e-01
5.504206e-01
5.677777e-01
5.858935e-01
6.046843e-01
6.241351e-01
6.441669e-01
6.647237e-01
6.856971e-01
7.070165e-01
7.285743e-01
7.502584e-01
7.719285e-01
7.934549e-01
8.146797e-01
8.354343e-01
8.555431e-01
8.748070e-01
8.930418e-01
9.100580e-01
9.256820e-01
9.397675e-01
9.522017e-01
9.629276e-01
9.719448e-01
9.793150e-01
9.851591e-01
9.896466e-01
9.929784e-01
9.953693e-01
9.970272e-01
9.981389e-01
9.988612e-01
9.993167e-01
9.995966e-01
9.997647e-01
9.998639e-01
9.999216e-01
9.999549e-01
9.999740e-01
9.999849e-01
9.999912e-01
9.999948e-01
9.999969e-01
9.999982e-01
9.999989e-01
9.999993e-01
9.999996e-01
9.999997e-01
9.999998e-01
9.999999e-01
9.999999e-01
1.000000e+00
1.000000e+00
1.000000e+00
1.000000e+00
1.000000e+00
1.000000e+00
1.000000e+00
1.000000e+00
1.000000e+00
1.000000e+00
1.000000e+00
1.000000e+00
1.000000e+00
1.000000e+00
1.000000e+00
1.000000e+00
1.000000e+00
1.000000e+00
1.000000e+00
1.000000e+00
1.000000e+00
1.000000e+00
1.000000e+00
1.000000e+00
1.000000e+00
1.000000e+00
1.000000e+00
1.000000e+00
1.000000e+00
1.000000e+00
1.000000e+00
1.000000e+00
1.000000e+00
1.000000e+00
1.000000e+00
1.000000e+00
1.000000e+00
1.000000e+00
1.000000e+00
1.000000e+00
1.000000e+00
1.000000e+00
1.000000e+00
1.000000e+00
1.000000e+00
1.000000e+00
1.000000e+00
1.000000e+00
1.000000e+00
1.000000e+00
1.000000e+00
1.000000e+00
1.000000e+00
1.000000e+00
1.000000e+00
1.000000e+00
1.000000e+00
1.000000e+00
1.000000e+00
1.000000e+00
1.000000e+00
1.000000e+00
1.000000e+00
1.000000e+00
1.000000e+00
1.000000e+00
1.000000e+00
1.000000e+00
1.000000e+00
1.000000e+00
1.000000e+00
1.000000e+00
1.000000e+00
1.000000e+00
1.000000e+00
1.000000e+00
1.000000e+00
1.000000e+00
1.000000e+00
1.000000e+00
1.000000e+00
1.000000e+00
1.000000e+00
1.000000e+00
1.000000e+00
1.000000e+00
1.000000e+00
1.000000e+00
1.000000e+00
1.000000e+00
1.000000e+00
1.000000e+00
1.000000e+00
1.000000e+00
1.000000e+00
1.000000e+00
1.000000e+00
1.000000e+00
1.000000e+00
1.000000e+00
1.000000e+00
1.000000e+00
1.000000e+00
1.000000e+00
1.000000e+00
1.000000e+00
1.000000e+00
1.000000e+00
1.000000e+00
1.000000e+00
1.000000e+00
1.000000e+00
1.000000e+00
1.000000e+00
1.000000e+00
1.000000e+00
1.000000e+00
1.000000e+00
1.000000e+00
1.000000e+00
1.000000e+00
1.000000e+00
1.000000e+00
1.000000e+00
1.000000e+00
1.000000e+00
1.000000e+00
1.000000e+00
1.000000e+00
1.000000e+00
1.000000e+00
1.000000e+00
1.000000e+00
1.000000e+00
1.000000e+00
1.000000e+00
1.000000e+00
1.000000e+00
1.000000e+00
1.000000e+00
1.000000e+00
1.000000e+00
1.000000e+00
1.000000e+00
1.000000e+00
1.000000e+00
1.000000e+00
1.000000e+00
9.999999e-01
9.999999e-01
9.999998e-01
9.999997e-01
9.999995e-01
9.999991e-01
9.999986e-01
9.999976e-01
9.999960e-01
9.999933e-01
9.999887e-01
9.999808e-01
9.999672e-01
9.999440e-01
9.999045e-01
9.998377e-01
9.997259e-01
9.995410e-01
9.992403e-01
9.987611e-01
9.980145e-01
9.968811e-01
9.952083e-01
9.928133e-01
9.894903e-01
9.850250e-01
9.792139e-01
9.718828e-01
9.629048e-01
9.522125e-01
9.398013e-01
9.257265e-01
9.100990e-01
8.930666e-01
8.748051e-01
8.555063e-01
8.353580e-01
8.145619e-01
7.932969e-01
7.717339e-01
7.500317e-01
7.283230e-01
7.067469e-01
6.854173e-01
6.644412e-01
6.438887e-01
6.238663e-01
6.044330e-01
5.856628e-01
5.675728e-01
5.502423e-01
5.336924e-01
5.179467e-01
5.029949e-01
4.888413e-01
4.754874e-01
4.628659e-01
4.509651e-01
4.397168e-01
4.290320e-01
4.188814e-01
4.091333e-01
3.997462e-01
3.906369e-01
3.817101e-01
3.729191e-01
3.641861e-01
3.554809e-01
3.467432e-01
3.379549e-01
3.290741e-01
3.200878e-01
3.109675e-01
3.016899e-01
2.922395e-01
2.825954e-01
2.727462e-01
2.626882e-01
2.524385e-01
2.420310e-01
2.315277e-01
2.210201e-01
2.106286e-01
2.004976e-01
1.907833e-01
1.816432e-01
1.732137e-01
1.655984e-01
1.588572e-01
1.530034e-01
1.480074e-01
1.438063e-01
1.403161e-01
1.374433e-01
1.350944e-01
1.331826e-01
1.316310e-01
1.303732e-01
1.293545e-01
1.285293e-01
1.278603e-01
1.273182e-01
1.268785e-01
1.265212e-01
1.262316e-01
1.259965e-01
1.258052e-01
1.256505e-01
1.255248e-01
1.254225e-01
1.253402e-01
1.252734e-01
1.252191e-01
1.251757e-01
1.251404e-01
1.251119e-01
1.250894e-01
1.250710e-01
1.250563e-01
1.250447e-01
1.250353e-01
1.250278e-01
1.250219e-01
1.250172e-01
1.250135e-01
1.250106e-01
1.250082e-01
1.250064e-01
1.250050e-01
1.250038e-01
1.250030e-01
1.250023e-01
1.250018e-01
1.250014e-01
1.250010e-01
1.250008e-01
1.250006e-01
1.250005e-01
1.250003e-01
1.250003e-01
1.250002e-01
1.250001e-01
1.250001e-01
1.250001e-01
1.250001e-01
1.250000e-01
1.250000e-01
1.250000e-01
1.250000e-01
1.250000e-01
1.250000e-01
1.250000e-01
1.250000e-01
1.250000e-01
1.250000e-01
1.250000e-01
1.250000e-01
1.250000e-01
1.250000e-01
1.250000e-01
1.250000e-01
1.250000e-01
1.250000e-01
1.250000e-01
1.250000e-01
1.250000e-01
1.250000e-01
1.250000e-01
1.250000e-01
1.250000e-01
1.250000e-01
1.250000e-01
1.250000e-01
1.250000e-01
1.250000e-01
1.250000e-01
1.250000e-01
1.250000e-01
1.250000e-01
1.250000e-01
1.250000e-01
1.250000e-01
1.250000e-01
1.250000e-01
1.250000e-01
1.250000e-01
1.250000e-01
1.250000e-01
1.250000e-01
1.250000e-01
1.250000e-01
1.250000e-01
1.250000e-01
1.250000e-01
1.250000e-01
1.250000e-01
1.250000e-01
1.250000e-01
1.250000e-01
1.250000e-01
1.250000e-01
1.250000e-01
1.250000e-01
1.250000e-01
1.250000e-01
1.250000e-01
1.250000e-01
1.250000e-01
1.250000e-01
1.250000e-01
1.250000e-01
1.250000e-01
1.250000e-01
1.250000e-01
1.250000e-01
1.250000e-01
1.250000e-01
1.250000e-01
1.250000e-01
1.250001e-01
1.250001e-01
1.250001e-01
1.250002e-01
1.250002e-01
1.250003e-01
1.250004e-01
1.250005e-01
1.250006e-01
1.250008e-01
1.250011e-01
1.250014e-01
1.250018e-01
1.250023e-01
1.250030e-01
1.250039e-01
1.250050e-01
1.250065e-01
1.250083e-01
1.250106e-01
1.250136e-01
1.250173e-01
1.250221e-01
1.250280e-01
1.250355e-01
1.250449e-01
1.250566e-01
1.250713e-01
1.250896e-01
1.251125e-01
1.251409e-01
1.251762e-01
1.252200e-01
1.252742e-01
1.253413e-01
1.254242e-01
1.255265e-01
1.256527e-01
1.258083e-01
1.259999e-01
1.262359e-01
1.265265e-01
1.268844e-01
1.273253e-01
1.278684e-01
1.285379e-01
1.293635e-01
1.303817e-01
1.316374e-01
1.331852e-01
1.350897e-01
1.374272e-01
1.402834e-01
1.437508e-01
1.479230e-01
1.528853e-01
1.587028e-01
1.654089e-01
1.729941e-01
1.814019e-01
1.905305e-01
2.002427e-01
2.103812e-01
2.207883e-01
2.313160e-01
2.418410e-01
2.522691e-01
2.625368e-01
2.726098e-01
2.824709e-01
2.921230e-01
3.015782e-01
3.108568e-01
3.199767e-01
3.289623e-01
3.378386e-01
3.466223e-01
3.553572e-01
3.640575e-01
3.727884e-01
3.815779e-01
3.905077e-01
3.996233e-01
4.090159e-01
4.187786e-01
4.289446e-01
4.396550e-01
4.509276e-01
4.628565e-01
4.755106e-01
4.888937e-01
