5.191862e-01
5.442294e-01
5.707725e-01
5.988106e-01
6.280757e-01
6.584284e-01
6.895269e-01
7.210985e-01
7.527801e-01
7.841243e-01
8.147130e-01
8.440687e-01
8.716685e-01
8.970455e-01
9.197599e-01
9.394566e-01
9.559355e-01
9.691684e-01
9.793209e-01
9.867289e-01
9.918564e-01
9.952168e-01
9.973023e-01
9.985316e-01
9.992231e-01
9.995971e-01
9.997934e-01
9.998944e-01
9.999458e-01
9.999719e-01
9.999853e-01
9.999922e-01
9.999958e-01
9.999977e-01
9.999987e-01
9.999993e-01
9.999996e-01
9.999998e-01
9.999999e-01
9.999999e-01
1.000000e+00
1.000000e+00
1.000000e+00
1.000000e+00
1.000000e+00
1.000000e+00
1.000000e+00
1.000000e+00
1.000000e+00
1.000000e+00
1.000000e+00
1.000000e+00
1.000000e+00
1.000000e+00
1.000000e+00
1.000000e+00
1.000000e+00
1.000000e+00
1.000000e+00
1.000000e+00
1.000000e+00
1.000000e+00
1.000000e+00
1.000000e+00
1.000000e+00
1.000000e+00
1.000000e+00
1.000000e+00
1.000000e+00
1.000000e+00
1.000000e+00
1.000000e+00
1.000000e+00
1.000000e+00
1.000000e+00
1.000000e+00
1.000000e+00
1.000000e+00
1.000000e+00
1.000000e+00
1.000000e+00
1.000000e+00
1.000000e+00
1.000000e+00
1.000000e+00
1.000000e+00
1.000000e+00
1.000000e+00
1.000000e+00
1.000000e+00
1.000000e+00
1.000000e+00
1.000000e+00
1.000000e+00
1.000000e+00
1.000000e+00
1.000000e+00
1.000000e+00
1.000000e+00
1.000000e+00
1.000000e+00
1.000000e+00
1.000000e+00
1.000000e+00
1.000000e+00
1.000000e+00
1.000000e+00
1.000000e+00
1.000000e+00
1.000000e+00
1.000000e+00
1.000000e+00
1.000000e+00
1.000000e+00
1.000000e+00
1.000000e+00
1.000000e+00
1.000000e+00
1.000000e+00
1.000000e+00
1.000000e+00
1.000000e+00
1.000000e+00
1.000000e+00
1.000000e+00
1.000000e+00
1.000000e+00
1.000000e+00
1.000000e+00
1.000000e+00
1.000000e+00
1.000000e+00
1.000000e+00
1.000000e+00
1.000000e+00
1.000000e+00
1.000000e+00
1.000000e+00
1.000000e+00
1.000000e+00
1.000000e+00
1.000000e+00
1.000000e+00
1.000000e+00
1.000000e+00
1.000000e+00
1.000000e+00
1.000000e+00
1.000000e+00
1.000000e+00
1.000000e+00
1.000000e+00
1.000000e+00
1.000000e+00
1.000000e+00
1.000000e+00
1.000000e+00
1.000000e+00
1.000000e+00
1.000000e+00
1.000000e+00
1.000000e+00
1.000000e+00
1.000000e+00
1.000000e+00
1.000000e+00
1.000000e+00
1.000000e+00
1.000000e+00
1.000000e+00
1.000000e+00
1.000000e+00
1.000000e+00
1.000000e+00
1.000000e+00
1.000000e+00
1.000000e+00
1.000000e+00
1.000000e+00
1.000000e+00
1.000000e+00
1.000000e+00
1.000000e+00
1.000000e+00
1.000000e+00
1.000000e+00
1.000000e+00
1.000000e+00
1.000000e+00
1.000000e+00
1.000000e+00
1.000000e+00
1.000000e+00
1.000000e+00
1.000000e+00
1.000000e+00
1.000000e+00
1.000000e+00
1.000000e+00
1.000000e+00
1.000000e+00
1.000000e+00
1.000000e+00
1.000000e+00
1.000000e+00
1.000000e+00
1.000000e+00
1.000000e+00
1.000000e+00
1.000000e+00
1.000000e+00
1.000000e+00
1.000000e+00
1.000000e+00
1.000000e+00
9.999999e-01
9.999999e-01
9.999998e-01
9.999997e-01
9.999995e-01
9.999991e-01
9.999983e-01
9.999969e-01
9.999943e-01
9.999894e-01
9.999802e-01
9.999628e-01
9.999295e-01
9.998661e-01
9.997465e-01
9.995229e-01
9.991131e-01
9.983803e-01
9.971122e-01
9.950011e-01
9.916405e-01
9.865434e-01
9.791925e-01
9.691105e-01
9.559427e-01
9.395066e-01
9.198197e-01
8.970820e-01
8.716526e-01
8.439810e-01
8.145467e-01
7.838826e-01
7.524760e-01
7.207510e-01
6.891582e-01
6.580591e-01
6.277308e-01
5.985029e-01
5.705192e-01
5.440299e-01
5.190783e-01
4.957561e-01
4.740642e-01
4.539051e-01
4.350485e-01
4.173876e-01
4.006706e-01
3.846674e-01
3.691700e-01
3.539599e-01
3.388603e-01
3.237248e-01
3.084364e-01
2.929461e-01
2.772457e-01
2.614017e-01
2.455458e-01
2.298806e-01
2.146748e-01
2.002389e-01
1.868896e-01
1.749092e-01
1.644980e-01
1.557358e-01
1.485806e-01
1.428909e-01
1.384632e-01
1.350733e-01
1.325071e-01
1.305782e-01
1.291350e-01
1.280579e-01
1.272558e-01
1.266592e-01
1.262167e-01
1.258889e-01
1.256470e-01
1.254687e-01
1.253382e-01
1.252427e-01
1.251734e-01
1.251232e-01
1.250871e-01
1.250612e-01
1.250428e-01
1.250298e-01
1.250206e-01
1.250141e-01
1.250096e-01
1.250066e-01
1.250044e-01
1.250030e-01
1.250020e-01
1.250013e-01
1.250009e-01
1.250006e-01
1.250004e-01
1.250002e-01
1.250002e-01
1.250001e-01
1.250001e-01
1.250000e-01
1.250000e-01
1.250000e-01
1.250000e-01
1.250000e-01
1.250000e-01
1.250000e-01
1.250000e-01
1.250000e-01
1.250000e-01
1.250000e-01
1.250000e-01
1.250000e-01
1.250000e-01
1.250000e-01
1.250000e-01
1.250000e-01
1.250000e-01
1.250000e-01
1.250000e-01
1.250000e-01
1.250000e-01
1.250000e-01
1.250000e-01
1.250000e-01
1.250000e-01
1.250000e-01
1.250000e-01
1.250000e-01
1.250000e-01
1.250000e-01
1.250000e-01
1.250000e-01
1.250000e-01
1.250000e-01
1.250000e-01
1.250000e-01
1.250000e-01
1.250000e-01
1.250000e-01
1.250000e-01
1.250000e-01
1.250000e-01
1.250000e-01
1.250000e-01
1.250000e-01
1.250000e-01
1.250000e-01
1.250000e-01
1.250000e-01
1.250000e-01
1.250000e-01
1.250000e-01
1.250000e-01
1.250000e-01
1.250000e-01
1.250000e-01
1.250000e-01
1.250000e-01
1.250000e-01
1.250000e-01
1.250000e-01
1.250000e-01
1.250000e-01
1.250000e-01
1.250000e-01
1.250000e-01
1.250000e-01
1.250000e-01
1.250000e-01
1.250000e-01
1.250000e-01
1.250000e-01
1.250000e-01
1.250000e-01
1.250000e-01
1.250000e-01
1.250000e-01
1.250000e-01
1.250000e-01
1.250000e-01
1.250000e-01
1.250000e-01
1.250000e-01
1.250000e-01
1.250000e-01
1.250000e-01
1.250000e-01
1.250000e-01
1.250000e-01
1.250000e-01
1.250000e-01
1.250000e-01
1.250000e-01
1.250000e-01
1.250000e-01
1.250000e-01
1.250000e-01
1.250000e-01
1.250000e-01
1.250000e-01
1.250000e-01
1.250000e-01
1.250000e-01
1.250000e-01
1.250000e-01
1.250000e-01
1.250000e-01
1.250000e-01
1.250000e-01
1.250000e-01
1.250000e-01
1.250000e-01
1.250000e-01
1.250000e-01
1.250000e-01
1.250000e-01
1.250000e-01
1.250000e-01
1.250000e-01
1.250000e-01
1.250000e-01
1.250000e-01
1.250000e-01
1.250000e-01
1.250000e-01
1.250000e-01
1.250000e-01
1.250000e-01
1.250000e-01
1.250000e-01
1.250000e-01
1.250000e-01
1.250000e-01
1.250000e-01
1.250000e-01
1.250001e-01
1.250001e-01
1.250002e-01
1.250003e-01
1.250004e-01
1.250006e-01
1.250009e-01
1.250014e-01
1.250021e-01
1.250031e-01
1.250047e-01
1.250069e-01
1.250101e-01
1.250146e-01
1.250212e-01
1.250306e-01
1.250438e-01
1.250625e-01
1.250887e-01
1.251252e-01
1.251758e-01
1.252458e-01
1.253419e-01
1.254735e-01
1.256528e-01
1.258964e-01
1.262261e-01
1.266710e-01
1.272700e-01
1.280745e-01
1.291528e-01
1.305949e-01
1.325179e-01
1.350707e-01
1.384361e-01
1.428258e-01
1.484643e-01
1.555595e-01
1.642616e-01
1.746218e-01
1.865668e-01
1.999018e-01
2.143457e-01
2.295760e-01
2.452721e-01
2.611608e-01
2.770354e-01
2.927566e-01
3.082604e-01
3.235560e-01
3.386935e-01
3.537912e-01
3.690007e-01
3.845028e-01
4.005172e-01
4.172482e-01
4.349390e-01
4.538420e-01
4.740587e-01
4.958252e-01
