5.080931e-01
5.258675e-01
5.446109e-01
5.643794e-01
5.850792e-01
6.066354e-01
6.290122e-01
6.520826e-01
6.757359e-01
6.998456e-01
7.242639e-01
7.488293e-01
7.733362e-01
7.975941e-01
8.213739e-01
8.444352e-01
8.665121e-01
8.873477e-01
9.066865e-01
9.242928e-01
9.399749e-01
9.535927e-01
9.650932e-01
9.745063e-01
9.819522e-01
9.876300e-01
9.917952e-01
9.947320e-01
9.967216e-01
9.980180e-01
9.988321e-01
9.993264e-01
9.996179e-01
9.997858e-01
9.998806e-01
9.999336e-01
9.999630e-01
9.999792e-01
9.999883e-01
9.999933e-01
9.999961e-01
9.999978e-01
9.999987e-01
9.999992e-01
9.999995e-01
9.999997e-01
9.999998e-01
9.999999e-01
9.999999e-01
1.000000e+00
1.000000e+00
1.000000e+00
1.000000e+00
1.000000e+00
1.000000e+00
1.000000e+00
1.000000e+00
1.000000e+00
1.000000e+00
1.000000e+00
1.000000e+00
1.000000e+00
1.000000e+00
1.000000e+00
1.000000e+00
1.000000e+00
1.000000e+00
1.000000e+00
1.000000e+00
1.000000e+00
1.000000e+00
1.000000e+00
1.000000e+00
1.000000e+00
1.000000e+00
1.000000e+00
1.000000e+00
1.000000e+00
1.000000e+00
1.000000e+00
1.000000e+00
1.000000e+00
1.000000e+00
1.000000e+00
1.000000e+00
1.000000e+00
1.000000e+00
1.000000e+00
1.000000e+00
1.000000e+00
1.000000e+00
1.000000e+00
1.000000e+00
1.000000e+00
1.000000e+00
1.000000e+00
1.000000e+00
1.000000e+00
1.000000e+00
1.000000e+00
1.000000e+00
1.000000e+00
1.000000e+00
1.000000e+00
1.000000e+00
1.000000e+00
1.000000e+00
1.000000e+00
1.000000e+00
1.000000e+00
1.000000e+00
1.000000e+00
1.000000e+00
1.000000e+00
1.000000e+00
1.000000e+00
1.000000e+00
1.000000e+00
1.000000e+00
1.000000e+00
1.000000e+00
1.000000e+00
1.000000e+00
1.000000e+00
1.000000e+00
1.000000e+00
1.000000e+00
1.000000e+00
1.000000e+00
1.000000e+00
1.000000e+00
1.000000e+00
1.000000e+00
1.000000e+00
1.000000e+00
1.000000e+00
1.000000e+00
1.000000e+00
1.000000e+00
1.000000e+00
1.000000e+00
1.000000e+00
1.000000e+00
1.000000e+00
1.000000e+00
1.000000e+00
1.000000e+00
1.000000e+00
1.000000e+00
1.000000e+00
1.000000e+00
1.000000e+00
1.000000e+00
1.000000e+00
1.000000e+00
1.000000e+00
1.000000e+00
1.000000e+00
1.000000e+00
1.000000e+00
1.000000e+00
1.000000e+00
1.000000e+00
1.000000e+00
1.000000e+00
1.000000e+00
1.000000e+00
1.000000e+00
1.000000e+00
1.000000e+00
1.000000e+00
1.000000e+00
1.000000e+00
1.000000e+00
1.000000e+00
1.000000e+00
1.000000e+00
1.000000e+00
1.000000e+00
1.000000e+00
1.000000e+00
1.000000e+00
1.000000e+00
1.000000e+00
1.000000e+00
1.000000e+00
1.000000e+00
1.000000e+00
1.000000e+00
1.000000e+00
1.000000e+00
1.000000e+00
1.000000e+00
1.000000e+00
1.000000e+00
1.000000e+00
1.000000e+00
1.000000e+00
1.000000e+00
1.000000e+00
1.000000e+00
1.000000e+00
1.000000e+00
1.000000e+00
1.000000e+00
1.000000e+00
9.999999e-01
9.999999e-01
9.999999e-01
9.999998e-01
9.999996e-01
9.999994e-01
9.999990e-01
9.999983e-01
9.999971e-01
9.999950e-01
9.999913e-01
9.999848e-01
9.999733e-01
9.999531e-01
9.999174e-01
9.998548e-01
9.997459e-01
9.995589e-01
9.992430e-01
9.987205e-01
9.978774e-01
9.965564e-01
9.945522e-01
9.916162e-01
9.874696e-01
9.818264e-01
9.744263e-01
9.650615e-01
9.536031e-01
9.400139e-01
9.243430e-01
9.067291e-01
8.873658e-01
8.664922e-01
8.443677e-01
8.212555e-01
7.974244e-01
7.731204e-01
7.485740e-01
7.239797e-01
6.995420e-01
6.754251e-01
6.517734e-01
6.287153e-01
6.063611e-01
5.848317e-01
5.641631e-01
5.444358e-01
5.257297e-01
5.080056e-01
4.912940e-01
4.755858e-01
4.608045e-01
4.469375e-01
4.338271e-01
4.214539e-01
4.096501e-01
3.983425e-01
3.873977e-01
3.767314e-01
3.662253e-01
3.558072e-01
3.453937e-01
3.349252e-01
3.243493e-01
3.136168e-01
3.026935e-01
2.915584e-01
2.801959e-01
2.686078e-01
2.568245e-01
2.448997e-01
2.329226e-01
2.210202e-01
2.093552e-01
1.981152e-01
1.874959e-01
1.776839e-01
1.688273e-01
1.610195e-01
1.542919e-01
1.486151e-01
1.439110e-01
1.400703e-01
1.369699e-01
1.344871e-01
1.325100e-01
1.309403e-01
1.296964e-01
1.287116e-01
1.279316e-01
1.273144e-01
1.268255e-01
1.264384e-01
1.261324e-01
1.258897e-01
1.256984e-01
1.255470e-01
1.254275e-01
1.253337e-01
1.252595e-01
1.252017e-01
1.251562e-01
1.251206e-01
1.250931e-01
1.250714e-01
1.250548e-01
1.250419e-01
1.250318e-01
1.250242e-01
1.250183e-01
1.250139e-01
1.250104e-01
1.250078e-01
1.250059e-01
1.250044e-01
1.250032e-01
1.250024e-01
1.250018e-01
1.250013e-01
1.250010e-01
1.250007e-01
1.250005e-01
1.250004e-01
1.250003e-01
1.250002e-01
1.250001e-01
1.250001e-01
1.250001e-01
1.250001e-01
1.250000e-01
1.250000e-01
1.250000e-01
1.250000e-01
1.250000e-01
1.250000e-01
1.250000e-01
1.250000e-01
1.250000e-01
1.250000e-01
1.250000e-01
1.250000e-01
1.250000e-01
1.250000e-01
1.250000e-01
1.250000e-01
1.250000e-01
1.250000e-01
1.250000e-01
1.250000e-01
1.250000e-01
1.250000e-01
1.250000e-01
1.250000e-01
1.250000e-01
1.250000e-01
1.250000e-01
1.250000e-01
1.250000e-01
1.250000e-01
1.250000e-01
1.250000e-01
1.250000e-01
1.250000e-01
1.250000e-01
1.250000e-01
1.250000e-01
1.250000e-01
1.250000e-01
1.250000e-01
1.250000e-01
1.250000e-01
1.250000e-01
1.250000e-01
1.250000e-01
1.250000e-01
1.250000e-01
1.250000e-01
1.250000e-01
1.250000e-01
1.250000e-01
1.250000e-01
1.250000e-01
1.250000e-01
1.250000e-01
1.250000e-01
1.250000e-01
1.250000e-01
1.250000e-01
1.250000e-01
1.250000e-01
1.250000e-01
1.250000e-01
1.250000e-01
1.250000e-01
1.250000e-01
1.250000e-01
1.250000e-01
1.250000e-01
1.250000e-01
1.250000e-01
1.250000e-01
1.250000e-01
1.250000e-01
1.250000e-01
1.250000e-01
1.250000e-01
1.250000e-01
1.250000e-01
1.250000e-01
1.250000e-01
1.250000e-01
1.250000e-01
1.250000e-01
1.250000e-01
1.250000e-01
1.250000e-01
1.250000e-01
1.250000e-01
1.250000e-01
1.250000e-01
1.250000e-01
1.250000e-01
1.250000e-01
1.250000e-01
1.250000e-01
1.250001e-01
1.250001e-01
1.250001e-01
1.250001e-01
1.250002e-01
1.250003e-01
1.250004e-01
1.250005e-01
1.250007e-01
1.250010e-01
1.250013e-01
1.250018e-01
1.250025e-01
1.250033e-01
1.250045e-01
1.250060e-01
1.250080e-01
1.250106e-01
1.250140e-01
1.250186e-01
1.250245e-01
1.250322e-01
1.250422e-01
1.250552e-01
1.250720e-01
1.250936e-01
1.251214e-01
1.251571e-01
1.252027e-01
1.252610e-01
1.253352e-01
1.254296e-01
1.255495e-01
1.257015e-01
1.258939e-01
1.261372e-01
1.264446e-01
1.268329e-01
1.273231e-01
1.279417e-01
1.287224e-01
1.297075e-01
1.309500e-01
1.325159e-01
1.344857e-01
1.369555e-01
1.400363e-01
1.438495e-01
1.485182e-01
1.541540e-01
1.608387e-01
1.686069e-01
1.774326e-01
1.872252e-01
1.978369e-01
2.090821e-01
2.207629e-01
2.326875e-01
2.446891e-01
2.566375e-01
2.684408e-01
2.800448e-01
2.914196e-01
3.025623e-01
3.134894e-01
3.242215e-01
3.347959e-01
3.452621e-01
3.556697e-01
3.660823e-01
3.765898e-01
3.872537e-01
3.982079e-01
4.095209e-01
4.213466e-01
4.337375e-01
4.468805e-01
4.607790e-01
4.756041e-01
4.913514e-01
