5.186159e-01
5.432507e-01
5.693566e-01
5.969365e-01
6.257258e-01
6.556013e-01
6.862415e-01
7.173866e-01
7.486894e-01
7.797257e-01
8.100990e-01
8.393488e-01
8.669720e-01
8.925102e-01
9.155217e-01
9.356448e-01
9.526449e-01
9.664559e-01
9.771947e-01
9.851494e-01
9.907469e-01
9.944802e-01
9.968398e-01
9.982557e-01
9.990659e-01
9.995108e-01
9.997473e-01
9.998702e-01
9.999332e-01
9.999654e-01
9.999819e-01
9.999904e-01
9.999948e-01
9.999972e-01
9.999985e-01
9.999991e-01
9.999995e-01
9.999997e-01
9.999998e-01
9.999999e-01
9.999999e-01
1.000000e+00
1.000000e+00
1.000000e+00
1.000000e+00
1.000000e+00
1.000000e+00
1.000000e+00
1.000000e+00
1.000000e+00
1.000000e+00
1.000000e+00
1.000000e+00
1.000000e+00
1.000000e+00
1.000000e+00
1.000000e+00
1.000000e+00
1.000000e+00
1.000000e+00
1.000000e+00
1.000000e+00
1.000000e+00
1.000000e+00
1.000000e+00
1.000000e+00
1.000000e+00
1.000000e+00
1.000000e+00
1.000000e+00
1.000000e+00
1.000000e+00
1.000000e+00
1.000000e+00
1.000000e+00
1.000000e+00
1.000000e+00
1.000000e+00
1.000000e+00
1.000000e+00
1.000000e+00
1.000000e+00
1.000000e+00
1.000000e+00
1.000000e+00
1.000000e+00
1.000000e+00
1.000000e+00
1.000000e+00
1.000000e+00
1.000000e+00
1.000000e+00
1.000000e+00
1.000000e+00
1.000000e+00
1.000000e+00
1.000000e+00
1.000000e+00
1.000000e+00
1.000000e+00
1.000000e+00
1.000000e+00
1.000000e+00
1.000000e+00
1.000000e+00
1.000000e+00
1.000000e+00
1.000000e+00
1.000000e+00
1.000000e+00
1.000000e+00
1.000000e+00
1.000000e+00
1.000000e+00
1.000000e+00
1.000000e+00
1.000000e+00
1.000000e+00
1.000000e+00
1.000000e+00
1.000000e+00
1.000000e+00
1.000000e+00
1.000000e+00
1.000000e+00
1.000000e+00
1.000000e+00
1.000000e+00
1.000000e+00
1.000000e+00
1.000000e+00
1.000000e+00
1.000000e+00
1.000000e+00
1.000000e+00
1.000000e+00
1.000000e+00
1.000000e+00
1.000000e+00
1.000000e+00
1.000000e+00
1.000000e+00
1.000000e+00
1.000000e+00
1.000000e+00
1.000000e+00
1.000000e+00
1.000000e+00
1.000000e+00
1.000000e+00
1.000000e+00
1.000000e+00
1.000000e+00
1.000000e+00
1.000000e+00
1.000000e+00
1.000000e+00
1.000000e+00
1.000000e+00
1.000000e+00
1.000000e+00
1.000000e+00
1.000000e+00
1.000000e+00
1.000000e+00
1.000000e+00
1.000000e+00
1.000000e+00
1.000000e+00
1.000000e+00
1.000000e+00
1.000000e+00
1.000000e+00
1.000000e+00
1.000000e+00
1.000000e+00
1.000000e+00
1.000000e+00
1.000000e+00
1.000000e+00
1.000000e+00
1.000000e+00
1.000000e+00
1.000000e+00
1.000000e+00
1.000000e+00
1.000000e+00
1.000000e+00
1.000000e+00
1.000000e+00
1.000000e+00
1.000000e+00
1.000000e+00
1.000000e+00
1.000000e+00
1.000000e+00
1.000000e+00
1.000000e+00
1.000000e+00
1.000000e+00
1.000000e+00
1.000000e+00
1.000000e+00
1.000000e+00
1.000000e+00
1.000000e+00
1.000000e+00
1.000000e+00
1.000000e+00
1.000000e+00
1.000000e+00
1.000000e+00
1.000000e+00
1.000000e+00
1.000000e+00
9.999999e-01
9.999999e-01
9.999998e-01
9.999996e-01
9.999994e-01
9.999988e-01
9.999979e-01
9.999962e-01
9.999930e-01
9.999870e-01
9.999758e-01
9.999544e-01
9.999139e-01
9.998373e-01
9.996937e-01
9.994277e-01
9.989455e-01
9.980945e-01
9.966428e-01
9.942637e-01
9.905376e-01
9.849772e-01
9.770831e-01
9.664143e-01
9.526635e-01
9.356994e-01
9.155789e-01
8.925388e-01
8.669452e-01
8.392492e-01
8.099224e-01
7.794767e-01
7.483808e-01
7.170384e-01
6.858752e-01
6.552356e-01
6.253859e-01
5.966336e-01
5.691081e-01
5.430549e-01
5.185089e-01
4.955595e-01
4.741998e-01
4.543409e-01
4.357563e-01
4.183478e-01
4.018698e-01
3.861105e-01
3.708576e-01
3.559009e-01
3.410690e-01
3.262109e-01
3.112143e-01
2.960172e-01
2.806001e-01
2.650119e-01
2.493651e-01
2.338370e-01
2.186727e-01
2.041669e-01
1.906307e-01
1.783545e-01
1.675637e-01
1.583756e-01
1.507867e-01
1.446883e-01
1.398988e-01
1.362034e-01
1.333879e-01
1.312607e-01
1.296616e-01
1.284633e-01
1.275671e-01
1.268979e-01
1.263992e-01
1.260281e-01
1.257527e-01
1.255489e-01
1.253986e-01
1.252881e-01
1.252073e-01
1.251483e-01
1.251057e-01
1.250749e-01
1.250528e-01
1.250370e-01
1.250258e-01
1.250179e-01
1.250123e-01
1.250084e-01
1.250058e-01
1.250039e-01
1.250026e-01
1.250018e-01
1.250012e-01
1.250008e-01
1.250005e-01
1.250003e-01
1.250002e-01
1.250001e-01
1.250001e-01
1.250001e-01
1.250000e-01
1.250000e-01
1.250000e-01
1.250000e-01
1.250000e-01
1.250000e-01
1.250000e-01
1.250000e-01
1.250000e-01
1.250000e-01
1.250000e-01
1.250000e-01
1.250000e-01
1.250000e-01
1.250000e-01
1.250000e-01
1.250000e-01
1.250000e-01
1.250000e-01
1.250000e-01
1.250000e-01
1.250000e-01
1.250000e-01
1.250000e-01
1.250000e-01
1.250000e-01
1.250000e-01
1.250000e-01
1.250000e-01
1.250000e-01
1.250000e-01
1.250000e-01
1.250000e-01
1.250000e-01
1.250000e-01
1.250000e-01
1.250000e-01
1.250000e-01
1.250000e-01
1.250000e-01
1.250000e-01
1.250000e-01
1.250000e-01
1.250000e-01
1.250000e-01
1.250000e-01
1.250000e-01
1.250000e-01
1.250000e-01
1.250000e-01
1.250000e-01
1.250000e-01
1.250000e-01
1.250000e-01
1.250000e-01
1.250000e-01
1.250000e-01
1.250000e-01
1.250000e-01
1.250000e-01
1.250000e-01
1.250000e-01
1.250000e-01
1.250000e-01
1.250000e-01
1.250000e-01
1.250000e-01
1.250000e-01
1.250000e-01
1.250000e-01
1.250000e-01
1.250000e-01
1.250000e-01
1.250000e-01
1.250000e-01
1.250000e-01
1.250000e-01
1.250000e-01
1.250000e-01
1.250000e-01
1.250000e-01
1.250000e-01
1.250000e-01
1.250000e-01
1.250000e-01
1.250000e-01
1.250000e-01
1.250000e-01
1.250000e-01
1.250000e-01
1.250000e-01
1.250000e-01
1.250000e-01
1.250000e-01
1.250000e-01
1.250000e-01
1.250000e-01
1.250000e-01
1.250000e-01
1.250000e-01
1.250000e-01
1.250000e-01
1.250000e-01
1.250000e-01
1.250000e-01
1.250000e-01
1.250000e-01
1.250000e-01
1.250000e-01
1.250000e-01
1.250000e-01
1.250000e-01
1.250000e-01
1.250000e-01
1.250000e-01
1.250000e-01
1.250000e-01
1.250000e-01
1.250000e-01
1.250000e-01
1.250000e-01
1.250000e-01
1.250000e-01
1.250000e-01
1.250000e-01
1.250000e-01
1.250000e-01
1.250000e-01
1.250000e-01
1.250000e-01
1.250000e-01
1.250000e-01
1.250000e-01
1.250000e-01
1.250001e-01
1.250001e-01
1.250002e-01
1.250002e-01
1.250004e-01
1.250006e-01
1.250008e-01
1.250013e-01
1.250019e-01
1.250028e-01
1.250041e-01
1.250060e-01
1.250088e-01
1.250128e-01
1.250184e-01
1.250265e-01
1.250379e-01
1.250539e-01
1.250763e-01
1.251074e-01
1.251505e-01
1.252099e-01
1.252914e-01
1.254026e-01
1.255540e-01
1.257591e-01
1.260362e-01
1.264093e-01
1.269104e-01
1.275819e-01
1.284800e-01
1.296788e-01
1.312753e-01
1.333945e-01
1.361932e-01
1.398601e-01
1.446077e-01
1.506522e-01
1.581811e-01
1.673121e-01
1.780570e-01
1.903044e-01
2.038334e-01
2.183523e-01
2.335431e-01
2.491030e-01
2.647820e-01
2.803978e-01
2.958327e-01
3.110434e-01
3.260454e-01
3.409043e-01
3.557337e-01
3.706893e-01
3.859470e-01
4.017192e-01
4.182103e-01
4.356480e-01
4.542811e-01
4.741958e-01
4.956284e-01
