5.001580e-01
5.136762e-01
5.278922e-01
5.428067e-01
5.584086e-01
5.746748e-01
5.915706e-01
6.090711e-01
6.271220e-01
6.456778e-01
6.646903e-01
6.840750e-01
7.037786e-01
7.237186e-01
7.438022e-01
7.639370e-01
7.840067e-01
8.038996e-01
8.234840e-01
8.426177e-01
8.611555e-01
8.789320e-01
8.957946e-01
9.115858e-01
9.261605e-01
9.393926e-01
9.511861e-01
9.614806e-01
9.702652e-01
9.775763e-01
9.834991e-01
9.881615e-01
9.917232e-01
9.943607e-01
9.962539e-01
9.975711e-01
9.984604e-01
9.990439e-01
9.994167e-01
9.996493e-01
9.997916e-01
9.998771e-01
9.999279e-01
9.999577e-01
9.999752e-01
9.999854e-01
9.999914e-01
9.999949e-01
9.999969e-01
9.999981e-01
9.999989e-01
9.999993e-01
9.999996e-01
9.999997e-01
9.999998e-01
9.999999e-01
9.999999e-01
1.000000e+00
1.000000e+00
1.000000e+00
1.000000e+00
1.000000e+00
1.000000e+00
1.000000e+00
1.000000e+00
1.000000e+00
1.000000e+00
1.000000e+00
1.000000e+00
1.000000e+00
1.000000e+00
1.000000e+00
1.000000e+00
1.000000e+00
1.000000e+00
1.000000e+00
1.000000e+00
1.000000e+00
1.000000e+00
1.000000e+00
1.000000e+00
1.000000e+00
1.000000e+00
1.000000e+00
1.000000e+00
1.000000e+00
1.000000e+00
1.000000e+00
1.000000e+00
1.000000e+00
1.000000e+00
1.000000e+00
1.000000e+00
1.000000e+00
1.000000e+00
1.000000e+00
1.000000e+00
1.000000e+00
1.000000e+00
1.000000e+00
1.000000e+00
1.000000e+00
1.000000e+00
1.000000e+00
1.000000e+00
1.000000e+00
1.000000e+00
1.000000e+00
1.000000e+00
1.000000e+00
1.000000e+00
1.000000e+00
1.000000e+00
1.000000e+00
1.000000e+00
1.000000e+00
1.000000e+00
1.000000e+00
1.000000e+00
1.000000e+00
1.000000e+00
1.000000e+00
1.000000e+00
1.000000e+00
1.000000e+00
1.000000e+00
1.000000e+00
1.000000e+00
1.000000e+00
1.000000e+00
1.000000e+00
1.000000e+00
1.000000e+00
1.000000e+00
1.000000e+00
1.000000e+00
1.000000e+00
1.000000e+00
1.000000e+00
1.000000e+00
1.000000e+00
1.000000e+00
1.000000e+00
1.000000e+00
1.000000e+00
1.000000e+00
1.000000e+00
1.000000e+00
1.000000e+00
1.000000e+00
1.000000e+00
1.000000e+00
1.000000e+00
1.000000e+00
1.000000e+00
1.000000e+00
1.000000e+00
1.000000e+00
1.000000e+00
1.000000e+00
1.000000e+00
1.000000e+00
1.000000e+00
1.000000e+00
1.000000e+00
1.000000e+00
1.000000e+00
1.000000e+00
1.000000e+00
1.000000e+00
1.000000e+00
1.000000e+00
1.000000e+00
1.000000e+00
1.000000e+00
1.000000e+00
1.000000e+00
1.000000e+00
1.000000e+00
1.000000e+00
1.000000e+00
1.000000e+00
1.000000e+00
1.000000e+00
1.000000e+00
1.000000e+00
1.000000e+00
1.000000e+00
1.000000e+00
1.000000e+00
1.000000e+00
1.000000e+00
1.000000e+00
1.000000e+00
1.000000e+00
1.000000e+00
1.000000e+00
1.000000e+00
9.999999e-01
9.999999e-01
9.999999e-01
9.999998e-01
9.999997e-01
9.999994e-01
9.999991e-01
9.999985e-01
9.999976e-01
9.999960e-01
9.999934e-01
9.999890e-01
9.999815e-01
9.999690e-01
9.999479e-01
9.999126e-01
9.998541e-01
9.997578e-01
9.996013e-01
9.993509e-01
9.989575e-01
9.983520e-01
9.974418e-01
9.961078e-01
9.942054e-01
9.915688e-01
9.880195e-01
9.833802e-01
9.774887e-01
9.702128e-01
9.614625e-01
9.511971e-01
9.394238e-01
9.262014e-01
9.116249e-01
8.958212e-01
8.789372e-01
8.611320e-01
8.425609e-01
8.233913e-01
8.037713e-01
7.838444e-01
7.637445e-01
7.435831e-01
7.234791e-01
7.035247e-01
6.838122e-01
6.644248e-01
6.454150e-01
6.268666e-01
6.088282e-01
5.913458e-01
5.744688e-01
5.582253e-01
5.426485e-01
5.277610e-01
5.135714e-01
5.000862e-01
4.872961e-01
4.752019e-01
4.637458e-01
4.529118e-01
4.426662e-01
4.329200e-01
4.236428e-01
4.147699e-01
4.062039e-01
3.979086e-01
3.898051e-01
3.818326e-01
3.739523e-01
3.660999e-01
3.582552e-01
3.503835e-01
3.424587e-01
3.344690e-01
3.263980e-01
3.182318e-01
3.099565e-01
3.015517e-01
2.930034e-01
2.842895e-01
2.753924e-01
2.662987e-01
2.570059e-01
2.475262e-01
2.378911e-01
2.281564e-01
2.184043e-01
2.087423e-01
1.992982e-01
1.902108e-01
1.816192e-01
1.736457e-01
1.663859e-01
1.598992e-01
1.542058e-01
1.492892e-01
1.451025e-01
1.415787e-01
1.386399e-01
1.362056e-01
1.341987e-01
1.325493e-01
1.311962e-01
1.300865e-01
1.291771e-01
1.284314e-01
1.278193e-01
1.273168e-01
1.269042e-01
1.265646e-01
1.262853e-01
1.260559e-01
1.258666e-01
1.257108e-01
1.255830e-01
1.254776e-01
1.253906e-01
1.253196e-01
1.252611e-01
1.252127e-01
1.251735e-01
1.251413e-01
1.251146e-01
1.250930e-01
1.250755e-01
1.250609e-01
1.250492e-01
1.250398e-01
1.250320e-01
1.250256e-01
1.250207e-01
1.250165e-01
1.250132e-01
1.250105e-01
1.250084e-01
1.250066e-01
1.250053e-01
1.250042e-01
1.250033e-01
1.250026e-01
1.250021e-01
1.250016e-01
1.250013e-01
1.250010e-01
1.250008e-01
1.250006e-01
1.250005e-01
1.250004e-01
1.250003e-01
1.250002e-01
1.250002e-01
1.250001e-01
1.250001e-01
1.250001e-01
1.250001e-01
1.250000e-01
1.250000e-01
1.250000e-01
1.250000e-01
1.250000e-01
1.250000e-01
1.250000e-01
1.250000e-01
1.250000e-01
1.250000e-01
1.250000e-01
1.250000e-01
1.250000e-01
1.250000e-01
1.250000e-01
1.250000e-01
1.250000e-01
1.250000e-01
1.250000e-01
1.250000e-01
1.250000e-01
1.250000e-01
1.250000e-01
1.250000e-01
1.250000e-01
1.250000e-01
1.250000e-01
1.250000e-01
1.250000e-01
1.250000e-01
1.250000e-01
1.250000e-01
1.250000e-01
1.250000e-01
1.250000e-01
1.250000e-01
1.250000e-01
1.250000e-01
1.250000e-01
1.250000e-01
1.250000e-01
1.250000e-01
1.250000e-01
1.250000e-01
1.250000e-01
1.250000e-01
1.250000e-01
1.250000e-01
1.250000e-01
1.250000e-01
1.250000e-01
1.250000e-01
1.250000e-01
1.250000e-01
1.250000e-01
1.250000e-01
1.250000e-01
1.250000e-01
1.250001e-01
1.250001e-01
1.250001e-01
1.250001e-01
1.250002e-01
1.250002e-01
1.250003e-01
1.250004e-01
1.250005e-01
1.250006e-01
1.250008e-01
1.250010e-01
1.250013e-01
1.250016e-01
1.250021e-01
1.250026e-01
1.250034e-01
1.250042e-01
1.250053e-01
1.250067e-01
1.250085e-01
1.250106e-01
1.250133e-01
1.250166e-01
1.250207e-01
1.250258e-01
1.250321e-01
1.250399e-01
1.250494e-01
1.250612e-01
1.250756e-01
1.250933e-01
1.251150e-01
1.251415e-01
1.251740e-01
1.252135e-01
1.252617e-01
1.253205e-01
1.253920e-01
1.254790e-01
1.255847e-01
1.257132e-01
1.258693e-01
1.260590e-01
1.262894e-01
1.265693e-01
1.269095e-01
1.273232e-01
1.278264e-01
1.284390e-01
1.291852e-01
1.300943e-01
1.312024e-01
1.325529e-01
1.341972e-01
1.361959e-01
1.386181e-01
1.415399e-01
1.450413e-01
1.492006e-01
1.540860e-01
1.597464e-01
1.662015e-01
1.734345e-01
1.813885e-01
1.899698e-01
1.990554e-01
2.085060e-01
2.181817e-01
2.279521e-01
2.377070e-01
2.473619e-01
2.568593e-01
2.661674e-01
2.752734e-01
2.841792e-01
2.928988e-01
3.014507e-01
3.098554e-01
3.181298e-01
3.262955e-01
3.343614e-01
3.423484e-01
3.502670e-01
3.581383e-01
3.659774e-01
3.738296e-01
3.817063e-01
3.896806e-01
3.977900e-01
4.060907e-01
4.146697e-01
4.235553e-01
4.328500e-01
4.426165e-01
4.528832e-01
4.637445e-01
4.752267e-01
4.873472e-01
