5.106645e-01
5.299964e-01
5.503887e-01
5.719161e-01
5.944734e-01
6.179449e-01
6.422574e-01
6.672871e-01
6.928394e-01
7.187782e-01
7.448955e-01
7.709563e-01
7.967277e-01
8.219384e-01
8.463063e-01
8.695132e-01
8.912647e-01
9.112668e-01
9.292630e-01
9.450478e-01
9.585051e-01
9.696166e-01
9.784716e-01
9.852625e-01
9.902605e-01
9.937863e-01
9.961685e-01
9.977113e-01
9.986708e-01
9.992460e-01
9.995800e-01
9.997688e-01
9.998736e-01
9.999309e-01
9.999621e-01
9.999791e-01
9.999884e-01
9.999935e-01
9.999963e-01
9.999979e-01
9.999988e-01
9.999993e-01
9.999996e-01
9.999997e-01
9.999998e-01
9.999999e-01
9.999999e-01
1.000000e+00
1.000000e+00
1.000000e+00
1.000000e+00
1.000000e+00
1.000000e+00
1.000000e+00
1.000000e+00
1.000000e+00
1.000000e+00
1.000000e+00
1.000000e+00
1.000000e+00
1.000000e+00
1.000000e+00
1.000000e+00
1.000000e+00
1.000000e+00
1.000000e+00
1.000000e+00
1.000000e+00
1.000000e+00
1.000000e+00
1.000000e+00
1.000000e+00
1.000000e+00
1.000000e+00
1.000000e+00
1.000000e+00
1.000000e+00
1.000000e+00
1.000000e+00
1.000000e+00
1.000000e+00
1.000000e+00
1.000000e+00
1.000000e+00
1.000000e+00
1.000000e+00
1.000000e+00
1.000000e+00
1.000000e+00
1.000000e+00
1.000000e+00
1.000000e+00
1.000000e+00
1.000000e+00
1.000000e+00
1.000000e+00
1.000000e+00
1.000000e+00
1.000000e+00
1.000000e+00
1.000000e+00
1.000000e+00
1.000000e+00
1.000000e+00
1.000000e+00
1.000000e+00
1.000000e+00
1.000000e+00
1.000000e+00
1.000000e+00
1.000000e+00
1.000000e+00
1.000000e+00
1.000000e+00
1.000000e+00
1.000000e+00
1.000000e+00
1.000000e+00
1.000000e+00
1.000000e+00
1.000000e+00
1.000000e+00
1.000000e+00
1.000000e+00
1.000000e+00
1.000000e+00
1.000000e+00
1.000000e+00
1.000000e+00
1.000000e+00
1.000000e+00
1.000000e+00
1.000000e+00
1.000000e+00
1.000000e+00
1.000000e+00
1.000000e+00
1.000000e+00
1.000000e+00
1.000000e+00
1.000000e+00
1.000000e+00
1.000000e+00
1.000000e+00
1.000000e+00
1.000000e+00
1.000000e+00
1.000000e+00
1.000000e+00
1.000000e+00
1.000000e+00
1.000000e+00
1.000000e+00
1.000000e+00
1.000000e+00
1.000000e+00
1.000000e+00
1.000000e+00
1.000000e+00
1.000000e+00
1.000000e+00
1.000000e+00
1.000000e+00
1.000000e+00
1.000000e+00
1.000000e+00
1.000000e+00
1.000000e+00
1.000000e+00
1.000000e+00
1.000000e+00
1.000000e+00
1.000000e+00
1.000000e+00
1.000000e+00
1.000000e+00
1.000000e+00
1.000000e+00
1.000000e+00
1.000000e+00
1.000000e+00
1.000000e+00
1.000000e+00
1.000000e+00
1.000000e+00
1.000000e+00
1.000000e+00
1.000000e+00
1.000000e+00
1.000000e+00
1.000000e+00
1.000000e+00
1.000000e+00
1.000000e+00
1.000000e+00
1.000000e+00
1.000000e+00
1.000000e+00
1.000000e+00
1.000000e+00
1.000000e+00
1.000000e+00
1.000000e+00
1.000000e+00
1.000000e+00
1.000000e+00
1.000000e+00
1.000000e+00
1.000000e+00
9.999999e-01
9.999999e-01
9.999998e-01
9.999997e-01
9.999994e-01
9.999991e-01
9.999984e-01
9.999972e-01
9.999951e-01
9.999914e-01
9.999848e-01
9.999729e-01
9.999517e-01
9.999135e-01
9.998454e-01
9.997249e-01
9.995143e-01
9.991528e-01
9.985463e-01
9.975558e-01
9.959890e-01
9.935963e-01
9.900790e-01
9.851097e-01
9.783638e-01
9.695618e-01
9.585005e-01
9.450809e-01
9.293143e-01
9.113153e-01
8.912894e-01
8.694977e-01
8.462387e-01
8.218141e-01
7.965464e-01
7.707244e-01
7.446211e-01
7.184741e-01
6.925182e-01
6.669611e-01
6.419401e-01
6.176455e-01
5.942038e-01
5.716800e-01
5.501966e-01
5.298450e-01
5.105720e-01
4.924405e-01
4.754393e-01
4.594892e-01
4.445447e-01
4.304480e-01
4.171405e-01
4.044391e-01
3.922618e-01
3.804472e-01
3.688855e-01
3.574659e-01
3.460861e-01
3.346641e-01
3.231323e-01
3.114266e-01
2.995132e-01
2.873696e-01
2.749905e-01
2.624027e-01
2.496635e-01
2.368683e-01
2.241556e-01
2.117049e-01
1.997255e-01
1.884359e-01
1.780453e-01
1.687191e-01
1.605579e-01
1.535893e-01
1.477712e-01
1.430064e-01
1.391646e-01
1.361032e-01
1.336835e-01
1.317814e-01
1.302907e-01
1.291246e-01
1.282128e-01
1.275005e-01
1.269440e-01
1.265092e-01
1.261701e-01
1.259052e-01
1.256992e-01
1.255386e-01
1.254140e-01
1.253175e-01
1.252426e-01
1.251851e-01
1.251405e-01
1.251066e-01
1.250804e-01
1.250605e-01
1.250454e-01
1.250339e-01
1.250253e-01
1.250188e-01
1.250139e-01
1.250102e-01
1.250075e-01
1.250055e-01
1.250040e-01
1.250029e-01
1.250021e-01
1.250015e-01
1.250011e-01
1.250008e-01
1.250006e-01
1.250004e-01
1.250003e-01
1.250002e-01
1.250001e-01
1.250001e-01
1.250001e-01
1.250000e-01
1.250000e-01
1.250000e-01
1.250000e-01
1.250000e-01
1.250000e-01
1.250000e-01
1.250000e-01
1.250000e-01
1.250000e-01
1.250000e-01
1.250000e-01
1.250000e-01
1.250000e-01
1.250000e-01
1.250000e-01
1.250000e-01
1.250000e-01
1.250000e-01
1.250000e-01
1.250000e-01
1.250000e-01
1.250000e-01
1.250000e-01
1.250000e-01
1.250000e-01
1.250000e-01
1.250000e-01
1.250000e-01
1.250000e-01
1.250000e-01
1.250000e-01
1.250000e-01
1.250000e-01
1.250000e-01
1.250000e-01
1.250000e-01
1.250000e-01
1.250000e-01
1.250000e-01
1.250000e-01
1.250000e-01
1.250000e-01
1.250000e-01
1.250000e-01
1.250000e-01
1.250000e-01
1.250000e-01
1.250000e-01
1.250000e-01
1.250000e-01
1.250000e-01
1.250000e-01
1.250000e-01
1.250000e-01
1.250000e-01
1.250000e-01
1.250000e-01
1.250000e-01
1.250000e-01
1.250000e-01
1.250000e-01
1.250000e-01
1.250000e-01
1.250000e-01
1.250000e-01
1.250000e-01
1.250000e-01
1.250000e-01
1.250000e-01
1.250000e-01
1.250000e-01
1.250000e-01
1.250000e-01
1.250000e-01
1.250000e-01
1.250000e-01
1.250000e-01
1.250000e-01
1.250000e-01
1.250000e-01
1.250000e-01
1.250000e-01
1.250000e-01
1.250000e-01
1.250000e-01
1.250000e-01
1.250000e-01
1.250000e-01
1.250000e-01
1.250000e-01
1.250000e-01
1.250000e-01
1.250000e-01
1.250000e-01
1.250000e-01
1.250000e-01
1.250000e-01
1.250000e-01
1.250000e-01
1.250000e-01
1.250000e-01
1.250000e-01
1.250000e-01
1.250000e-01
1.250000e-01
1.250000e-01
1.250001e-01
1.250001e-01
1.250001e-01
1.250001e-01
1.250002e-01
1.250003e-01
1.250004e-01
1.250006e-01
1.250008e-01
1.250011e-01
1.250016e-01
1.250022e-01
1.250030e-01
1.250041e-01
1.250056e-01
1.250077e-01
1.250104e-01
1.250141e-01
1.250191e-01
1.250257e-01
1.250344e-01
1.250459e-01
1.250612e-01
1.250812e-01
1.251074e-01
1.251416e-01
1.251862e-01
1.252442e-01
1.253193e-01
1.254164e-01
1.255416e-01
1.257028e-01
1.259099e-01
1.261757e-01
1.265164e-01
1.269526e-01
1.275107e-01
1.282245e-01
1.291369e-01
1.303026e-01
1.317904e-01
1.336861e-01
1.360936e-01
1.391355e-01
1.429490e-01
1.476764e-01
1.534503e-01
1.603721e-01
1.684902e-01
1.777829e-01
1.881525e-01
1.994344e-01
2.114207e-01
2.238900e-01
2.366269e-01
2.494483e-01
2.622121e-01
2.748207e-01
2.872146e-01
2.993688e-01
3.112878e-01
3.229956e-01
3.345282e-01
3.459476e-01
3.573217e-01
3.687349e-01
3.802987e-01
3.921145e-01
4.043017e-01
4.170182e-01
4.303478e-01
4.444763e-01
4.594571e-01
4.754529e-01
4.925000e-01
