5.054983e-01
5.217971e-01
5.389691e-01
5.570476e-01
5.759706e-01
5.957023e-01
6.161850e-01
6.373498e-01
6.591198e-01
6.813719e-01
7.040223e-01
7.269393e-01
7.499904e-01
7.730049e-01
7.958267e-01
8.182665e-01
8.401198e-01
8.611755e-01
8.812030e-01
8.999863e-01
9.173134e-01
9.329978e-01
9.468930e-01
9.589077e-01
9.690209e-01
9.772842e-01
9.838217e-01
9.888195e-01
9.925045e-01
9.951239e-01
9.969182e-01
9.981039e-01
9.988612e-01
9.993298e-01
9.996120e-01
9.997780e-01
9.998739e-01
9.999286e-01
9.999595e-01
9.999770e-01
9.999868e-01
9.999924e-01
9.999956e-01
9.999974e-01
9.999985e-01
9.999991e-01
9.999994e-01
9.999997e-01
9.999998e-01
9.999999e-01
9.999999e-01
9.999999e-01
1.000000e+00
1.000000e+00
1.000000e+00
1.000000e+00
1.000000e+00
1.000000e+00
1.000000e+00
1.000000e+00
1.000000e+00
1.000000e+00
1.000000e+00
1.000000e+00
1.000000e+00
1.000000e+00
1.000000e+00
1.000000e+00
1.000000e+00
1.000000e+00
1.000000e+00
1.000000e+00
1.000000e+00
1.000000e+00
1.000000e+00
1.000000e+00
1.000000e+00
1.000000e+00
1.000000e+00
1.000000e+00
1.000000e+00
1.000000e+00
1.000000e+00
1.000000e+00
1.000000e+00
1.000000e+00
1.000000e+00
1.000000e+00
1.000000e+00
1.000000e+00
1.000000e+00
1.000000e+00
1.000000e+00
1.000000e+00
1.000000e+00
1.000000e+00
1.000000e+00
1.000000e+00
1.000000e+00
1.000000e+00
1.000000e+00
1.000000e+00
1.000000e+00
1.000000e+00
1.000000e+00
1.000000e+00
1.000000e+00
1.000000e+00
1.000000e+00
1.000000e+00
1.000000e+00
1.000000e+00
1.000000e+00
1.000000e+00
1.000000e+00
1.000000e+00
1.000000e+00
1.000000e+00
1.000000e+00
1.000000e+00
1.000000e+00
1.000000e+00
1.000000e+00
1.000000e+00
1.000000e+00
1.000000e+00
1.000000e+00
1.000000e+00
1.000000e+00
1.000000e+00
1.000000e+00
1.000000e+00
1.000000e+00
1.000000e+00
1.000000e+00
1.000000e+00
1.000000e+00
1.000000e+00
1.000000e+00
1.000000e+00
1.000000e+00
1.000000e+00
1.000000e+00
1.000000e+00
1.000000e+00
1.000000e+00
1.000000e+00
1.000000e+00
1.000000e+00
1.000000e+00
1.000000e+00
1.000000e+00
1.000000e+00
1.000000e+00
1.000000e+00
1.000000e+00
1.000000e+00
1.000000e+00
1.000000e+00
1.000000e+00
1.000000e+00
1.000000e+00
1.000000e+00
1.000000e+00
1.000000e+00
1.000000e+00
1.000000e+00
1.000000e+00
1.000000e+00
1.000000e+00
1.000000e+00
1.000000e+00
1.000000e+00
1.000000e+00
1.000000e+00
1.000000e+00
1.000000e+00
1.000000e+00
1.000000e+00
1.000000e+00
1.000000e+00
1.000000e+00
1.000000e+00
1.000000e+00
1.000000e+00
1.000000e+00
1.000000e+00
1.000000e+00
1.000000e+00
1.000000e+00
1.000000e+00
1.000000e+00
1.000000e+00
1.000000e+00
1.000000e+00
1.000000e+00
1.000000e+00
1.000000e+00
1.000000e+00
1.000000e+00
1.000000e+00
1.000000e+00
1.000000e+00
1.000000e+00
9.999999e-01
9.999999e-01
9.999998e-01
9.999997e-01
9.999996e-01
9.999993e-01
9.999988e-01
9.999980e-01
9.999966e-01
9.999942e-01
9.999901e-01
9.999830e-01
9.999707e-01
9.999492e-01
9.999121e-01
9.998481e-01
9.997390e-01
9.995552e-01
9.992506e-01
9.987562e-01
9.979724e-01
9.967635e-01
9.949541e-01
9.923323e-01
9.886600e-01
9.836899e-01
9.771913e-01
9.689718e-01
9.589000e-01
9.469179e-01
9.330413e-01
9.173602e-01
9.000206e-01
8.812112e-01
8.611472e-01
8.400479e-01
8.181486e-01
7.956636e-01
7.728006e-01
7.497504e-01
7.266725e-01
7.037363e-01
6.810768e-01
6.588233e-01
6.370618e-01
6.159112e-01
5.954504e-01
5.757449e-01
5.568517e-01
5.388092e-01
5.216711e-01
5.054165e-01
4.900603e-01
4.755985e-01
4.619536e-01
4.491278e-01
4.369907e-01
4.254973e-01
4.145716e-01
4.040847e-01
3.939813e-01
3.841250e-01
3.744779e-01
3.649284e-01
3.554323e-01
3.459183e-01
3.363496e-01
3.266821e-01
3.168808e-01
3.069182e-01
2.967709e-01
2.864172e-01
2.758464e-01
2.650604e-01
2.540821e-01
2.429554e-01
2.317565e-01
2.205939e-01
2.096081e-01
1.989640e-01
1.888363e-01
1.793958e-01
1.707840e-01
1.630993e-01
1.563879e-01
1.506424e-01
1.458100e-01
1.418050e-01
1.385242e-01
1.358598e-01
1.337089e-01
1.319793e-01
1.305912e-01
1.294785e-01
1.285869e-01
1.278719e-01
1.272991e-01
1.268395e-01
1.264706e-01
1.261752e-01
1.259377e-01
1.257475e-01
1.255953e-01
1.254729e-01
1.253755e-01
1.252976e-01
1.252351e-01
1.251857e-01
1.251462e-01
1.251148e-01
1.250902e-01
1.250705e-01
1.250550e-01
1.250429e-01
1.250332e-01
1.250258e-01
1.250199e-01
1.250153e-01
1.250118e-01
1.250091e-01
1.250069e-01
1.250053e-01
1.250040e-01
1.250031e-01
1.250023e-01
1.250017e-01
1.250013e-01
1.250010e-01
1.250007e-01
1.250006e-01
1.250004e-01
1.250003e-01
1.250002e-01
1.250002e-01
1.250001e-01
1.250001e-01
1.250001e-01
1.250000e-01
1.250000e-01
1.250000e-01
1.250000e-01
1.250000e-01
1.250000e-01
1.250000e-01
1.250000e-01
1.250000e-01
1.250000e-01
1.250000e-01
1.250000e-01
1.250000e-01
1.250000e-01
1.250000e-01
1.250000e-01
1.250000e-01
1.250000e-01
1.250000e-01
1.250000e-01
1.250000e-01
1.250000e-01
1.250000e-01
1.250000e-01
1.250000e-01
1.250000e-01
1.250000e-01
1.250000e-01
1.250000e-01
1.250000e-01
1.250000e-01
1.250000e-01
1.250000e-01
1.250000e-01
1.250000e-01
1.250000e-01
1.250000e-01
1.250000e-01
1.250000e-01
1.250000e-01
1.250000e-01
1.250000e-01
1.250000e-01
1.250000e-01
1.250000e-01
1.250000e-01
1.250000e-01
1.250000e-01
1.250000e-01
1.250000e-01
1.250000e-01
1.250000e-01
1.250000e-01
1.250000e-01
1.250000e-01
1.250000e-01
1.250000e-01
1.250000e-01
1.250000e-01
1.250000e-01
1.250000e-01
1.250000e-01
1.250000e-01
1.250000e-01
1.250000e-01
1.250000e-01
1.250000e-01
1.250000e-01
1.250000e-01
1.250000e-01
1.250000e-01
1.250000e-01
1.250000e-01
1.250000e-01
1.250000e-01
1.250000e-01
1.250000e-01
1.250000e-01
1.250000e-01
1.250000e-01
1.250000e-01
1.250000e-01
1.250000e-01
1.250000e-01
1.250000e-01
1.250001e-01
1.250001e-01
1.250001e-01
1.250001e-01
1.250002e-01
1.250002e-01
1.250003e-01
1.250004e-01
1.250006e-01
1.250008e-01
1.250010e-01
1.250013e-01
1.250018e-01
1.250024e-01
1.250031e-01
1.250041e-01
1.250054e-01
1.250070e-01
1.250092e-01
1.250120e-01
1.250155e-01
1.250201e-01
1.250260e-01
1.250335e-01
1.250431e-01
1.250554e-01
1.250709e-01
1.250906e-01
1.251155e-01
1.251469e-01
1.251865e-01
1.252362e-01
1.252987e-01
1.253770e-01
1.254750e-01
1.255975e-01
1.257505e-01
1.259415e-01
1.261795e-01
1.264763e-01
1.268460e-01
1.273068e-01
1.278809e-01
1.285965e-01
1.294885e-01
1.306004e-01
1.319858e-01
1.337102e-01
1.358517e-01
1.385014e-01
1.417609e-01
1.457377e-01
1.505356e-01
1.562424e-01
1.629148e-01
1.705647e-01
1.791501e-01
1.885751e-01
1.986979e-01
2.093481e-01
2.203493e-01
2.315329e-01
2.427547e-01
2.539030e-01
2.649010e-01
2.757027e-01
2.862848e-01
2.966467e-01
3.067991e-01
3.167629e-01
3.265629e-01
3.362266e-01
3.457924e-01
3.553020e-01
3.647932e-01
3.743423e-01
3.839874e-01
3.938478e-01
4.039579e-01
4.144582e-01
4.253988e-01
4.369139e-01
4.490823e-01
4.619363e-01
4.756204e-01
4.901149e-01
