5.245715e-01
5.536561e-01
5.845748e-01
6.170995e-01
6.510115e-01
6.858709e-01
7.212643e-01
7.566889e-01
7.915257e-01
8.251856e-01
8.569865e-01
8.862778e-01
9.124658e-01
9.350570e-01
9.537647e-01
9.685460e-01
9.796221e-01
9.874550e-01
9.926646e-01
9.959177e-01
9.978271e-01
9.988855e-01
9.994437e-01
9.997267e-01
9.998665e-01
9.999346e-01
9.999676e-01
9.999837e-01
9.999917e-01
9.999957e-01
9.999978e-01
9.999988e-01
9.999994e-01
9.999997e-01
9.999998e-01
9.999999e-01
9.999999e-01
1.000000e+00
1.000000e+00
1.000000e+00
1.000000e+00
1.000000e+00
1.000000e+00
1.000000e+00
1.000000e+00
1.000000e+00
1.000000e+00
1.000000e+00
1.000000e+00
1.000000e+00
1.000000e+00
1.000000e+00
1.000000e+00
1.000000e+00
1.000000e+00
1.000000e+00
1.000000e+00
1.000000e+00
1.000000e+00
1.000000e+00
1.000000e+00
1.000000e+00
1.000000e+00
1.000000e+00
1.000000e+00
1.000000e+00
1.000000e+00
1.000000e+00
1.000000e+00
1.000000e+00
1.000000e+00
1.000000e+00
1.000000e+00
1.000000e+00
1.000000e+00
1.000000e+00
1.000000e+00
1.000000e+00
1.000000e+00
1.000000e+00
1.000000e+00
1.000000e+00
1.000000e+00
1.000000e+00
1.000000e+00
1.000000e+00
1.000000e+00
1.000000e+00
1.000000e+00
1.000000e+00
1.000000e+00
1.000000e+00
1.000000e+00
1.000000e+00
1.000000e+00
1.000000e+00
1.000000e+00
1.000000e+00
1.000000e+00
1.000000e+00
1.000000e+00
1.000000e+00
1.000000e+00
1.000000e+00
1.000000e+00
1.000000e+00
1.000000e+00
1.000000e+00
1.000000e+00
1.000000e+00
1.000000e+00
1.000000e+00
1.000000e+00
1.000000e+00
1.000000e+00
1.000000e+00
1.000000e+00
1.000000e+00
1.000000e+00
1.000000e+00
1.000000e+00
1.000000e+00
1.000000e+00
1.000000e+00
1.000000e+00
1.000000e+00
1.000000e+00
1.000000e+00
1.000000e+00
1.000000e+00
1.000000e+00
1.000000e+00
1.000000e+00
1.000000e+00
1.000000e+00
1.000000e+00
1.000000e+00
1.000000e+00
1.000000e+00
1.000000e+00
1.000000e+00
1.000000e+00
1.000000e+00
1.000000e+00
1.000000e+00
1.000000e+00
1.000000e+00
1.000000e+00
1.000000e+00
1.000000e+00
1.000000e+00
1.000000e+00
1.000000e+00
1.000000e+00
1.000000e+00
1.000000e+00
1.000000e+00
1.000000e+00
1.000000e+00
1.000000e+00
1.000000e+00
1.000000e+00
1.000000e+00
1.000000e+00
1.000000e+00
1.000000e+00
1.000000e+00
1.000000e+00
1.000000e+00
1.000000e+00
1.000000e+00
1.000000e+00
1.000000e+00
1.000000e+00
1.000000e+00
1.000000e+00
1.000000e+00
1.000000e+00
1.000000e+00
1.000000e+00
1.000000e+00
1.000000e+00
1.000000e+00
1.000000e+00
1.000000e+00
1.000000e+00
1.000000e+00
1.000000e+00
1.000000e+00
1.000000e+00
1.000000e+00
1.000000e+00
1.000000e+00
1.000000e+00
1.000000e+00
1.000000e+00
1.000000e+00
1.000000e+00
1.000000e+00
1.000000e+00
1.000000e+00
1.000000e+00
1.000000e+00
1.000000e+00
1.000000e+00
1.000000e+00
1.000000e+00
1.000000e+00
1.000000e+00
1.000000e+00
1.000000e+00
1.000000e+00
1.000000e+00
1.000000e+00
1.000000e+00
1.000000e+00
1.000000e+00
1.000000e+00
1.000000e+00
9.999999e-01
9.999999e-01
9.999997e-01
9.999995e-01
9.999991e-01
9.999984e-01
9.999969e-01
9.999941e-01
9.999885e-01
9.999777e-01
9.999562e-01
9.999137e-01
9.998295e-01
9.996642e-01
9.993446e-01
9.987405e-01
9.976342e-01
9.956887e-01
9.924274e-01
9.872481e-01
9.794810e-01
9.684873e-01
9.537812e-01
9.351166e-01
9.125246e-01
8.862943e-01
8.569279e-01
8.250335e-01
7.912828e-01
7.563682e-01
7.208898e-01
6.854751e-01
6.506194e-01
6.167480e-01
5.842782e-01
5.534281e-01
5.244536e-01
4.974272e-01
4.724589e-01
4.493507e-01
4.278558e-01
4.076671e-01
3.885183e-01
3.700913e-01
3.520975e-01
3.342878e-01
3.164762e-01
2.985469e-01
2.804759e-01
2.623441e-01
2.443424e-01
2.267540e-01
2.099458e-01
1.943182e-01
1.802499e-01
1.680332e-01
1.578158e-01
1.495733e-01
1.431352e-01
1.382389e-01
1.345897e-01
1.319079e-01
1.299547e-01
1.285404e-01
1.275202e-01
1.267866e-01
1.262609e-01
1.258853e-01
1.256182e-01
1.254291e-01
1.252960e-01
1.252028e-01
1.251380e-01
1.250933e-01
1.250626e-01
1.250417e-01
1.250275e-01
1.250181e-01
1.250118e-01
1.250076e-01
1.250049e-01
1.250031e-01
1.250020e-01
1.250012e-01
1.250008e-01
1.250005e-01
1.250003e-01
1.250002e-01
1.250001e-01
1.250001e-01
1.250000e-01
1.250000e-01
1.250000e-01
1.250000e-01
1.250000e-01
1.250000e-01
1.250000e-01
1.250000e-01
1.250000e-01
1.250000e-01
1.250000e-01
1.250000e-01
1.250000e-01
1.250000e-01
1.250000e-01
1.250000e-01
1.250000e-01
1.250000e-01
1.250000e-01
1.250000e-01
1.250000e-01
1.250000e-01
1.250000e-01
1.250000e-01
1.250000e-01
1.250000e-01
1.250000e-01
1.250000e-01
1.250000e-01
1.250000e-01
1.250000e-01
1.250000e-01
1.250000e-01
1.250000e-01
1.250000e-01
1.250000e-01
1.250000e-01
1.250000e-01
1.250000e-01
1.250000e-01
1.250000e-01
1.250000e-01
1.250000e-01
1.250000e-01
1.250000e-01
1.250000e-01
1.250000e-01
1.250000e-01
1.250000e-01
1.250000e-01
1.250000e-01
1.250000e-01
1.250000e-01
1.250000e-01
1.250000e-01
1.250000e-01
1.250000e-01
1.250000e-01
1.250000e-01
1.250000e-01
1.250000e-01
1.250000e-01
1.250000e-01
1.250000e-01
1.250000e-01
1.250000e-01
1.250000e-01
1.250000e-01
1.250000e-01
1.250000e-01
1.250000e-01
1.250000e-01
1.250000e-01
1.250000e-01
1.250000e-01
1.250000e-01
1.250000e-01
1.250000e-01
1.250000e-01
1.250000e-01
1.250000e-01
1.250000e-01
1.250000e-01
1.250000e-01
1.250000e-01
1.250000e-01
1.250000e-01
1.250000e-01
1.250000e-01
1.250000e-01
1.250000e-01
1.250000e-01
1.250000e-01
1.250000e-01
1.250000e-01
1.250000e-01
1.250000e-01
1.250000e-01
1.250000e-01
1.250000e-01
1.250000e-01
1.250000e-01
1.250000e-01
1.250000e-01
1.250000e-01
1.250000e-01
1.250000e-01
1.250000e-01
1.250000e-01
1.250000e-01
1.250000e-01
1.250000e-01
1.250000e-01
1.250000e-01
1.250000e-01
1.250000e-01
1.250000e-01
1.250000e-01
1.250000e-01
1.250000e-01
1.250000e-01
1.250000e-01
1.250000e-01
1.250000e-01
1.250000e-01
1.250000e-01
1.250000e-01
1.250000e-01
1.250000e-01
1.250000e-01
1.250000e-01
1.250000e-01
1.250000e-01
1.250000e-01
1.250000e-01
1.250000e-01
1.250000e-01
1.250000e-01
1.250000e-01
1.250000e-01
1.250000e-01
1.250000e-01
1.250000e-01
1.250000e-01
1.250000e-01
1.250000e-01
1.250000e-01
1.250000e-01
1.250000e-01
1.250000e-01
1.250001e-01
1.250001e-01
1.250002e-01
1.250003e-01
1.250005e-01
1.250009e-01
1.250014e-01
1.250021e-01
1.250034e-01
1.250052e-01
1.250081e-01
1.250124e-01
1.250189e-01
1.250287e-01
1.250432e-01
1.250645e-01
1.250957e-01
1.251412e-01
1.252068e-01
1.253010e-01
1.254355e-01
1.256263e-01
1.258956e-01
1.262738e-01
1.268028e-01
1.275396e-01
1.285623e-01
1.299767e-01
1.319247e-01
1.345920e-01
1.382126e-01
1.430630e-01
1.494388e-01
1.576095e-01
1.677572e-01
1.799178e-01
1.939549e-01
2.095804e-01
2.264106e-01
2.440329e-01
2.620718e-01
2.802391e-01
2.983374e-01
3.162824e-01
3.340993e-01
3.519113e-01
3.699077e-01
3.883422e-01
4.075097e-01
4.277300e-01
4.492683e-01
4.724417e-01
4.974932e-01
