5.252808e-01
5.549198e-01
5.864376e-01
6.195738e-01
6.541114e-01
6.895643e-01
7.255071e-01
7.613931e-01
7.965827e-01
8.304531e-01
8.622842e-01
8.914191e-01
9.172592e-01
9.393265e-01
9.573821e-01
9.714455e-01
9.818083e-01
9.890010e-01
9.936877e-01
9.965513e-01
9.981960e-01
9.990887e-01
9.995507e-01
9.997813e-01
9.998938e-01
9.999481e-01
9.999743e-01
9.999871e-01
9.999935e-01
9.999966e-01
9.999982e-01
9.999991e-01
9.999995e-01
9.999997e-01
9.999999e-01
9.999999e-01
1.000000e+00
1.000000e+00
1.000000e+00
1.000000e+00
1.000000e+00
1.000000e+00
1.000000e+00
1.000000e+00
1.000000e+00
1.000000e+00
1.000000e+00
1.000000e+00
1.000000e+00
1.000000e+00
1.000000e+00
1.000000e+00
1.000000e+00
1.000000e+00
1.000000e+00
1.000000e+00
1.000000e+00
1.000000e+00
1.000000e+00
1.000000e+00
1.000000e+00
1.000000e+00
1.000000e+00
1.000000e+00
1.000000e+00
1.000000e+00
1.000000e+00
1.000000e+00
1.000000e+00
1.000000e+00
1.000000e+00
1.000000e+00
1.000000e+00
1.000000e+00
1.000000e+00
1.000000e+00
1.000000e+00
1.000000e+00
1.000000e+00
1.000000e+00
1.000000e+00
1.000000e+00
1.000000e+00
1.000000e+00
1.000000e+00
1.000000e+00
1.000000e+00
1.000000e+00
1.000000e+00
1.000000e+00
1.000000e+00
1.000000e+00
1.000000e+00
1.000000e+00
1.000000e+00
1.000000e+00
1.000000e+00
1.000000e+00
1.000000e+00
1.000000e+00
1.000000e+00
1.000000e+00
1.000000e+00
1.000000e+00
1.000000e+00
1.000000e+00
1.000000e+00
1.000000e+00
1.000000e+00
1.000000e+00
1.000000e+00
1.000000e+00
1.000000e+00
1.000000e+00
1.000000e+00
1.000000e+00
1.000000e+00
1.000000e+00
1.000000e+00
1.000000e+00
1.000000e+00
1.000000e+00
1.000000e+00
1.000000e+00
1.000000e+00
1.000000e+00
1.000000e+00
1.000000e+00
1.000000e+00
1.000000e+00
1.000000e+00
1.000000e+00
1.000000e+00
1.000000e+00
1.000000e+00
1.000000e+00
1.000000e+00
1.000000e+00
1.000000e+00
1.000000e+00
1.000000e+00
1.000000e+00
1.000000e+00
1.000000e+00
1.000000e+00
1.000000e+00
1.000000e+00
1.000000e+00
1.000000e+00
1.000000e+00
1.000000e+00
1.000000e+00
1.000000e+00
1.000000e+00
1.000000e+00
1.000000e+00
1.000000e+00
1.000000e+00
1.000000e+00
1.000000e+00
1.000000e+00
1.000000e+00
1.000000e+00
1.000000e+00
1.000000e+00
1.000000e+00
1.000000e+00
1.000000e+00
1.000000e+00
1.000000e+00
1.000000e+00
1.000000e+00
1.000000e+00
1.000000e+00
1.000000e+00
1.000000e+00
1.000000e+00
1.000000e+00
1.000000e+00
1.000000e+00
1.000000e+00
1.000000e+00
1.000000e+00
1.000000e+00
1.000000e+00
1.000000e+00
1.000000e+00
1.000000e+00
1.000000e+00
1.000000e+00
1.000000e+00
1.000000e+00
1.000000e+00
1.000000e+00
1.000000e+00
1.000000e+00
1.000000e+00
1.000000e+00
1.000000e+00
1.000000e+00
1.000000e+00
1.000000e+00
1.000000e+00
1.000000e+00
1.000000e+00
1.000000e+00
1.000000e+00
1.000000e+00
1.000000e+00
1.000000e+00
1.000000e+00
1.000000e+00
1.000000e+00
1.000000e+00
1.000000e+00
1.000000e+00
1.000000e+00
1.000000e+00
1.000000e+00
9.999999e-01
9.999999e-01
9.999998e-01
9.999996e-01
9.999993e-01
9.999987e-01
9.999975e-01
9.999953e-01
9.999909e-01
9.999822e-01
9.999650e-01
9.999307e-01
9.998624e-01
9.997272e-01
9.994629e-01
9.989564e-01
9.980142e-01
9.963277e-01
9.934465e-01
9.887804e-01
9.816469e-01
9.713665e-01
9.573840e-01
9.393807e-01
9.173222e-01
8.914465e-01
8.622396e-01
8.303152e-01
7.963506e-01
7.610788e-01
7.251334e-01
6.891661e-01
6.537146e-01
6.192166e-01
5.861352e-01
5.546877e-01
5.251615e-01
4.976201e-01
4.722051e-01
4.486971e-01
4.268377e-01
4.063034e-01
3.868140e-01
3.680463e-01
3.497021e-01
3.315258e-01
3.133368e-01
2.950357e-01
2.766088e-01
2.581756e-01
2.399562e-01
2.222674e-01
2.055027e-01
1.900752e-01
1.763539e-01
1.645991e-01
1.549056e-01
1.471932e-01
1.412458e-01
1.367732e-01
1.334711e-01
1.310634e-01
1.293217e-01
1.280681e-01
1.271692e-01
1.265268e-01
1.260693e-01
1.257448e-01
1.255156e-01
1.253547e-01
1.252424e-01
1.251645e-01
1.251108e-01
1.250741e-01
1.250492e-01
1.250324e-01
1.250211e-01
1.250137e-01
1.250088e-01
1.250056e-01
1.250036e-01
1.250022e-01
1.250014e-01
1.250009e-01
1.250005e-01
1.250003e-01
1.250002e-01
1.250001e-01
1.250001e-01
1.250000e-01
1.250000e-01
1.250000e-01
1.250000e-01
1.250000e-01
1.250000e-01
1.250000e-01
1.250000e-01
1.250000e-01
1.250000e-01
1.250000e-01
1.250000e-01
1.250000e-01
1.250000e-01
1.250000e-01
1.250000e-01
1.250000e-01
1.250000e-01
1.250000e-01
1.250000e-01
1.250000e-01
1.250000e-01
1.250000e-01
1.250000e-01
1.250000e-01
1.250000e-01
1.250000e-01
1.250000e-01
1.250000e-01
1.250000e-01
1.250000e-01
1.250000e-01
1.250000e-01
1.250000e-01
1.250000e-01
1.250000e-01
1.250000e-01
1.250000e-01
1.250000e-01
1.250000e-01
1.250000e-01
1.250000e-01
1.250000e-01
1.250000e-01
1.250000e-01
1.250000e-01
1.250000e-01
1.250000e-01
1.250000e-01
1.250000e-01
1.250000e-01
1.250000e-01
1.250000e-01
1.250000e-01
1.250000e-01
1.250000e-01
1.250000e-01
1.250000e-01
1.250000e-01
1.250000e-01
1.250000e-01
1.250000e-01
1.250000e-01
1.250000e-01
1.250000e-01
1.250000e-01
1.250000e-01
1.250000e-01
1.250000e-01
1.250000e-01
1.250000e-01
1.250000e-01
1.250000e-01
1.250000e-01
1.250000e-01
1.250000e-01
1.250000e-01
1.250000e-01
1.250000e-01
1.250000e-01
1.250000e-01
1.250000e-01
1.250000e-01
1.250000e-01
1.250000e-01
1.250000e-01
1.250000e-01
1.250000e-01
1.250000e-01
1.250000e-01
1.250000e-01
1.250000e-01
1.250000e-01
1.250000e-01
1.250000e-01
1.250000e-01
1.250000e-01
1.250000e-01
1.250000e-01
1.250000e-01
1.250000e-01
1.250000e-01
1.250000e-01
1.250000e-01
1.250000e-01
1.250000e-01
1.250000e-01
1.250000e-01
1.250000e-01
1.250000e-01
1.250000e-01
1.250000e-01
1.250000e-01
1.250000e-01
1.250000e-01
1.250000e-01
1.250000e-01
1.250000e-01
1.250000e-01
1.250000e-01
1.250000e-01
1.250000e-01
1.250000e-01
1.250000e-01
1.250000e-01
1.250000e-01
1.250000e-01
1.250000e-01
1.250000e-01
1.250000e-01
1.250000e-01
1.250000e-01
1.250000e-01
1.250000e-01
1.250000e-01
1.250000e-01
1.250000e-01
1.250000e-01
1.250000e-01
1.250000e-01
1.250000e-01
1.250000e-01
1.250000e-01
1.250000e-01
1.250000e-01
1.250000e-01
1.250000e-01
1.250000e-01
1.250000e-01
1.250000e-01
1.250000e-01
1.250000e-01
1.250001e-01
1.250001e-01
1.250002e-01
1.250004e-01
1.250006e-01
1.250010e-01
1.250015e-01
1.250024e-01
1.250039e-01
1.250060e-01
1.250094e-01
1.250145e-01
1.250222e-01
1.250337e-01
1.250509e-01
1.250763e-01
1.251137e-01
1.251681e-01
1.252471e-01
1.253606e-01
1.255232e-01
1.257543e-01
1.260814e-01
1.265420e-01
1.271878e-01
1.280898e-01
1.293448e-01
1.310838e-01
1.334808e-01
1.367594e-01
1.411915e-01
1.470805e-01
1.547216e-01
1.643416e-01
1.760335e-01
1.897142e-01
2.051310e-01
2.219116e-01
2.396332e-01
2.578912e-01
2.763600e-01
2.948164e-01
3.131397e-01
3.313342e-01
3.495131e-01
3.678601e-01
3.866356e-01
4.061432e-01
4.267082e-01
4.486127e-01
4.721868e-01
4.976848e-01
