5.026135e-01
5.173649e-01
5.328865e-01
5.491963e-01
5.662700e-01
5.840866e-01
6.025677e-01
6.217025e-01
6.414168e-01
6.616547e-01
6.823127e-01
7.033281e-01
7.245979e-01
7.460126e-01
7.674474e-01
7.887719e-01
8.098399e-01
8.304921e-01
8.505581e-01
8.698506e-01
8.881871e-01
9.053834e-01
9.212655e-01
9.356799e-01
9.485079e-01
9.596725e-01
9.691556e-01
9.769960e-01
9.832920e-01
9.881932e-01
9.918857e-01
9.945761e-01
9.964712e-01
9.977623e-01
9.986140e-01
9.991592e-01
9.994988e-01
9.997053e-01
9.998285e-01
9.999008e-01
9.999427e-01
9.999669e-01
9.999808e-01
9.999888e-01
9.999934e-01
9.999961e-01
9.999977e-01
9.999986e-01
9.999992e-01
9.999995e-01
9.999997e-01
9.999998e-01
9.999999e-01
9.999999e-01
1.000000e+00
1.000000e+00
1.000000e+00
1.000000e+00
1.000000e+00
1.000000e+00
1.000000e+00
1.000000e+00
1.000000e+00
1.000000e+00
1.000000e+00
1.000000e+00
1.000000e+00
1.000000e+00
1.000000e+00
1.000000e+00
1.000000e+00
1.000000e+00
1.000000e+00
1.000000e+00
1.000000e+00
1.000000e+00
1.000000e+00
1.000000e+00
1.000000e+00
1.000000e+00
1.000000e+00
1.000000e+00
1.000000e+00
1.000000e+00
1.000000e+00
1.000000e+00
1.000000e+00
1.000000e+00
1.000000e+00
1.000000e+00
1.000000e+00
1.000000e+00
1.000000e+00
1.000000e+00
1.000000e+00
1.000000e+00
1.000000e+00
1.000000e+00
1.000000e+00
1.000000e+00
1.000000e+00
1.000000e+00
1.000000e+00
1.000000e+00
1.000000e+00
1.000000e+00
1.000000e+00
1.000000e+00
1.000000e+00
1.000000e+00
1.000000e+00
1.000000e+00
1.000000e+00
1.000000e+00
1.000000e+00
1.000000e+00
1.000000e+00
1.000000e+00
1.000000e+00
1.000000e+00
1.000000e+00
1.000000e+00
1.000000e+00
1.000000e+00
1.000000e+00
1.000000e+00
1.000000e+00
1.000000e+00
1.000000e+00
1.000000e+00
1.000000e+00
1.000000e+00
1.000000e+00
1.000000e+00
1.000000e+00
1.000000e+00
1.000000e+00
1.000000e+00
1.000000e+00
1.000000e+00
1.000000e+00
1.000000e+00
1.000000e+00
1.000000e+00
1.000000e+00
1.000000e+00
1.000000e+00
1.000000e+00
1.000000e+00
1.000000e+00
1.000000e+00
1.000000e+00
1.000000e+00
1.000000e+00
1.000000e+00
1.000000e+00
1.000000e+00
1.000000e+00
1.000000e+00
1.000000e+00
1.000000e+00
1.000000e+00
1.000000e+00
1.000000e+00
1.000000e+00
1.000000e+00
1.000000e+00
1.000000e+00
1.000000e+00
1.000000e+00
1.000000e+00
1.000000e+00
1.000000e+00
1.000000e+00
1.000000e+00
1.000000e+00
1.000000e+00
1.000000e+00
1.000000e+00
1.000000e+00
1.000000e+00
1.000000e+00
1.000000e+00
1.000000e+00
1.000000e+00
1.000000e+00
1.000000e+00
1.000000e+00
1.000000e+00
1.000000e+00
1.000000e+00
1.000000e+00
1.000000e+00
1.000000e+00
1.000000e+00
1.000000e+00
1.000000e+00
1.000000e+00
1.000000e+00
1.000000e+00
1.000000e+00
9.999999e-01
9.999999e-01
9.999998e-01
9.999997e-01
9.999996e-01
9.999993e-01
9.999989e-01
9.999982e-01
9.999970e-01
9.999950e-01
9.999916e-01
9.999857e-01
9.999757e-01
9.999586e-01
9.999296e-01
9.998804e-01
9.997977e-01
9.996604e-01
9.994357e-01
9.990743e-01
9.985052e-01
9.976301e-01
9.963199e-01
9.944137e-01
9.917237e-01
9.880445e-01
9.831693e-01
9.769084e-01
9.691070e-01
9.596612e-01
9.485268e-01
9.357178e-01
9.213097e-01
9.054207e-01
8.882056e-01
8.698405e-01
8.505122e-01
8.304070e-01
8.097142e-01
7.886073e-01
7.672481e-01
7.457828e-01
7.243453e-01
7.030591e-01
6.820348e-01
6.613746e-01
6.411423e-01
6.214380e-01
6.023205e-01
5.838596e-01
5.660688e-01
5.490216e-01
5.327417e-01
5.172502e-01
5.025373e-01
4.886043e-01
4.754535e-01
4.630202e-01
4.512905e-01
4.402045e-01
4.296701e-01
4.196610e-01
4.100528e-01
4.007962e-01
3.918217e-01
3.830253e-01
3.743716e-01
3.657763e-01
3.572111e-01
3.486235e-01
3.399884e-01
3.312673e-01
3.224513e-01
3.135088e-01
3.044206e-01
2.951694e-01
2.857342e-01
2.760995e-01
2.662576e-01
2.562162e-01
2.459989e-01
2.356546e-01
2.252599e-01
2.149204e-01
2.047689e-01
1.949538e-01
1.856320e-01
1.769484e-01
1.690211e-01
1.619299e-01
1.557098e-01
1.503512e-01
1.458077e-01
1.420057e-01
1.388575e-01
1.362711e-01
1.341577e-01
1.324371e-01
1.310391e-01
1.299040e-01
1.289831e-01
1.282354e-01
1.276279e-01
1.271347e-01
1.267334e-01
1.264068e-01
1.261416e-01
1.259255e-01
1.257495e-01
1.256069e-01
1.254906e-01
1.253959e-01
1.253196e-01
1.252572e-01
1.252067e-01
1.251662e-01
1.251331e-01
1.251064e-01
1.250852e-01
1.250678e-01
1.250539e-01
1.250429e-01
1.250339e-01
1.250268e-01
1.250212e-01
1.250167e-01
1.250131e-01
1.250103e-01
1.250080e-01
1.250063e-01
1.250049e-01
1.250038e-01
1.250030e-01
1.250023e-01
1.250018e-01
1.250014e-01
1.250010e-01
1.250008e-01
1.250006e-01
1.250005e-01
1.250004e-01
1.250003e-01
1.250002e-01
1.250002e-01
1.250001e-01
1.250001e-01
1.250001e-01
1.250000e-01
1.250000e-01
1.250000e-01
1.250000e-01
1.250000e-01
1.250000e-01
1.250000e-01
1.250000e-01
1.250000e-01
1.250000e-01
1.250000e-01
1.250000e-01
1.250000e-01
1.250000e-01
1.250000e-01
1.250000e-01
1.250000e-01
1.250000e-01
1.250000e-01
1.250000e-01
1.250000e-01
1.250000e-01
1.250000e-01
1.250000e-01
1.250000e-01
1.250000e-01
1.250000e-01
1.250000e-01
1.250000e-01
1.250000e-01
1.250000e-01
1.250000e-01
1.250000e-01
1.250000e-01
1.250000e-01
1.250000e-01
1.250000e-01
1.250000e-01
1.250000e-01
1.250000e-01
1.250000e-01
1.250000e-01
1.250000e-01
1.250000e-01
1.250000e-01
1.250000e-01
1.250000e-01
1.250000e-01
1.250000e-01
1.250000e-01
1.250000e-01
1.250000e-01
1.250000e-01
1.250000e-01
1.250000e-01
1.250000e-01
1.250000e-01
1.250000e-01
1.250000e-01
1.250000e-01
1.250000e-01
1.250000e-01
1.250000e-01
1.250000e-01
1.250000e-01
1.250000e-01
1.250000e-01
1.250000e-01
1.250000e-01
1.250000e-01
1.250000e-01
1.250001e-01
1.250001e-01
1.250001e-01
1.250001e-01
1.250002e-01
1.250002e-01
1.250003e-01
1.250004e-01
1.250005e-01
1.250006e-01
1.250008e-01
1.250011e-01
1.250014e-01
1.250018e-01
1.250023e-01
1.250030e-01
1.250039e-01
1.250050e-01
1.250064e-01
1.250081e-01
1.250104e-01
1.250132e-01
1.250168e-01
1.250214e-01
1.250270e-01
1.250342e-01
1.250431e-01
1.250542e-01
1.250681e-01
1.250854e-01
1.251069e-01
1.251336e-01
1.251667e-01
1.252076e-01
1.252581e-01
1.253205e-01
1.253975e-01
1.254922e-01
1.256089e-01
1.257524e-01
1.259287e-01
1.261454e-01
1.264118e-01
1.267389e-01
1.271411e-01
1.276356e-01
1.282436e-01
1.289919e-01
1.299128e-01
1.310465e-01
1.324417e-01
1.341568e-01
1.362610e-01
1.388337e-01
1.419625e-01
1.457390e-01
1.502517e-01
1.555754e-01
1.617599e-01
1.688183e-01
1.767194e-01
1.853861e-01
1.947009e-01
2.045181e-01
2.146808e-01
2.250382e-01
2.354537e-01
2.458192e-01
2.560559e-01
2.661145e-01
2.759699e-01
2.856145e-01
2.950563e-01
3.043110e-01
3.134007e-01
3.223412e-01
3.311549e-01
3.398731e-01
3.485023e-01
3.570889e-01
3.656470e-01
3.742426e-01
3.828942e-01
3.916948e-01
4.006738e-01
4.099375e-01
4.195610e-01
4.295855e-01
4.401450e-01
4.512542e-01
4.630123e-01
4.754768e-01
4.886564e-01
