5.070767e-01
5.242634e-01
5.423817e-01
5.614774e-01
5.814699e-01
6.023012e-01
6.239277e-01
6.462378e-01
6.691551e-01
6.925348e-01
7.162683e-01
7.401957e-01
7.641544e-01
7.879538e-01
8.113983e-01
8.342630e-01
8.563192e-01
8.773092e-01
8.969970e-01
9.151467e-01
9.315520e-01
9.460489e-01
9.585376e-01
9.689959e-01
9.774834e-01
9.841417e-01
9.891784e-01
9.928469e-01
9.954176e-01
9.971508e-01
9.982765e-01
9.989823e-01
9.994109e-01
9.996642e-01
9.998106e-01
9.998938e-01
9.999405e-01
9.999666e-01
9.999811e-01
9.999892e-01
9.999938e-01
9.999964e-01
9.999979e-01
9.999988e-01
9.999993e-01
9.999996e-01
9.999997e-01
9.999998e-01
9.999999e-01
9.999999e-01
1.000000e+00
1.000000e+00
1.000000e+00
1.000000e+00
1.000000e+00
1.000000e+00
1.000000e+00
1.000000e+00
1.000000e+00
1.000000e+00
1.000000e+00
1.000000e+00
1.000000e+00
1.000000e+00
1.000000e+00
1.000000e+00
1.000000e+00
1.000000e+00
1.000000e+00
1.000000e+00
1.000000e+00
1.000000e+00
1.000000e+00
1.000000e+00
1.000000e+00
1.000000e+00
1.000000e+00
1.000000e+00
1.000000e+00
1.000000e+00
1.000000e+00
1.000000e+00
1.000000e+00
1.000000e+00
1.000000e+00
1.000000e+00
1.000000e+00
1.000000e+00
1.000000e+00
1.000000e+00
1.000000e+00
1.000000e+00
1.000000e+00
1.000000e+00
1.000000e+00
1.000000e+00
1.000000e+00
1.000000e+00
1.000000e+00
1.000000e+00
1.000000e+00
1.000000e+00
1.000000e+00
1.000000e+00
1.000000e+00
1.000000e+00
1.000000e+00
1.000000e+00
1.000000e+00
1.000000e+00
1.000000e+00
1.000000e+00
1.000000e+00
1.000000e+00
1.000000e+00
1.000000e+00
1.000000e+00
1.000000e+00
1.000000e+00
1.000000e+00
1.000000e+00
1.000000e+00
1.000000e+00
1.000000e+00
1.000000e+00
1.000000e+00
1.000000e+00
1.000000e+00
1.000000e+00
1.000000e+00
1.000000e+00
1.000000e+00
1.000000e+00
1.000000e+00
1.000000e+00
1.000000e+00
1.000000e+00
1.000000e+00
1.000000e+00
1.000000e+00
1.000000e+00
1.000000e+00
1.000000e+00
1.000000e+00
1.000000e+00
1.000000e+00
1.000000e+00
1.000000e+00
1.000000e+00
1.000000e+00
1.000000e+00
1.000000e+00
1.000000e+00
1.000000e+00
1.000000e+00
1.000000e+00
1.000000e+00
1.000000e+00
1.000000e+00
1.000000e+00
1.000000e+00
1.000000e+00
1.000000e+00
1.000000e+00
1.000000e+00
1.000000e+00
1.000000e+00
1.000000e+00
1.000000e+00
1.000000e+00
1.000000e+00
1.000000e+00
1.000000e+00
1.000000e+00
1.000000e+00
1.000000e+00
1.000000e+00
1.000000e+00
1.000000e+00
1.000000e+00
1.000000e+00
1.000000e+00
1.000000e+00
1.000000e+00
1.000000e+00
1.000000e+00
1.000000e+00
1.000000e+00
1.000000e+00
1.000000e+00
1.000000e+00
1.000000e+00
1.000000e+00
1.000000e+00
1.000000e+00
1.000000e+00
1.000000e+00
1.000000e+00
1.000000e+00
1.000000e+00
1.000000e+00
1.000000e+00
1.000000e+00
1.000000e+00
1.000000e+00
1.000000e+00
9.999999e-01
9.999999e-01
9.999998e-01
9.999997e-01
9.999994e-01
9.999990e-01
9.999984e-01
9.999973e-01
9.999953e-01
9.999920e-01
9.999861e-01
9.999758e-01
9.999576e-01
9.999259e-01
9.998706e-01
9.997748e-01
9.996110e-01
9.993352e-01
9.988800e-01
9.981460e-01
9.969949e-01
9.952442e-01
9.926691e-01
9.890127e-01
9.840042e-01
9.773872e-01
9.689461e-01
9.585317e-01
9.460769e-01
9.315982e-01
9.151943e-01
8.970285e-01
8.773104e-01
8.562793e-01
8.341754e-01
8.112610e-01
7.877693e-01
7.639283e-01
7.399339e-01
7.159822e-01
6.922341e-01
6.688497e-01
6.459368e-01
6.236388e-01
6.020357e-01
5.812313e-01
5.612693e-01
5.422125e-01
5.241304e-01
5.069916e-01
4.908199e-01
4.756074e-01
4.612759e-01
4.478228e-01
4.350944e-01
4.230703e-01
4.116178e-01
4.006328e-01
3.900256e-01
3.796853e-01
3.695223e-01
3.594552e-01
3.494113e-01
3.393331e-01
3.291621e-01
3.188643e-01
3.083969e-01
2.977349e-01
2.868572e-01
2.757549e-01
2.644357e-01
2.529321e-01
2.413011e-01
2.296356e-01
2.180634e-01
2.067459e-01
1.958641e-01
1.856065e-01
1.761469e-01
1.676200e-01
1.601080e-01
1.536340e-01
1.481651e-01
1.436242e-01
1.399061e-01
1.368942e-01
1.344727e-01
1.325359e-01
1.309913e-01
1.297615e-01
1.287832e-01
1.280046e-01
1.273853e-01
1.268924e-01
1.264999e-01
1.261881e-01
1.259395e-01
1.257420e-01
1.255853e-01
1.254605e-01
1.253621e-01
1.252838e-01
1.252220e-01
1.251735e-01
1.251349e-01
1.251049e-01
1.250813e-01
1.250628e-01
1.250485e-01
1.250372e-01
1.250286e-01
1.250219e-01
1.250166e-01
1.250127e-01
1.250096e-01
1.250072e-01
1.250055e-01
1.250041e-01
1.250031e-01
1.250023e-01
1.250017e-01
1.250013e-01
1.250009e-01
1.250007e-01
1.250005e-01
1.250004e-01
1.250003e-01
1.250002e-01
1.250001e-01
1.250001e-01
1.250001e-01
1.250001e-01
1.250000e-01
1.250000e-01
1.250000e-01
1.250000e-01
1.250000e-01
1.250000e-01
1.250000e-01
1.250000e-01
1.250000e-01
1.250000e-01
1.250000e-01
1.250000e-01
1.250000e-01
1.250000e-01
1.250000e-01
1.250000e-01
1.250000e-01
1.250000e-01
1.250000e-01
1.250000e-01
1.250000e-01
1.250000e-01
1.250000e-01
1.250000e-01
1.250000e-01
1.250000e-01
1.250000e-01
1.250000e-01
1.250000e-01
1.250000e-01
1.250000e-01
1.250000e-01
1.250000e-01
1.250000e-01
1.250000e-01
1.250000e-01
1.250000e-01
1.250000e-01
1.250000e-01
1.250000e-01
1.250000e-01
1.250000e-01
1.250000e-01
1.250000e-01
1.250000e-01
1.250000e-01
1.250000e-01
1.250000e-01
1.250000e-01
1.250000e-01
1.250000e-01
1.250000e-01
1.250000e-01
1.250000e-01
1.250000e-01
1.250000e-01
1.250000e-01
1.250000e-01
1.250000e-01
1.250000e-01
1.250000e-01
1.250000e-01
1.250000e-01
1.250000e-01
1.250000e-01
1.250000e-01
1.250000e-01
1.250000e-01
1.250000e-01
1.250000e-01
1.250000e-01
1.250000e-01
1.250000e-01
1.250000e-01
1.250000e-01
1.250000e-01
1.250000e-01
1.250000e-01
1.250000e-01
1.250000e-01
1.250000e-01
1.250000e-01
1.250000e-01
1.250000e-01
1.250000e-01
1.250000e-01
1.250000e-01
1.250000e-01
1.250000e-01
1.250000e-01
1.250000e-01
1.250000e-01
1.250001e-01
1.250001e-01
1.250001e-01
1.250002e-01
1.250002e-01
1.250003e-01
1.250004e-01
1.250005e-01
1.250007e-01
1.250010e-01
1.250013e-01
1.250018e-01
1.250024e-01
1.250031e-01
1.250042e-01
1.250056e-01
1.250074e-01
1.250097e-01
1.250128e-01
1.250169e-01
1.250221e-01
1.250288e-01
1.250376e-01
1.250488e-01
1.250633e-01
1.250818e-01
1.251055e-01
1.251358e-01
1.251742e-01
1.252231e-01
1.252851e-01
1.253636e-01
1.254627e-01
1.255877e-01
1.257453e-01
1.259435e-01
1.261928e-01
1.265061e-01
1.268996e-01
1.273938e-01
1.280144e-01
1.287936e-01
1.297722e-01
1.310005e-01
1.325415e-01
1.344712e-01
1.368804e-01
1.398738e-01
1.435658e-01
1.480734e-01
1.535030e-01
1.599355e-01
1.674084e-01
1.759038e-01
1.853428e-01
1.955912e-01
2.064755e-01
2.178065e-01
2.293996e-01
2.410886e-01
2.527427e-01
2.642674e-01
2.756035e-01
2.867182e-01
2.976046e-01
3.082716e-01
3.187412e-01
3.290390e-01
3.392051e-01
3.492776e-01
3.593200e-01
3.693811e-01
3.795460e-01
3.898857e-01
4.005010e-01
4.114939e-01
4.229678e-01
4.350099e-01
4.477699e-01
4.612535e-01
4.756273e-01
4.908764e-01
