5.049937e-01
5.210149e-01
5.378910e-01
5.556513e-01
5.742395e-01
5.936281e-01
6.137529e-01
6.345568e-01
6.559608e-01
6.778557e-01
7.001585e-01
7.227479e-01
7.454941e-01
7.682444e-01
7.908443e-01
8.131172e-01
8.348694e-01
8.559016e-01
8.759876e-01
8.949197e-01
9.124870e-01
9.284989e-01
9.428023e-01
9.552855e-01
9.659071e-01
9.746918e-01
9.817361e-01
9.872012e-01
9.912950e-01
9.942535e-01
9.963150e-01
9.977009e-01
9.986009e-01
9.991669e-01
9.995128e-01
9.997189e-01
9.998393e-01
9.999086e-01
9.999481e-01
9.999704e-01
9.999831e-01
9.999902e-01
9.999943e-01
9.999967e-01
9.999980e-01
9.999988e-01
9.999993e-01
9.999996e-01
9.999997e-01
9.999998e-01
9.999999e-01
9.999999e-01
1.000000e+00
1.000000e+00
1.000000e+00
1.000000e+00
1.000000e+00
1.000000e+00
1.000000e+00
1.000000e+00
1.000000e+00
1.000000e+00
1.000000e+00
1.000000e+00
1.000000e+00
1.000000e+00
1.000000e+00
1.000000e+00
1.000000e+00
1.000000e+00
1.000000e+00
1.000000e+00
1.000000e+00
1.000000e+00
1.000000e+00
1.000000e+00
1.000000e+00
1.000000e+00
1.000000e+00
1.000000e+00
1.000000e+00
1.000000e+00
1.000000e+00
1.000000e+00
1.000000e+00
1.000000e+00
1.000000e+00
1.000000e+00
1.000000e+00
1.000000e+00
1.000000e+00
1.000000e+00
1.000000e+00
1.000000e+00
1.000000e+00
1.000000e+00
1.000000e+00
1.000000e+00
1.000000e+00
1.000000e+00
1.000000e+00
1.000000e+00
1.000000e+00
1.000000e+00
1.000000e+00
1.000000e+00
1.000000e+00
1.000000e+00
1.000000e+00
1.000000e+00
1.000000e+00
1.000000e+00
1.000000e+00
1.000000e+00
1.000000e+00
1.000000e+00
1.000000e+00
1.000000e+00
1.000000e+00
1.000000e+00
1.000000e+00
1.000000e+00
1.000000e+00
1.000000e+00
1.000000e+00
1.000000e+00
1.000000e+00
1.000000e+00
1.000000e+00
1.000000e+00
1.000000e+00
1.000000e+00
1.000000e+00
1.000000e+00
1.000000e+00
1.000000e+00
1.000000e+00
1.000000e+00
1.000000e+00
1.000000e+00
1.000000e+00
1.000000e+00
1.000000e+00
1.000000e+00
1.000000e+00
1.000000e+00
1.000000e+00
1.000000e+00
1.000000e+00
1.000000e+00
1.000000e+00
1.000000e+00
1.000000e+00
1.000000e+00
1.000000e+00
1.000000e+00
1.000000e+00
1.000000e+00
1.000000e+00
1.000000e+00
1.000000e+00
1.000000e+00
1.000000e+00
1.000000e+00
1.000000e+00
1.000000e+00
1.000000e+00
1.000000e+00
1.000000e+00
1.000000e+00
1.000000e+00
1.000000e+00
1.000000e+00
1.000000e+00
1.000000e+00
1.000000e+00
1.000000e+00
1.000000e+00
1.000000e+00
1.000000e+00
1.000000e+00
1.000000e+00
1.000000e+00
1.000000e+00
1.000000e+00
1.000000e+00
1.000000e+00
1.000000e+00
1.000000e+00
1.000000e+00
1.000000e+00
1.000000e+00
1.000000e+00
1.000000e+00
1.000000e+00
1.000000e+00
1.000000e+00
1.000000e+00
1.000000e+00
1.000000e+00
1.000000e+00
1.000000e+00
1.000000e+00
9.999999e-01
9.999999e-01
9.999999e-01
9.999998e-01
9.999997e-01
9.999994e-01
9.999991e-01
9.999985e-01
9.999974e-01
9.999957e-01
9.999926e-01
9.999874e-01
9.999783e-01
9.999626e-01
9.999355e-01
9.998887e-01
9.998087e-01
9.996734e-01
9.994479e-01
9.990785e-01
9.984864e-01
9.975610e-01
9.961549e-01
9.940827e-01
9.911272e-01
9.870512e-01
9.816177e-01
9.746139e-01
9.658723e-01
9.552891e-01
9.428340e-01
9.285446e-01
9.125311e-01
8.949477e-01
8.759871e-01
8.558633e-01
8.347878e-01
8.129902e-01
7.906738e-01
7.680348e-01
7.452506e-01
7.224798e-01
6.998734e-01
6.775630e-01
6.556675e-01
6.342728e-01
6.134839e-01
5.933808e-01
5.740179e-01
5.554590e-01
5.377339e-01
5.208911e-01
5.049130e-01
4.898118e-01
4.755850e-01
4.621564e-01
4.495264e-01
4.375772e-01
4.262527e-01
4.154913e-01
4.051604e-01
3.952112e-01
3.855100e-01
3.760192e-01
3.666324e-01
3.573010e-01
3.479614e-01
3.385762e-01
3.290965e-01
3.194995e-01
3.097512e-01
2.998263e-01
2.897066e-01
2.793753e-01
2.688271e-01
2.580763e-01
2.471552e-01
2.361235e-01
2.250736e-01
2.141293e-01
2.034432e-01
1.931826e-01
1.835201e-01
1.746090e-01
1.665669e-01
1.594640e-01
1.533179e-01
1.480977e-01
1.437340e-01
1.401332e-01
1.371915e-01
1.348051e-01
1.328787e-01
1.313279e-01
1.300813e-01
1.290802e-01
1.282758e-01
1.276294e-01
1.271103e-01
1.266924e-01
1.263565e-01
1.260867e-01
1.258691e-01
1.256947e-01
1.255546e-01
1.254417e-01
1.253517e-01
1.252793e-01
1.252213e-01
1.251754e-01
1.251384e-01
1.251090e-01
1.250859e-01
1.250673e-01
1.250527e-01
1.250412e-01
1.250320e-01
1.250250e-01
1.250193e-01
1.250149e-01
1.250116e-01
1.250089e-01
1.250068e-01
1.250052e-01
1.250040e-01
1.250030e-01
1.250023e-01
1.250017e-01
1.250013e-01
1.250010e-01
1.250007e-01
1.250006e-01
1.250004e-01
1.250003e-01
1.250002e-01
1.250002e-01
1.250001e-01
1.250001e-01
1.250001e-01
1.250001e-01
1.250000e-01
1.250000e-01
1.250000e-01
1.250000e-01
1.250000e-01
1.250000e-01
1.250000e-01
1.250000e-01
1.250000e-01
1.250000e-01
1.250000e-01
1.250000e-01
1.250000e-01
1.250000e-01
1.250000e-01
1.250000e-01
1.250000e-01
1.250000e-01
1.250000e-01
1.250000e-01
1.250000e-01
1.250000e-01
1.250000e-01
1.250000e-01
1.250000e-01
1.250000e-01
1.250000e-01
1.250000e-01
1.250000e-01
1.250000e-01
1.250000e-01
1.250000e-01
1.250000e-01
1.250000e-01
1.250000e-01
1.250000e-01
1.250000e-01
1.250000e-01
1.250000e-01
1.250000e-01
1.250000e-01
1.250000e-01
1.250000e-01
1.250000e-01
1.250000e-01
1.250000e-01
1.250000e-01
1.250000e-01
1.250000e-01
1.250000e-01
1.250000e-01
1.250000e-01
1.250000e-01
1.250000e-01
1.250000e-01
1.250000e-01
1.250000e-01
1.250000e-01
1.250000e-01
1.250000e-01
1.250000e-01
1.250000e-01
1.250000e-01
1.250000e-01
1.250000e-01
1.250000e-01
1.250000e-01
1.250000e-01
1.250000e-01
1.250000e-01
1.250000e-01
1.250000e-01
1.250000e-01
1.250000e-01
1.250000e-01
1.250000e-01
1.250000e-01
1.250000e-01
1.250000e-01
1.250000e-01
1.250000e-01
1.250000e-01
1.250001e-01
1.250001e-01
1.250001e-01
1.250001e-01
1.250002e-01
1.250002e-01
1.250003e-01
1.250004e-01
1.250006e-01
1.250008e-01
1.250010e-01
1.250014e-01
1.250018e-01
1.250024e-01
1.250031e-01
1.250041e-01
1.250053e-01
1.250069e-01
1.250090e-01
1.250117e-01
1.250151e-01
1.250195e-01
1.250252e-01
1.250323e-01
1.250415e-01
1.250530e-01
1.250677e-01
1.250862e-01
1.251096e-01
1.251390e-01
1.251760e-01
1.252223e-01
1.252804e-01
1.253530e-01
1.254436e-01
1.255566e-01
1.256974e-01
1.258726e-01
1.260906e-01
1.263617e-01
1.266986e-01
1.271173e-01
1.276379e-01
1.282850e-01
1.290899e-01
1.300909e-01
1.313357e-01
1.328826e-01
1.348019e-01
1.371764e-01
1.401006e-01
1.436770e-01
1.480097e-01
1.531937e-01
1.593010e-01
1.663669e-01
1.743782e-01
1.832681e-01
1.929203e-01
2.031807e-01
2.138771e-01
2.248397e-01
2.359114e-01
2.469655e-01
2.579076e-01
2.686760e-01
2.792378e-01
2.895798e-01
2.997062e-01
3.096340e-01
3.193828e-01
3.289793e-01
3.384542e-01
3.478345e-01
3.571720e-01
3.664970e-01
3.758857e-01
3.853730e-01
3.950805e-01
4.050353e-01
4.153804e-01
4.261558e-01
4.375033e-01
4.494831e-01
4.621408e-01
4.756073e-01
4.898658e-01
