5.053290e-01
5.215342e-01
5.386066e-01
5.565779e-01
5.753882e-01
5.950042e-01
6.153664e-01
6.364099e-01
6.580569e-01
6.801889e-01
7.027227e-01
7.255300e-01
7.484795e-01
7.714059e-01
7.941544e-01
8.165398e-01
8.383608e-01
8.594113e-01
8.794608e-01
8.982970e-01
9.157078e-01
9.315049e-01
9.455398e-01
9.577135e-01
9.679984e-01
9.764366e-01
9.831431e-01
9.882957e-01
9.921152e-01
9.948454e-01
9.967264e-01
9.979765e-01
9.987793e-01
9.992789e-01
9.995811e-01
9.997597e-01
9.998632e-01
9.999224e-01
9.999560e-01
9.999749e-01
9.999857e-01
9.999917e-01
9.999952e-01
9.999972e-01
9.999983e-01
9.999990e-01
9.999994e-01
9.999996e-01
9.999998e-01
9.999999e-01
9.999999e-01
9.999999e-01
1.000000e+00
1.000000e+00
1.000000e+00
1.000000e+00
1.000000e+00
1.000000e+00
1.000000e+00
1.000000e+00
1.000000e+00
1.000000e+00
1.000000e+00
1.000000e+00
1.000000e+00
1.000000e+00
1.000000e+00
1.000000e+00
1.000000e+00
1.000000e+00
1.000000e+00
1.000000e+00
1.000000e+00
1.000000e+00
1.000000e+00
1.000000e+00
1.000000e+00
1.000000e+00
1.000000e+00
1.000000e+00
1.000000e+00
1.000000e+00
1.000000e+00
1.000000e+00
1.000000e+00
1.000000e+00
1.000000e+00
1.000000e+00
1.000000e+00
1.000000e+00
1.000000e+00
1.000000e+00
1.000000e+00
1.000000e+00
1.000000e+00
1.000000e+00
1.000000e+00
1.000000e+00
1.000000e+00
1.000000e+00
1.000000e+00
1.000000e+00
1.000000e+00
1.000000e+00
1.000000e+00
1.000000e+00
1.000000e+00
1.000000e+00
1.000000e+00
1.000000e+00
1.000000e+00
1.000000e+00
1.000000e+00
1.000000e+00
1.000000e+00
1.000000e+00
1.000000e+00
1.000000e+00
1.000000e+00
1.000000e+00
1.000000e+00
1.000000e+00
1.000000e+00
1.000000e+00
1.000000e+00
1.000000e+00
1.000000e+00
1.000000e+00
1.000000e+00
1.000000e+00
1.000000e+00
1.000000e+00
1.000000e+00
1.000000e+00
1.000000e+00
1.000000e+00
1.000000e+00
1.000000e+00
1.000000e+00
1.000000e+00
1.000000e+00
1.000000e+00
1.000000e+00
1.000000e+00
1.000000e+00
1.000000e+00
1.000000e+00
1.000000e+00
1.000000e+00
1.000000e+00
1.000000e+00
1.000000e+00
1.000000e+00
1.000000e+00
1.000000e+00
1.000000e+00
1.000000e+00
1.000000e+00
1.000000e+00
1.000000e+00
1.000000e+00
1.000000e+00
1.000000e+00
1.000000e+00
1.000000e+00
1.000000e+00
1.000000e+00
1.000000e+00
1.000000e+00
1.000000e+00
1.000000e+00
1.000000e+00
1.000000e+00
1.000000e+00
1.000000e+00
1.000000e+00
1.000000e+00
1.000000e+00
1.000000e+00
1.000000e+00
1.000000e+00
1.000000e+00
1.000000e+00
1.000000e+00
1.000000e+00
1.000000e+00
1.000000e+00
1.000000e+00
1.000000e+00
1.000000e+00
1.000000e+00
1.000000e+00
1.000000e+00
1.000000e+00
1.000000e+00
1.000000e+00
1.000000e+00
1.000000e+00
1.000000e+00
1.000000e+00
1.000000e+00
1.000000e+00
1.000000e+00
1.000000e+00
9.999999e-01
9.999999e-01
9.999998e-01
9.999997e-01
9.999995e-01
9.999992e-01
9.999987e-01
9.999978e-01
9.999963e-01
9.999938e-01
9.999893e-01
9.999816e-01
9.999682e-01
9.999450e-01
9.999048e-01
9.998359e-01
9.997186e-01
9.995216e-01
9.991966e-01
9.986712e-01
9.978421e-01
9.965696e-01
9.946750e-01
9.919442e-01
9.881392e-01
9.830157e-01
9.763487e-01
9.679541e-01
9.577097e-01
9.455671e-01
9.315492e-01
9.157538e-01
8.983293e-01
8.794662e-01
8.593796e-01
8.382857e-01
8.164188e-01
7.939888e-01
7.711998e-01
7.482383e-01
7.252628e-01
7.024369e-01
6.798946e-01
6.577614e-01
6.361232e-01
6.150943e-01
5.947538e-01
5.751638e-01
5.563832e-01
5.384476e-01
5.214090e-01
5.052475e-01
4.899772e-01
4.755946e-01
4.620224e-01
4.492625e-01
4.371887e-01
4.257519e-01
4.148816e-01
4.044473e-01
3.943960e-01
3.845915e-01
3.749975e-01
3.655027e-01
3.560624e-01
3.466071e-01
3.371006e-01
3.274969e-01
3.177646e-01
3.078743e-01
2.978024e-01
2.875278e-01
2.770375e-01
2.663309e-01
2.554284e-01
2.443692e-01
2.332241e-01
2.220963e-01
2.111206e-01
2.004580e-01
1.902811e-01
1.807619e-01
1.720462e-01
1.642392e-01
1.573954e-01
1.515158e-01
1.465545e-01
1.424311e-01
1.390454e-01
1.362905e-01
1.340629e-01
1.322694e-01
1.308287e-01
1.296726e-01
1.287457e-01
1.280018e-01
1.274053e-01
1.269265e-01
1.265418e-01
1.262333e-01
1.259855e-01
1.257864e-01
1.256272e-01
1.254990e-01
1.253966e-01
1.253149e-01
1.252491e-01
1.251971e-01
1.251555e-01
1.251222e-01
1.250962e-01
1.250753e-01
1.250589e-01
1.250460e-01
1.250357e-01
1.250278e-01
1.250215e-01
1.250166e-01
1.250128e-01
1.250098e-01
1.250075e-01
1.250058e-01
1.250044e-01
1.250033e-01
1.250025e-01
1.250019e-01
1.250014e-01
1.250011e-01
1.250008e-01
1.250006e-01
1.250005e-01
1.250003e-01
1.250003e-01
1.250002e-01
1.250001e-01
1.250001e-01
1.250001e-01
1.250001e-01
1.250000e-01
1.250000e-01
1.250000e-01
1.250000e-01
1.250000e-01
1.250000e-01
1.250000e-01
1.250000e-01
1.250000e-01
1.250000e-01
1.250000e-01
1.250000e-01
1.250000e-01
1.250000e-01
1.250000e-01
1.250000e-01
1.250000e-01
1.250000e-01
1.250000e-01
1.250000e-01
1.250000e-01
1.250000e-01
1.250000e-01
1.250000e-01
1.250000e-01
1.250000e-01
1.250000e-01
1.250000e-01
1.250000e-01
1.250000e-01
1.250000e-01
1.250000e-01
1.250000e-01
1.250000e-01
1.250000e-01
1.250000e-01
1.250000e-01
1.250000e-01
1.250000e-01
1.250000e-01
1.250000e-01
1.250000e-01
1.250000e-01
1.250000e-01
1.250000e-01
1.250000e-01
1.250000e-01
1.250000e-01
1.250000e-01
1.250000e-01
1.250000e-01
1.250000e-01
1.250000e-01
1.250000e-01
1.250000e-01
1.250000e-01
1.250000e-01
1.250000e-01
1.250000e-01
1.250000e-01
1.250000e-01
1.250000e-01
1.250000e-01
1.250000e-01
1.250000e-01
1.250000e-01
1.250000e-01
1.250000e-01
1.250000e-01
1.250000e-01
1.250000e-01
1.250000e-01
1.250000e-01
1.250000e-01
1.250000e-01
1.250000e-01
1.250000e-01
1.250000e-01
1.250000e-01
1.250000e-01
1.250000e-01
1.250000e-01
1.250000e-01
1.250000e-01
1.250001e-01
1.250001e-01
1.250001e-01
1.250001e-01
1.250002e-01
1.250003e-01
1.250004e-01
1.250005e-01
1.250006e-01
1.250008e-01
1.250011e-01
1.250015e-01
1.250020e-01
1.250026e-01
1.250034e-01
1.250045e-01
1.250059e-01
1.250076e-01
1.250100e-01
1.250129e-01
1.250168e-01
1.250217e-01
1.250280e-01
1.250360e-01
1.250463e-01
1.250593e-01
1.250757e-01
1.250966e-01
1.251229e-01
1.251561e-01
1.251979e-01
1.252503e-01
1.253160e-01
1.253982e-01
1.255011e-01
1.256295e-01
1.257896e-01
1.259893e-01
1.262380e-01
1.265477e-01
1.269332e-01
1.274133e-01
1.280109e-01
1.287553e-01
1.296826e-01
1.308374e-01
1.322752e-01
1.340628e-01
1.362801e-01
1.390194e-01
1.423829e-01
1.464771e-01
1.514032e-01
1.572440e-01
1.640494e-01
1.718227e-01
1.805138e-01
1.900193e-01
2.001929e-01
2.108630e-01
2.218552e-01
2.330044e-01
2.441722e-01
2.552528e-01
2.661746e-01
2.768958e-01
2.873972e-01
2.976798e-01
3.077560e-01
3.176470e-01
3.273786e-01
3.369779e-01
3.464809e-01
3.559326e-01
3.653673e-01
3.748627e-01
3.844541e-01
3.942633e-01
4.043211e-01
4.147690e-01
4.256539e-01
4.371128e-01
4.492179e-01
4.620057e-01
4.756166e-01
4.900316e-01
