5.146896e-01
5.366352e-01
5.598266e-01
5.843288e-01
6.099331e-01
6.365901e-01
6.640995e-01
6.922228e-01
7.207679e-01
7.494617e-01
7.779749e-01
8.060055e-01
8.331860e-01
8.591336e-01
8.834599e-01
9.057961e-01
9.258130e-01
9.432461e-01
9.579513e-01
9.699127e-01
9.792588e-01
9.862470e-01
9.912351e-01
9.946284e-01
9.968280e-01
9.981886e-01
9.989946e-01
9.994541e-01
9.997080e-01
9.998451e-01
9.999179e-01
9.999563e-01
9.999766e-01
9.999873e-01
9.999930e-01
9.999961e-01
9.999978e-01
9.999988e-01
9.999993e-01
9.999996e-01
9.999998e-01
9.999999e-01
9.999999e-01
1.000000e+00
1.000000e+00
1.000000e+00
1.000000e+00
1.000000e+00
1.000000e+00
1.000000e+00
1.000000e+00
1.000000e+00
1.000000e+00
1.000000e+00
1.000000e+00
1.000000e+00
1.000000e+00
1.000000e+00
1.000000e+00
1.000000e+00
1.000000e+00
1.000000e+00
1.000000e+00
1.000000e+00
1.000000e+00
1.000000e+00
1.000000e+00
1.000000e+00
1.000000e+00
1.000000e+00
1.000000e+00
1.000000e+00
1.000000e+00
1.000000e+00
1.000000e+00
1.000000e+00
1.000000e+00
1.000000e+00
1.000000e+00
1.000000e+00
1.000000e+00
1.000000e+00
1.000000e+00
1.000000e+00
1.000000e+00
1.000000e+00
1.000000e+00
1.000000e+00
1.000000e+00
1.000000e+00
1.000000e+00
1.000000e+00
1.000000e+00
1.000000e+00
1.000000e+00
1.000000e+00
1.000000e+00
1.000000e+00
1.000000e+00
1.000000e+00
1.000000e+00
1.000000e+00
1.000000e+00
1.000000e+00
1.000000e+00
1.000000e+00
1.000000e+00
1.000000e+00
1.000000e+00
1.000000e+00
1.000000e+00
1.000000e+00
1.000000e+00
1.000000e+00
1.000000e+00
1.000000e+00
1.000000e+00
1.000000e+00
1.000000e+00
1.000000e+00
1.000000e+00
1.000000e+00
1.000000e+00
1.000000e+00
1.000000e+00
1.000000e+00
1.000000e+00
1.000000e+00
1.000000e+00
1.000000e+00
1.000000e+00
1.000000e+00
1.000000e+00
1.000000e+00
1.000000e+00
1.000000e+00
1.000000e+00
1.000000e+00
1.000000e+00
1.000000e+00
1.000000e+00
1.000000e+00
1.000000e+00
1.000000e+00
1.000000e+00
1.000000e+00
1.000000e+00
1.000000e+00
1.000000e+00
1.000000e+00
1.000000e+00
1.000000e+00
1.000000e+00
1.000000e+00
1.000000e+00
1.000000e+00
1.000000e+00
1.000000e+00
1.000000e+00
1.000000e+00
1.000000e+00
1.000000e+00
1.000000e+00
1.000000e+00
1.000000e+00
1.000000e+00
1.000000e+00
1.000000e+00
1.000000e+00
1.000000e+00
1.000000e+00
1.000000e+00
1.000000e+00
1.000000e+00
1.000000e+00
1.000000e+00
1.000000e+00
1.000000e+00
1.000000e+00
1.000000e+00
1.000000e+00
1.000000e+00
1.000000e+00
1.000000e+00
1.000000e+00
1.000000e+00
1.000000e+00
1.000000e+00
1.000000e+00
1.000000e+00
1.000000e+00
1.000000e+00
1.000000e+00
1.000000e+00
1.000000e+00
1.000000e+00
1.000000e+00
1.000000e+00
1.000000e+00
1.000000e+00
1.000000e+00
1.000000e+00
1.000000e+00
1.000000e+00
1.000000e+00
1.000000e+00
1.000000e+00
1.000000e+00
1.000000e+00
1.000000e+00
1.000000e+00
1.000000e+00
9.999999e-01
9.999999e-01
9.999998e-01
9.999997e-01
9.999995e-01
9.999991e-01
9.999984e-01
9.999971e-01
9.999949e-01
9.999907e-01
9.999832e-01
9.999693e-01
9.999437e-01
9.998964e-01
9.998098e-01
9.996525e-01
9.993711e-01
9.988777e-01
9.980356e-01
9.966434e-01
9.944260e-01
9.910366e-01
9.860773e-01
9.791389e-01
9.698537e-01
9.579498e-01
9.432861e-01
9.258695e-01
9.058426e-01
8.834710e-01
8.590913e-01
8.330782e-01
8.058311e-01
7.777387e-01
7.491734e-01
7.204437e-01
6.918788e-01
6.637522e-01
6.362558e-01
6.096282e-01
5.840571e-01
5.596079e-01
5.364625e-01
5.145897e-01
4.941012e-01
4.749615e-01
4.570857e-01
4.403480e-01
4.246267e-01
4.097404e-01
3.955605e-01
3.818872e-01
3.685792e-01
3.554661e-01
3.424183e-01
3.293169e-01
3.160828e-01
3.026446e-01
2.889774e-01
2.750755e-01
2.609888e-01
2.468102e-01
2.326835e-01
2.188061e-01
2.054195e-01
1.927847e-01
1.811557e-01
1.707455e-01
1.616880e-01
1.540236e-01
1.477027e-01
1.426043e-01
1.385650e-01
1.354072e-01
1.329613e-01
1.310781e-01
1.296332e-01
1.285268e-01
1.276805e-01
1.270339e-01
1.265400e-01
1.261637e-01
1.258767e-01
1.256590e-01
1.254934e-01
1.253685e-01
1.252740e-01
1.252032e-01
1.251499e-01
1.251103e-01
1.250807e-01
1.250589e-01
1.250427e-01
1.250309e-01
1.250222e-01
1.250159e-01
1.250114e-01
1.250081e-01
1.250057e-01
1.250040e-01
1.250028e-01
1.250019e-01
1.250014e-01
1.250009e-01
1.250006e-01
1.250004e-01
1.250003e-01
1.250002e-01
1.250001e-01
1.250001e-01
1.250001e-01
1.250000e-01
1.250000e-01
1.250000e-01
1.250000e-01
1.250000e-01
1.250000e-01
1.250000e-01
1.250000e-01
1.250000e-01
1.250000e-01
1.250000e-01
1.250000e-01
1.250000e-01
1.250000e-01
1.250000e-01
1.250000e-01
1.250000e-01
1.250000e-01
1.250000e-01
1.250000e-01
1.250000e-01
1.250000e-01
1.250000e-01
1.250000e-01
1.250000e-01
1.250000e-01
1.250000e-01
1.250000e-01
1.250000e-01
1.250000e-01
1.250000e-01
1.250000e-01
1.250000e-01
1.250000e-01
1.250000e-01
1.250000e-01
1.250000e-01
1.250000e-01
1.250000e-01
1.250000e-01
1.250000e-01
1.250000e-01
1.250000e-01
1.250000e-01
1.250000e-01
1.250000e-01
1.250000e-01
1.250000e-01
1.250000e-01
1.250000e-01
1.250000e-01
1.250000e-01
1.250000e-01
1.250000e-01
1.250000e-01
1.250000e-01
1.250000e-01
1.250000e-01
1.250000e-01
1.250000e-01
1.250000e-01
1.250000e-01
1.250000e-01
1.250000e-01
1.250000e-01
1.250000e-01
1.250000e-01
1.250000e-01
1.250000e-01
1.250000e-01
1.250000e-01
1.250000e-01
1.250000e-01
1.250000e-01
1.250000e-01
1.250000e-01
1.250000e-01
1.250000e-01
1.250000e-01
1.250000e-01
1.250000e-01
1.250000e-01
1.250000e-01
1.250000e-01
1.250000e-01
1.250000e-01
1.250000e-01
1.250000e-01
1.250000e-01
1.250000e-01
1.250000e-01
1.250000e-01
1.250000e-01
1.250000e-01
1.250000e-01
1.250000e-01
1.250000e-01
1.250000e-01
1.250000e-01
1.250000e-01
1.250000e-01
1.250000e-01
1.250000e-01
1.250000e-01
1.250000e-01
1.250000e-01
1.250000e-01
1.250000e-01
1.250000e-01
1.250000e-01
1.250000e-01
1.250000e-01
1.250000e-01
1.250000e-01
1.250000e-01
1.250000e-01
1.250000e-01
1.250000e-01
1.250000e-01
1.250000e-01
1.250000e-01
1.250000e-01
1.250001e-01
1.250001e-01
1.250001e-01
1.250002e-01
1.250003e-01
1.250005e-01
1.250007e-01
1.250010e-01
1.250014e-01
1.250020e-01
1.250029e-01
1.250042e-01
1.250059e-01
1.250083e-01
1.250117e-01
1.250163e-01
1.250227e-01
1.250315e-01
1.250435e-01
1.250597e-01
1.250818e-01
1.251115e-01
1.251515e-01
1.252050e-01
1.252764e-01
1.253713e-01
1.254971e-01
1.256634e-01
1.258825e-01
1.261707e-01
1.265490e-01
1.270446e-01
1.276932e-01
1.285410e-01
1.296478e-01
1.310909e-01
1.329682e-01
1.354018e-01
1.385385e-01
1.425460e-01
1.476016e-01
1.538716e-01
1.614829e-01
1.704930e-01
1.808677e-01
1.924763e-01
2.051085e-01
2.185086e-01
2.324106e-01
2.465664e-01
2.607735e-01
2.748844e-01
2.888052e-01
3.024859e-01
3.159303e-01
3.291658e-01
3.422659e-01
3.553105e-01
3.684232e-01
3.817340e-01
3.954065e-01
4.095947e-01
4.245079e-01
4.402577e-01
4.570450e-01
4.749668e-01
4.941656e-01
