5.090535e-01
5.273969e-01
5.467425e-01
5.671588e-01
5.885418e-01
6.107976e-01
6.338906e-01
6.576874e-01
6.820446e-01
7.068420e-01
7.318985e-01
7.570443e-01
7.820470e-01
8.066985e-01
8.307421e-01
8.539204e-01
8.759420e-01
8.965417e-01
9.154551e-01
9.324562e-01
9.473659e-01
9.600885e-01
9.706154e-01
9.790346e-01
9.855256e-01
9.903373e-01
9.937630e-01
9.961035e-01
9.976391e-01
9.986082e-01
9.991984e-01
9.995468e-01
9.997470e-01
9.998599e-01
9.999226e-01
9.999571e-01
9.999761e-01
9.999866e-01
9.999924e-01
9.999957e-01
9.999975e-01
9.999985e-01
9.999991e-01
9.999995e-01
9.999997e-01
9.999998e-01
9.999999e-01
9.999999e-01
1.000000e+00
1.000000e+00
1.000000e+00
1.000000e+00
1.000000e+00
1.000000e+00
1.000000e+00
1.000000e+00
1.000000e+00
1.000000e+00
1.000000e+00
1.000000e+00
1.000000e+00
1.000000e+00
1.000000e+00
1.000000e+00
1.000000e+00
1.000000e+00
1.000000e+00
1.000000e+00
1.000000e+00
1.000000e+00
1.000000e+00
1.000000e+00
1.000000e+00
1.000000e+00
1.000000e+00
1.000000e+00
1.000000e+00
1.000000e+00
1.000000e+00
1.000000e+00
1.000000e+00
1.000000e+00
1.000000e+00
1.000000e+00
1.000000e+00
1.000000e+00
1.000000e+00
1.000000e+00
1.000000e+00
1.000000e+00
1.000000e+00
1.000000e+00
1.000000e+00
1.000000e+00
1.000000e+00
1.000000e+00
1.000000e+00
1.000000e+00
1.000000e+00
1.000000e+00
1.000000e+00
1.000000e+00
1.000000e+00
1.000000e+00
1.000000e+00
1.000000e+00
1.000000e+00
1.000000e+00
1.000000e+00
1.000000e+00
1.000000e+00
1.000000e+00
1.000000e+00
1.000000e+00
1.000000e+00
1.000000e+00
1.000000e+00
1.000000e+00
1.000000e+00
1.000000e+00
1.000000e+00
1.000000e+00
1.000000e+00
1.000000e+00
1.000000e+00
1.000000e+00
1.000000e+00
1.000000e+00
1.000000e+00
1.000000e+00
1.000000e+00
1.000000e+00
1.000000e+00
1.000000e+00
1.000000e+00
1.000000e+00
1.000000e+00
1.000000e+00
1.000000e+00
1.000000e+00
1.000000e+00
1.000000e+00
1.000000e+00
1.000000e+00
1.000000e+00
1.000000e+00
1.000000e+00
1.000000e+00
1.000000e+00
1.000000e+00
1.000000e+00
1.000000e+00
1.000000e+00
1.000000e+00
1.000000e+00
1.000000e+00
1.000000e+00
1.000000e+00
1.000000e+00
1.000000e+00
1.000000e+00
1.000000e+00
1.000000e+00
1.000000e+00
1.000000e+00
1.000000e+00
1.000000e+00
1.000000e+00
1.000000e+00
1.000000e+00
1.000000e+00
1.000000e+00
1.000000e+00
1.000000e+00
1.000000e+00
1.000000e+00
1.000000e+00
1.000000e+00
1.000000e+00
1.000000e+00
1.000000e+00
1.000000e+00
1.000000e+00
1.000000e+00
1.000000e+00
1.000000e+00
1.000000e+00
1.000000e+00
1.000000e+00
1.000000e+00
1.000000e+00
1.000000e+00
1.000000e+00
1.000000e+00
1.000000e+00
1.000000e+00
1.000000e+00
1.000000e+00
1.000000e+00
1.000000e+00
1.000000e+00
1.000000e+00
1.000000e+00
1.000000e+00
1.000000e+00
1.000000e+00
1.000000e+00
9.999999e-01
9.999999e-01
9.999999e-01
9.999998e-01
9.999996e-01
9.999993e-01
9.999989e-01
9.999981e-01
9.999967e-01
9.999943e-01
9.999901e-01
9.999826e-01
9.999693e-01
9.999457e-01
9.999039e-01
9.998302e-01
9.997015e-01
9.994798e-01
9.991049e-01
9.984848e-01
9.974866e-01
9.959286e-01
9.935784e-01
9.901605e-01
9.853751e-01
9.789258e-01
9.705562e-01
9.600775e-01
9.473928e-01
9.325040e-01
9.155048e-01
8.965736e-01
8.759401e-01
8.538727e-01
8.306421e-01
8.065445e-01
7.818430e-01
7.567966e-01
7.316170e-01
7.065367e-01
6.817294e-01
6.573716e-01
6.335859e-01
6.105143e-01
5.882856e-01
5.669352e-01
5.465617e-01
5.272539e-01
5.089638e-01
4.917307e-01
4.755460e-01
4.603338e-01
4.460705e-01
4.325955e-01
4.198820e-01
4.077437e-01
3.961244e-01
3.848552e-01
3.738667e-01
3.630281e-01
3.522631e-01
3.414905e-01
3.306344e-01
3.196534e-01
3.084933e-01
2.971261e-01
2.855307e-01
2.737046e-01
2.616694e-01
2.494731e-01
2.371986e-01
2.249684e-01
2.129426e-01
2.013124e-01
1.902806e-01
1.800471e-01
1.707774e-01
1.625822e-01
1.555069e-01
1.495317e-01
1.445821e-01
1.405466e-01
1.372969e-01
1.347028e-01
1.326447e-01
1.310176e-01
1.297338e-01
1.287220e-01
1.279245e-01
1.272965e-01
1.268014e-01
1.264115e-01
1.261047e-01
1.258628e-01
1.256731e-01
1.255237e-01
1.254068e-01
1.253153e-01
1.252436e-01
1.251880e-01
1.251444e-01
1.251108e-01
1.250847e-01
1.250645e-01
1.250491e-01
1.250371e-01
1.250281e-01
1.250211e-01
1.250159e-01
1.250119e-01
1.250088e-01
1.250066e-01
1.250049e-01
1.250036e-01
1.250026e-01
1.250019e-01
1.250014e-01
1.250010e-01
1.250007e-01
1.250005e-01
1.250004e-01
1.250003e-01
1.250002e-01
1.250001e-01
1.250001e-01
1.250001e-01
1.250001e-01
1.250000e-01
1.250000e-01
1.250000e-01
1.250000e-01
1.250000e-01
1.250000e-01
1.250000e-01
1.250000e-01
1.250000e-01
1.250000e-01
1.250000e-01
1.250000e-01
1.250000e-01
1.250000e-01
1.250000e-01
1.250000e-01
1.250000e-01
1.250000e-01
1.250000e-01
1.250000e-01
1.250000e-01
1.250000e-01
1.250000e-01
1.250000e-01
1.250000e-01
1.250000e-01
1.250000e-01
1.250000e-01
1.250000e-01
1.250000e-01
1.250000e-01
1.250000e-01
1.250000e-01
1.250000e-01
1.250000e-01
1.250000e-01
1.250000e-01
1.250000e-01
1.250000e-01
1.250000e-01
1.250000e-01
1.250000e-01
1.250000e-01
1.250000e-01
1.250000e-01
1.250000e-01
1.250000e-01
1.250000e-01
1.250000e-01
1.250000e-01
1.250000e-01
1.250000e-01
1.250000e-01
1.250000e-01
1.250000e-01
1.250000e-01
1.250000e-01
1.250000e-01
1.250000e-01
1.250000e-01
1.250000e-01
1.250000e-01
1.250000e-01
1.250000e-01
1.250000e-01
1.250000e-01
1.250000e-01
1.250000e-01
1.250000e-01
1.250000e-01
1.250000e-01
1.250000e-01
1.250000e-01
1.250000e-01
1.250000e-01
1.250000e-01
1.250000e-01
1.250000e-01
1.250000e-01
1.250000e-01
1.250000e-01
1.250000e-01
1.250000e-01
1.250000e-01
1.250000e-01
1.250000e-01
1.250000e-01
1.250000e-01
1.250000e-01
1.250000e-01
1.250000e-01
1.250000e-01
1.250000e-01
1.250000e-01
1.250000e-01
1.250000e-01
1.250000e-01
1.250000e-01
1.250000e-01
1.250000e-01
1.250001e-01
1.250001e-01
1.250001e-01
1.250002e-01
1.250002e-01
1.250003e-01
1.250004e-01
1.250006e-01
1.250008e-01
1.250011e-01
1.250015e-01
1.250020e-01
1.250027e-01
1.250037e-01
1.250050e-01
1.250067e-01
1.250090e-01
1.250121e-01
1.250161e-01
1.250214e-01
1.250284e-01
1.250376e-01
1.250495e-01
1.250651e-01
1.250853e-01
1.251115e-01
1.251454e-01
1.251890e-01
1.252450e-01
1.253169e-01
1.254089e-01
1.255264e-01
1.256762e-01
1.258670e-01
1.261096e-01
1.264178e-01
1.268091e-01
1.273054e-01
1.279350e-01
1.287333e-01
1.297453e-01
1.310276e-01
1.326506e-01
1.347005e-01
1.372804e-01
1.405088e-01
1.445144e-01
1.494263e-01
1.553583e-01
1.623895e-01
1.705456e-01
1.797859e-01
1.900023e-01
2.010295e-01
2.126683e-01
2.247131e-01
2.369670e-01
2.492663e-01
2.614858e-01
2.735414e-01
2.853812e-01
2.969865e-01
3.083603e-01
3.195235e-01
3.305040e-01
3.413565e-01
3.521237e-01
3.628866e-01
3.737214e-01
3.847090e-01
3.959854e-01
4.076116e-01
4.197688e-01
4.325015e-01
4.460094e-01
4.603058e-01
4.755627e-01
4.917889e-01
