5.312498e-01
5.657574e-01
6.025339e-01
6.409695e-01
6.807828e-01
7.211514e-01
7.614213e-01
8.006672e-01
8.380372e-01
8.725530e-01
9.033877e-01
9.298209e-01
9.514240e-01
9.681345e-01
9.802711e-01
9.885022e-01
9.936917e-01
9.967289e-01
9.983848e-01
9.992316e-01
9.996430e-01
9.998357e-01
9.999242e-01
9.999646e-01
9.999832e-01
9.999919e-01
9.999961e-01
9.999981e-01
9.999990e-01
9.999995e-01
9.999997e-01
9.999999e-01
9.999999e-01
1.000000e+00
1.000000e+00
1.000000e+00
1.000000e+00
1.000000e+00
1.000000e+00
1.000000e+00
1.000000e+00
1.000000e+00
1.000000e+00
1.000000e+00
1.000000e+00
1.000000e+00
1.000000e+00
1.000000e+00
1.000000e+00
1.000000e+00
1.000000e+00
1.000000e+00
1.000000e+00
1.000000e+00
1.000000e+00
1.000000e+00
1.000000e+00
1.000000e+00
1.000000e+00
1.000000e+00
1.000000e+00
1.000000e+00
1.000000e+00
1.000000e+00
1.000000e+00
1.000000e+00
1.000000e+00
1.000000e+00
1.000000e+00
1.000000e+00
1.000000e+00
1.000000e+00
1.000000e+00
1.000000e+00
1.000000e+00
1.000000e+00
1.000000e+00
1.000000e+00
1.000000e+00
1.000000e+00
1.000000e+00
1.000000e+00
1.000000e+00
1.000000e+00
1.000000e+00
1.000000e+00
1.000000e+00
1.000000e+00
1.000000e+00
1.000000e+00
1.000000e+00
1.000000e+00
1.000000e+00
1.000000e+00
1.000000e+00
1.000000e+00
1.000000e+00
1.000000e+00
1.000000e+00
1.000000e+00
1.000000e+00
1.000000e+00
1.000000e+00
1.000000e+00
1.000000e+00
1.000000e+00
1.000000e+00
1.000000e+00
1.000000e+00
1.000000e+00
1.000000e+00
1.000000e+00
1.000000e+00
1.000000e+00
1.000000e+00
1.000000e+00
1.000000e+00
1.000000e+00
1.000000e+00
1.000000e+00
1.000000e+00
1.000000e+00
1.000000e+00
1.000000e+00
1.000000e+00
1.000000e+00
1.000000e+00
1.000000e+00
1.000000e+00
1.000000e+00
1.000000e+00
1.000000e+00
1.000000e+00
1.000000e+00
1.000000e+00
1.000000e+00
1.000000e+00
1.000000e+00
1.000000e+00
1.000000e+00
1.000000e+00
1.000000e+00
1.000000e+00
1.000000e+00
1.000000e+00
1.000000e+00
1.000000e+00
1.000000e+00
1.000000e+00
1.000000e+00
1.000000e+00
1.000000e+00
1.000000e+00
1.000000e+00
1.000000e+00
1.000000e+00
1.000000e+00
1.000000e+00
1.000000e+00
1.000000e+00
1.000000e+00
1.000000e+00
1.000000e+00
1.000000e+00
1.000000e+00
1.000000e+00
1.000000e+00
1.000000e+00
1.000000e+00
1.000000e+00
1.000000e+00
1.000000e+00
1.000000e+00
1.000000e+00
1.000000e+00
1.000000e+00
1.000000e+00
1.000000e+00
1.000000e+00
1.000000e+00
1.000000e+00
1.000000e+00
1.000000e+00
1.000000e+00
1.000000e+00
1.000000e+00
1.000000e+00
1.000000e+00
1.000000e+00
1.000000e+00
1.000000e+00
1.000000e+00
1.000000e+00
1.000000e+00
1.000000e+00
1.000000e+00
1.000000e+00
1.000000e+00
1.000000e+00
1.000000e+00
1.000000e+00
1.000000e+00
1.000000e+00
1.000000e+00
1.000000e+00
1.000000e+00
1.000000e+00
1.000000e+00
1.000000e+00
1.000000e+00
1.000000e+00
1.000000e+00
1.000000e+00
1.000000e+00
1.000000e+00
1.000000e+00
1.000000e+00
1.000000e+00
1.000000e+00
1.000000e+00
1.000000e+00
1.000000e+00
9.999999e-01
9.999999e-01
9.999998e-01
9.999996e-01
9.999993e-01
9.999986e-01
9.999972e-01
9.999943e-01
9.999884e-01
9.999762e-01
9.999508e-01
9.998979e-01
9.997875e-01
9.995600e-01
9.990996e-01
9.981949e-01
9.964881e-01
9.934290e-01
9.882660e-01
9.801098e-01
9.680724e-01
9.514494e-01
9.298885e-01
9.034375e-01
8.725337e-01
8.379119e-01
8.004282e-01
7.610827e-01
7.207471e-01
6.803541e-01
6.405656e-01
6.021807e-01
5.654945e-01
5.311217e-01
4.989954e-01
4.697023e-01
4.426747e-01
4.175850e-01
3.940031e-01
3.715074e-01
3.496829e-01
3.281837e-01
3.067889e-01
2.854224e-01
2.641675e-01
2.432992e-01
2.232182e-01
2.044293e-01
1.874498e-01
1.727134e-01
1.604751e-01
1.507504e-01
1.433284e-01
1.378522e-01
1.339147e-01
1.311341e-01
1.291936e-01
1.278498e-01
1.269247e-01
1.262913e-01
1.258599e-01
1.255681e-01
1.253722e-01
1.252416e-01
1.251553e-01
1.250989e-01
1.250624e-01
1.250389e-01
1.250241e-01
1.250147e-01
1.250089e-01
1.250053e-01
1.250032e-01
1.250018e-01
1.250011e-01
1.250006e-01
1.250003e-01
1.250002e-01
1.250001e-01
1.250001e-01
1.250000e-01
1.250000e-01
1.250000e-01
1.250000e-01
1.250000e-01
1.250000e-01
1.250000e-01
1.250000e-01
1.250000e-01
1.250000e-01
1.250000e-01
1.250000e-01
1.250000e-01
1.250000e-01
1.250000e-01
1.250000e-01
1.250000e-01
1.250000e-01
1.250000e-01
1.250000e-01
1.250000e-01
1.250000e-01
1.250000e-01
1.250000e-01
1.250000e-01
1.250000e-01
1.250000e-01
1.250000e-01
1.250000e-01
1.250000e-01
1.250000e-01
1.250000e-01
1.250000e-01
1.250000e-01
1.250000e-01
1.250000e-01
1.250000e-01
1.250000e-01
1.250000e-01
1.250000e-01
1.250000e-01
1.250000e-01
1.250000e-01
1.250000e-01
1.250000e-01
1.250000e-01
1.250000e-01
1.250000e-01
1.250000e-01
1.250000e-01
1.250000e-01
1.250000e-01
1.250000e-01
1.250000e-01
1.250000e-01
1.250000e-01
1.250000e-01
1.250000e-01
1.250000e-01
1.250000e-01
1.250000e-01
1.250000e-01
1.250000e-01
1.250000e-01
1.250000e-01
1.250000e-01
1.250000e-01
1.250000e-01
1.250000e-01
1.250000e-01
1.250000e-01
1.250000e-01
1.250000e-01
1.250000e-01
1.250000e-01
1.250000e-01
1.250000e-01
1.250000e-01
1.250000e-01
1.250000e-01
1.250000e-01
1.250000e-01
1.250000e-01
1.250000e-01
1.250000e-01
1.250000e-01
1.250000e-01
1.250000e-01
1.250000e-01
1.250000e-01
1.250000e-01
1.250000e-01
1.250000e-01
1.250000e-01
1.250000e-01
1.250000e-01
1.250000e-01
1.250000e-01
1.250000e-01
1.250000e-01
1.250000e-01
1.250000e-01
1.250000e-01
1.250000e-01
1.250000e-01
1.250000e-01
1.250000e-01
1.250000e-01
1.250000e-01
1.250000e-01
1.250000e-01
1.250000e-01
1.250000e-01
1.250000e-01
1.250000e-01
1.250000e-01
1.250000e-01
1.250000e-01
1.250000e-01
1.250000e-01
1.250000e-01
1.250000e-01
1.250000e-01
1.250000e-01
1.250000e-01
1.250000e-01
1.250000e-01
1.250000e-01
1.250000e-01
1.250000e-01
1.250000e-01
1.250000e-01
1.250000e-01
1.250000e-01
1.250000e-01
1.250000e-01
1.250000e-01
1.250000e-01
1.250000e-01
1.250000e-01
1.250000e-01
1.250000e-01
1.250000e-01
1.250000e-01
1.250000e-01
1.250000e-01
1.250000e-01
1.250000e-01
1.250000e-01
1.250000e-01
1.250000e-01
1.250000e-01
1.250000e-01
1.250000e-01
1.250000e-01
1.250000e-01
1.250000e-01
1.250000e-01
1.250000e-01
1.250000e-01
1.250000e-01
1.250000e-01
1.250000e-01
1.250000e-01
1.250001e-01
1.250001e-01
1.250002e-01
1.250004e-01
1.250007e-01
1.250012e-01
1.250021e-01
1.250035e-01
1.250059e-01
1.250097e-01
1.250158e-01
1.250256e-01
1.250411e-01
1.250653e-01
1.251028e-01
1.251605e-01
1.252484e-01
1.253810e-01
1.255796e-01
1.258747e-01
1.263100e-01
1.269480e-01
1.278774e-01
1.292234e-01
1.311603e-01
1.339259e-01
1.378301e-01
1.432499e-01
1.505941e-01
1.602299e-01
1.723847e-01
1.870627e-01
2.040222e-01
2.228273e-01
2.429452e-01
2.638556e-01
2.851518e-01
3.065534e-01
3.279667e-01
3.494739e-01
3.713076e-01
3.938153e-01
4.174261e-01
4.425689e-01
4.696812e-01
4.990540e-01
