5.230389e-01
5.509443e-01
5.805865e-01
6.118045e-01
6.443672e-01
6.779503e-01
7.121406e-01
7.465243e-01
7.805420e-01
8.136647e-01
8.452983e-01
8.748038e-01
9.016148e-01
9.252261e-01
9.452593e-01
9.615599e-01
9.742037e-01
9.835005e-01
9.899567e-01
9.941793e-01
9.967784e-01
9.982879e-01
9.991194e-01
9.995573e-01
9.997802e-01
9.998912e-01
9.999459e-01
9.999728e-01
9.999861e-01
9.999928e-01
9.999963e-01
9.999980e-01
9.999989e-01
9.999994e-01
9.999997e-01
9.999998e-01
9.999999e-01
9.999999e-01
1.000000e+00
1.000000e+00
1.000000e+00
1.000000e+00
1.000000e+00
1.000000e+00
1.000000e+00
1.000000e+00
1.000000e+00
1.000000e+00
1.000000e+00
1.000000e+00
1.000000e+00
1.000000e+00
1.000000e+00
1.000000e+00
1.000000e+00
1.000000e+00
1.000000e+00
1.000000e+00
1.000000e+00
1.000000e+00
1.000000e+00
1.000000e+00
1.000000e+00
1.000000e+00
1.000000e+00
1.000000e+00
1.000000e+00
1.000000e+00
1.000000e+00
1.000000e+00
1.000000e+00
1.000000e+00
1.000000e+00
1.000000e+00
1.000000e+00
1.000000e+00
1.000000e+00
1.000000e+00
1.000000e+00
1.000000e+00
1.000000e+00
1.000000e+00
1.000000e+00
1.000000e+00
1.000000e+00
1.000000e+00
1.000000e+00
1.000000e+00
1.000000e+00
1.000000e+00
1.000000e+00
1.000000e+00
1.000000e+00
1.000000e+00
1.000000e+00
1.000000e+00
1.000000e+00
1.000000e+00
1.000000e+00
1.000000e+00
1.000000e+00
1.000000e+00
1.000000e+00
1.000000e+00
1.000000e+00
1.000000e+00
1.000000e+00
1.000000e+00
1.000000e+00
1.000000e+00
1.000000e+00
1.000000e+00
1.000000e+00
1.000000e+00
1.000000e+00
1.000000e+00
1.000000e+00
1.000000e+00
1.000000e+00
1.000000e+00
1.000000e+00
1.000000e+00
1.000000e+00
1.000000e+00
1.000000e+00
1.000000e+00
1.000000e+00
1.000000e+00
1.000000e+00
1.000000e+00
1.000000e+00
1.000000e+00
1.000000e+00
1.000000e+00
1.000000e+00
1.000000e+00
1.000000e+00
1.000000e+00
1.000000e+00
1.000000e+00
1.000000e+00
1.000000e+00
1.000000e+00
1.000000e+00
1.000000e+00
1.000000e+00
1.000000e+00
1.000000e+00
1.000000e+00
1.000000e+00
1.000000e+00
1.000000e+00
1.000000e+00
1.000000e+00
1.000000e+00
1.000000e+00
1.000000e+00
1.000000e+00
1.000000e+00
1.000000e+00
1.000000e+00
1.000000e+00
1.000000e+00
1.000000e+00
1.000000e+00
1.000000e+00
1.000000e+00
1.000000e+00
1.000000e+00
1.000000e+00
1.000000e+00
1.000000e+00
1.000000e+00
1.000000e+00
1.000000e+00
1.000000e+00
1.000000e+00
1.000000e+00
1.000000e+00
1.000000e+00
1.000000e+00
1.000000e+00
1.000000e+00
1.000000e+00
1.000000e+00
1.000000e+00
1.000000e+00
1.000000e+00
1.000000e+00
1.000000e+00
1.000000e+00
1.000000e+00
1.000000e+00
1.000000e+00
1.000000e+00
1.000000e+00
1.000000e+00
1.000000e+00
1.000000e+00
1.000000e+00
1.000000e+00
1.000000e+00
1.000000e+00
1.000000e+00
1.000000e+00
1.000000e+00
1.000000e+00
1.000000e+00
1.000000e+00
1.000000e+00
1.000000e+00
1.000000e+00
1.000000e+00
1.000000e+00
1.000000e+00
1.000000e+00
1.000000e+00
1.000000e+00
9.999999e-01
9.999999e-01
9.999998e-01
9.999996e-01
9.999992e-01
9.999985e-01
9.999973e-01
9.999948e-01
9.999901e-01
9.999810e-01
9.999633e-01
9.999285e-01
9.998604e-01
9.997279e-01
9.994733e-01
9.989939e-01
9.981160e-01
9.965659e-01
9.939464e-01
9.897372e-01
9.833302e-01
9.741076e-01
9.615425e-01
9.453006e-01
9.252899e-01
9.016597e-01
8.747934e-01
8.452081e-01
8.134847e-01
7.802774e-01
7.461917e-01
7.117657e-01
6.775616e-01
6.439867e-01
6.114642e-01
5.803024e-01
5.507250e-01
5.229244e-01
4.969875e-01
4.729749e-01
4.507226e-01
4.299936e-01
4.105490e-01
3.921189e-01
3.744095e-01
3.571539e-01
3.401191e-01
3.231134e-01
3.059891e-01
2.887032e-01
2.712730e-01
2.538258e-01
2.365733e-01
2.198150e-01
2.039120e-01
1.892396e-01
1.761343e-01
1.648365e-01
1.554398e-01
1.478835e-01
1.419842e-01
1.374877e-01
1.341207e-01
1.316299e-01
1.298015e-01
1.284658e-01
1.274932e-01
1.267869e-01
1.262755e-01
1.259062e-01
1.256407e-01
1.254505e-01
1.253150e-01
1.252189e-01
1.251511e-01
1.251037e-01
1.250707e-01
1.250478e-01
1.250322e-01
1.250215e-01
1.250142e-01
1.250094e-01
1.250061e-01
1.250040e-01
1.250026e-01
1.250016e-01
1.250010e-01
1.250007e-01
1.250004e-01
1.250003e-01
1.250002e-01
1.250001e-01
1.250001e-01
1.250000e-01
1.250000e-01
1.250000e-01
1.250000e-01
1.250000e-01
1.250000e-01
1.250000e-01
1.250000e-01
1.250000e-01
1.250000e-01
1.250000e-01
1.250000e-01
1.250000e-01
1.250000e-01
1.250000e-01
1.250000e-01
1.250000e-01
1.250000e-01
1.250000e-01
1.250000e-01
1.250000e-01
1.250000e-01
1.250000e-01
1.250000e-01
1.250000e-01
1.250000e-01
1.250000e-01
1.250000e-01
1.250000e-01
1.250000e-01
1.250000e-01
1.250000e-01
1.250000e-01
1.250000e-01
1.250000e-01
1.250000e-01
1.250000e-01
1.250000e-01
1.250000e-01
1.250000e-01
1.250000e-01
1.250000e-01
1.250000e-01
1.250000e-01
1.250000e-01
1.250000e-01
1.250000e-01
1.250000e-01
1.250000e-01
1.250000e-01
1.250000e-01
1.250000e-01
1.250000e-01
1.250000e-01
1.250000e-01
1.250000e-01
1.250000e-01
1.250000e-01
1.250000e-01
1.250000e-01
1.250000e-01
1.250000e-01
1.250000e-01
1.250000e-01
1.250000e-01
1.250000e-01
1.250000e-01
1.250000e-01
1.250000e-01
1.250000e-01
1.250000e-01
1.250000e-01
1.250000e-01
1.250000e-01
1.250000e-01
1.250000e-01
1.250000e-01
1.250000e-01
1.250000e-01
1.250000e-01
1.250000e-01
1.250000e-01
1.250000e-01
1.250000e-01
1.250000e-01
1.250000e-01
1.250000e-01
1.250000e-01
1.250000e-01
1.250000e-01
1.250000e-01
1.250000e-01
1.250000e-01
1.250000e-01
1.250000e-01
1.250000e-01
1.250000e-01
1.250000e-01
1.250000e-01
1.250000e-01
1.250000e-01
1.250000e-01
1.250000e-01
1.250000e-01
1.250000e-01
1.250000e-01
1.250000e-01
1.250000e-01
1.250000e-01
1.250000e-01
1.250000e-01
1.250000e-01
1.250000e-01
1.250000e-01
1.250000e-01
1.250000e-01
1.250000e-01
1.250000e-01
1.250000e-01
1.250000e-01
1.250000e-01
1.250000e-01
1.250000e-01
1.250000e-01
1.250000e-01
1.250000e-01
1.250000e-01
1.250000e-01
1.250000e-01
1.250000e-01
1.250000e-01
1.250000e-01
1.250000e-01
1.250000e-01
1.250000e-01
1.250000e-01
1.250000e-01
1.250000e-01
1.250000e-01
1.250000e-01
1.250000e-01
1.250000e-01
1.250000e-01
1.250000e-01
1.250000e-01
1.250000e-01
1.250001e-01
1.250001e-01
1.250002e-01
1.250003e-01
1.250005e-01
1.250007e-01
1.250011e-01
1.250018e-01
1.250028e-01
1.250043e-01
1.250065e-01
1.250099e-01
1.250149e-01
1.250224e-01
1.250333e-01
1.250493e-01
1.250725e-01
1.251061e-01
1.251541e-01
1.252226e-01
1.253197e-01
1.254565e-01
1.256482e-01
1.259158e-01
1.262875e-01
1.268019e-01
1.275111e-01
1.284862e-01
1.298222e-01
1.316466e-01
1.341253e-01
1.374679e-01
1.419243e-01
1.477673e-01
1.552564e-01
1.645851e-01
1.758250e-01
1.888921e-01
2.035530e-01
2.194695e-01
2.362573e-01
2.535458e-01
2.710293e-01
2.884889e-01
3.057929e-01
3.229282e-01
3.399396e-01
3.569740e-01
3.742307e-01
3.919474e-01
4.103964e-01
4.298747e-01
4.506436e-01
4.729609e-01
4.970560e-01
