5.215880e-01
5.483993e-01
5.768537e-01
6.068510e-01
6.381587e-01
6.705289e-01
7.035631e-01
7.369124e-01
7.700921e-01
8.026169e-01
8.339537e-01
8.635146e-01
8.907568e-01
9.151702e-01
9.363359e-01
9.540058e-01
9.681325e-01
9.788921e-01
9.866613e-01
9.919639e-01
9.953783e-01
9.974530e-01
9.986470e-01
9.993015e-01
9.996462e-01
9.998225e-01
9.999110e-01
9.999551e-01
9.999771e-01
9.999882e-01
9.999938e-01
9.999967e-01
9.999982e-01
9.999990e-01
9.999995e-01
9.999997e-01
9.999998e-01
9.999999e-01
9.999999e-01
1.000000e+00
1.000000e+00
1.000000e+00
1.000000e+00
1.000000e+00
1.000000e+00
1.000000e+00
1.000000e+00
1.000000e+00
1.000000e+00
1.000000e+00
1.000000e+00
1.000000e+00
1.000000e+00
1.000000e+00
1.000000e+00
1.000000e+00
1.000000e+00
1.000000e+00
1.000000e+00
1.000000e+00
1.000000e+00
1.000000e+00
1.000000e+00
1.000000e+00
1.000000e+00
1.000000e+00
1.000000e+00
1.000000e+00
1.000000e+00
1.000000e+00
1.000000e+00
1.000000e+00
1.000000e+00
1.000000e+00
1.000000e+00
1.000000e+00
1.000000e+00
1.000000e+00
1.000000e+00
1.000000e+00
1.000000e+00
1.000000e+00
1.000000e+00
1.000000e+00
1.000000e+00
1.000000e+00
1.000000e+00
1.000000e+00
1.000000e+00
1.000000e+00
1.000000e+00
1.000000e+00
1.000000e+00
1.000000e+00
1.000000e+00
1.000000e+00
1.000000e+00
1.000000e+00
1.000000e+00
1.000000e+00
1.000000e+00
1.000000e+00
1.000000e+00
1.000000e+00
1.000000e+00
1.000000e+00
1.000000e+00
1.000000e+00
1.000000e+00
1.000000e+00
1.000000e+00
1.000000e+00
1.000000e+00
1.000000e+00
1.000000e+00
1.000000e+00
1.000000e+00
1.000000e+00
1.000000e+00
1.000000e+00
1.000000e+00
1.000000e+00
1.000000e+00
1.000000e+00
1.000000e+00
1.000000e+00
1.000000e+00
1.000000e+00
1.000000e+00
1.000000e+00
1.000000e+00
1.000000e+00
1.000000e+00
1.000000e+00
1.000000e+00
1.000000e+00
1.000000e+00
1.000000e+00
1.000000e+00
1.000000e+00
1.000000e+00
1.000000e+00
1.000000e+00
1.000000e+00
1.000000e+00
1.000000e+00
1.000000e+00
1.000000e+00
1.000000e+00
1.000000e+00
1.000000e+00
1.000000e+00
1.000000e+00
1.000000e+00
1.000000e+00
1.000000e+00
1.000000e+00
1.000000e+00
1.000000e+00
1.000000e+00
1.000000e+00
1.000000e+00
1.000000e+00
1.000000e+00
1.000000e+00
1.000000e+00
1.000000e+00
1.000000e+00
1.000000e+00
1.000000e+00
1.000000e+00
1.000000e+00
1.000000e+00
1.000000e+00
1.000000e+00
1.000000e+00
1.000000e+00
1.000000e+00
1.000000e+00
1.000000e+00
1.000000e+00
1.000000e+00
1.000000e+00
1.000000e+00
1.000000e+00
1.000000e+00
1.000000e+00
1.000000e+00
1.000000e+00
1.000000e+00
1.000000e+00
1.000000e+00
1.000000e+00
1.000000e+00
1.000000e+00
1.000000e+00
1.000000e+00
1.000000e+00
1.000000e+00
1.000000e+00
1.000000e+00
1.000000e+00
1.000000e+00
1.000000e+00
1.000000e+00
1.000000e+00
1.000000e+00
1.000000e+00
1.000000e+00
1.000000e+00
1.000000e+00
1.000000e+00
1.000000e+00
1.000000e+00
1.000000e+00
1.000000e+00
1.000000e+00
9.999999e-01
9.999999e-01
9.999998e-01
9.999996e-01
9.999993e-01
9.999987e-01
9.999976e-01
9.999955e-01
9.999915e-01
9.999839e-01
9.999691e-01
9.999406e-01
9.998853e-01
9.997787e-01
9.995753e-01
9.991937e-01
9.984954e-01
9.972588e-01
9.951552e-01
9.917394e-01
9.864694e-01
9.787626e-01
9.680790e-01
9.540207e-01
9.363920e-01
9.152292e-01
8.907825e-01
8.634766e-01
8.338334e-01
8.024119e-01
7.698108e-01
7.365711e-01
7.031892e-01
6.701468e-01
6.377920e-01
6.065227e-01
5.765801e-01
5.481880e-01
5.214766e-01
4.965442e-01
4.734211e-01
4.519660e-01
4.319489e-01
4.131950e-01
3.954241e-01
3.783736e-01
3.617958e-01
3.454729e-01
3.291998e-01
3.128402e-01
2.963110e-01
2.795907e-01
2.627533e-01
2.459504e-01
2.294125e-01
2.134476e-01
1.984046e-01
1.846307e-01
1.724206e-01
1.619649e-01
1.533106e-01
1.463689e-01
1.409495e-01
1.368082e-01
1.336925e-01
1.313729e-01
1.296573e-01
1.283936e-01
1.274654e-01
1.267850e-01
1.262877e-01
1.259250e-01
1.256616e-01
1.254707e-01
1.253332e-01
1.252346e-01
1.251642e-01
1.251142e-01
1.250790e-01
1.250543e-01
1.250371e-01
1.250251e-01
1.250169e-01
1.250113e-01
1.250075e-01
1.250050e-01
1.250033e-01
1.250021e-01
1.250014e-01
1.250009e-01
1.250006e-01
1.250004e-01
1.250002e-01
1.250001e-01
1.250001e-01
1.250001e-01
1.250000e-01
1.250000e-01
1.250000e-01
1.250000e-01
1.250000e-01
1.250000e-01
1.250000e-01
1.250000e-01
1.250000e-01
1.250000e-01
1.250000e-01
1.250000e-01
1.250000e-01
1.250000e-01
1.250000e-01
1.250000e-01
1.250000e-01
1.250000e-01
1.250000e-01
1.250000e-01
1.250000e-01
1.250000e-01
1.250000e-01
1.250000e-01
1.250000e-01
1.250000e-01
1.250000e-01
1.250000e-01
1.250000e-01
1.250000e-01
1.250000e-01
1.250000e-01
1.250000e-01
1.250000e-01
1.250000e-01
1.250000e-01
1.250000e-01
1.250000e-01
1.250000e-01
1.250000e-01
1.250000e-01
1.250000e-01
1.250000e-01
1.250000e-01
1.250000e-01
1.250000e-01
1.250000e-01
1.250000e-01
1.250000e-01
1.250000e-01
1.250000e-01
1.250000e-01
1.250000e-01
1.250000e-01
1.250000e-01
1.250000e-01
1.250000e-01
1.250000e-01
1.250000e-01
1.250000e-01
1.250000e-01
1.250000e-01
1.250000e-01
1.250000e-01
1.250000e-01
1.250000e-01
1.250000e-01
1.250000e-01
1.250000e-01
1.250000e-01
1.250000e-01
1.250000e-01
1.250000e-01
1.250000e-01
1.250000e-01
1.250000e-01
1.250000e-01
1.250000e-01
1.250000e-01
1.250000e-01
1.250000e-01
1.250000e-01
1.250000e-01
1.250000e-01
1.250000e-01
1.250000e-01
1.250000e-01
1.250000e-01
1.250000e-01
1.250000e-01
1.250000e-01
1.250000e-01
1.250000e-01
1.250000e-01
1.250000e-01
1.250000e-01
1.250000e-01
1.250000e-01
1.250000e-01
1.250000e-01
1.250000e-01
1.250000e-01
1.250000e-01
1.250000e-01
1.250000e-01
1.250000e-01
1.250000e-01
1.250000e-01
1.250000e-01
1.250000e-01
1.250000e-01
1.250000e-01
1.250000e-01
1.250000e-01
1.250000e-01
1.250000e-01
1.250000e-01
1.250000e-01
1.250000e-01
1.250000e-01
1.250000e-01
1.250000e-01
1.250000e-01
1.250000e-01
1.250000e-01
1.250000e-01
1.250000e-01
1.250000e-01
1.250000e-01
1.250000e-01
1.250000e-01
1.250000e-01
1.250000e-01
1.250000e-01
1.250000e-01
1.250000e-01
1.250000e-01
1.250000e-01
1.250000e-01
1.250000e-01
1.250000e-01
1.250000e-01
1.250001e-01
1.250001e-01
1.250002e-01
1.250003e-01
1.250004e-01
1.250006e-01
1.250010e-01
1.250015e-01
1.250023e-01
1.250035e-01
1.250053e-01
1.250079e-01
1.250119e-01
1.250176e-01
1.250260e-01
1.250382e-01
1.250557e-01
1.250808e-01
1.251165e-01
1.251670e-01
1.252381e-01
1.253377e-01
1.254763e-01
1.256686e-01
1.259340e-01
1.262989e-01
1.267989e-01
1.274820e-01
1.284126e-01
1.296769e-01
1.313894e-01
1.336989e-01
1.367937e-01
1.409000e-01
1.462690e-01
1.531483e-01
1.617368e-01
1.721337e-01
1.843005e-01
1.980547e-01
2.131030e-01
2.290921e-01
2.456628e-01
2.625014e-01
2.793697e-01
2.961118e-01
3.126588e-01
3.290231e-01
3.452978e-01
3.616207e-01
3.782001e-01
3.952576e-01
4.130471e-01
4.318346e-01
4.518917e-01
4.734101e-01
4.966140e-01
