5.038547e-01
5.192603e-01
5.354800e-01
5.525342e-01
5.703822e-01
5.890133e-01
6.083408e-01
6.283390e-01
6.489229e-01
6.700216e-01
6.915378e-01
7.133767e-01
7.354211e-01
7.575537e-01
7.796151e-01
8.014655e-01
8.229325e-01
8.438316e-01
8.639698e-01
8.831420e-01
9.011518e-01
9.178077e-01
9.329389e-01
9.464120e-01
9.581363e-01
9.680864e-01
9.762985e-01
9.828745e-01
9.879735e-01
9.917949e-01
9.945610e-01
9.964941e-01
9.977991e-01
9.986512e-01
9.991907e-01
9.995228e-01
9.997224e-01
9.998400e-01
9.999083e-01
9.999475e-01
9.999699e-01
9.999826e-01
9.999899e-01
9.999941e-01
9.999965e-01
9.999979e-01
9.999988e-01
9.999993e-01
9.999995e-01
9.999997e-01
9.999998e-01
9.999999e-01
9.999999e-01
1.000000e+00
1.000000e+00
1.000000e+00
1.000000e+00
1.000000e+00
1.000000e+00
1.000000e+00
1.000000e+00
1.000000e+00
1.000000e+00
1.000000e+00
1.000000e+00
1.000000e+00
1.000000e+00
1.000000e+00
1.000000e+00
1.000000e+00
1.000000e+00
1.000000e+00
1.000000e+00
1.000000e+00
1.000000e+00
1.000000e+00
1.000000e+00
1.000000e+00
1.000000e+00
1.000000e+00
1.000000e+00
1.000000e+00
1.000000e+00
1.000000e+00
1.000000e+00
1.000000e+00
1.000000e+00
1.000000e+00
1.000000e+00
1.000000e+00
1.000000e+00
1.000000e+00
1.000000e+00
1.000000e+00
1.000000e+00
1.000000e+00
1.000000e+00
1.000000e+00
1.000000e+00
1.000000e+00
1.000000e+00
1.000000e+00
1.000000e+00
1.000000e+00
1.000000e+00
1.000000e+00
1.000000e+00
1.000000e+00
1.000000e+00
1.000000e+00
1.000000e+00
1.000000e+00
1.000000e+00
1.000000e+00
1.000000e+00
1.000000e+00
1.000000e+00
1.000000e+00
1.000000e+00
1.000000e+00
1.000000e+00
1.000000e+00
1.000000e+00
1.000000e+00
1.000000e+00
1.000000e+00
1.000000e+00
1.000000e+00
1.000000e+00
1.000000e+00
1.000000e+00
1.000000e+00
1.000000e+00
1.000000e+00
1.000000e+00
1.000000e+00
1.000000e+00
1.000000e+00
1.000000e+00
1.000000e+00
1.000000e+00
1.000000e+00
1.000000e+00
1.000000e+00
1.000000e+00
1.000000e+00
1.000000e+00
1.000000e+00
1.000000e+00
1.000000e+00
1.000000e+00
1.000000e+00
1.000000e+00
1.000000e+00
1.000000e+00
1.000000e+00
1.000000e+00
1.000000e+00
1.000000e+00
1.000000e+00
1.000000e+00
1.000000e+00
1.000000e+00
1.000000e+00
1.000000e+00
1.000000e+00
1.000000e+00
1.000000e+00
1.000000e+00
1.000000e+00
1.000000e+00
1.000000e+00
1.000000e+00
1.000000e+00
1.000000e+00
1.000000e+00
1.000000e+00
1.000000e+00
1.000000e+00
1.000000e+00
1.000000e+00
1.000000e+00
1.000000e+00
1.000000e+00
1.000000e+00
1.000000e+00
1.000000e+00
1.000000e+00
1.000000e+00
1.000000e+00
1.000000e+00
1.000000e+00
1.000000e+00
1.000000e+00
1.000000e+00
1.000000e+00
1.000000e+00
1.000000e+00
1.000000e+00
1.000000e+00
1.000000e+00
1.000000e+00
9.999999e-01
9.999999e-01
9.999999e-01
9.999998e-01
9.999996e-01
9.999994e-01
9.999990e-01
9.999984e-01
9.999973e-01
9.999955e-01
9.999924e-01
9.999871e-01
9.999779e-01
9.999621e-01
9.999350e-01
9.998887e-01
9.998101e-01
9.996782e-01
9.994601e-01
9.991055e-01
9.985411e-01
9.976644e-01
9.963392e-01
9.943946e-01
9.916292e-01
9.878225e-01
9.827517e-01
9.762131e-01
9.680422e-01
9.581305e-01
9.464362e-01
9.329806e-01
9.178528e-01
9.011863e-01
8.831533e-01
8.639485e-01
8.437703e-01
8.228290e-01
8.013195e-01
7.794294e-01
7.573332e-01
7.351725e-01
7.131068e-01
6.912553e-01
6.697353e-01
6.486375e-01
6.280639e-01
6.080828e-01
5.887763e-01
5.701707e-01
5.523496e-01
5.353287e-01
5.191413e-01
5.037762e-01
4.892411e-01
4.755359e-01
4.625891e-01
4.503936e-01
4.388635e-01
4.279198e-01
4.175228e-01
4.075381e-01
3.979257e-01
3.885783e-01
3.794258e-01
3.703962e-01
3.614246e-01
3.524686e-01
3.434740e-01
3.344105e-01
3.252503e-01
3.159611e-01
3.065228e-01
2.969131e-01
2.871113e-01
2.771030e-01
2.668827e-01
2.564629e-01
2.458725e-01
2.351682e-01
2.244368e-01
2.137948e-01
2.033867e-01
1.933715e-01
1.839136e-01
1.751609e-01
1.672290e-01
1.601899e-01
1.540667e-01
1.488363e-01
1.444382e-01
1.407874e-01
1.377873e-01
1.353396e-01
1.333527e-01
1.317449e-01
1.304457e-01
1.293969e-01
1.285503e-01
1.278662e-01
1.273139e-01
1.268675e-01
1.265062e-01
1.262145e-01
1.259783e-01
1.257871e-01
1.256331e-01
1.255082e-01
1.254074e-01
1.253265e-01
1.252608e-01
1.252081e-01
1.251660e-01
1.251319e-01
1.251047e-01
1.250830e-01
1.250655e-01
1.250517e-01
1.250408e-01
1.250319e-01
1.250251e-01
1.250196e-01
1.250153e-01
1.250119e-01
1.250092e-01
1.250071e-01
1.250055e-01
1.250043e-01
1.250033e-01
1.250025e-01
1.250019e-01
1.250015e-01
1.250011e-01
1.250008e-01
1.250006e-01
1.250005e-01
1.250004e-01
1.250003e-01
1.250002e-01
1.250002e-01
1.250001e-01
1.250001e-01
1.250001e-01
1.250000e-01
1.250000e-01
1.250000e-01
1.250000e-01
1.250000e-01
1.250000e-01
1.250000e-01
1.250000e-01
1.250000e-01
1.250000e-01
1.250000e-01
1.250000e-01
1.250000e-01
1.250000e-01
1.250000e-01
1.250000e-01
1.250000e-01
1.250000e-01
1.250000e-01
1.250000e-01
1.250000e-01
1.250000e-01
1.250000e-01
1.250000e-01
1.250000e-01
1.250000e-01
1.250000e-01
1.250000e-01
1.250000e-01
1.250000e-01
1.250000e-01
1.250000e-01
1.250000e-01
1.250000e-01
1.250000e-01
1.250000e-01
1.250000e-01
1.250000e-01
1.250000e-01
1.250000e-01
1.250000e-01
1.250000e-01
1.250000e-01
1.250000e-01
1.250000e-01
1.250000e-01
1.250000e-01
1.250000e-01
1.250000e-01
1.250000e-01
1.250000e-01
1.250000e-01
1.250000e-01
1.250000e-01
1.250000e-01
1.250000e-01
1.250000e-01
1.250000e-01
1.250000e-01
1.250000e-01
1.250000e-01
1.250000e-01
1.250000e-01
1.250000e-01
1.250000e-01
1.250000e-01
1.250000e-01
1.250000e-01
1.250000e-01
1.250000e-01
1.250000e-01
1.250000e-01
1.250000e-01
1.250000e-01
1.250000e-01
1.250000e-01
1.250000e-01
1.250000e-01
1.250001e-01
1.250001e-01
1.250001e-01
1.250002e-01
1.250002e-01
1.250003e-01
1.250004e-01
1.250005e-01
1.250007e-01
1.250009e-01
1.250011e-01
1.250015e-01
1.250020e-01
1.250026e-01
1.250033e-01
1.250043e-01
1.250056e-01
1.250073e-01
1.250093e-01
1.250120e-01
1.250154e-01
1.250198e-01
1.250253e-01
1.250322e-01
1.250410e-01
1.250520e-01
1.250659e-01
1.250833e-01
1.251052e-01
1.251325e-01
1.251665e-01
1.252090e-01
1.252618e-01
1.253275e-01
1.254090e-01
1.255101e-01
1.256353e-01
1.257902e-01
1.259818e-01
1.262188e-01
1.265116e-01
1.268736e-01
1.273212e-01
1.278746e-01
1.285592e-01
1.294062e-01
1.304544e-01
1.317514e-01
1.333549e-01
1.353339e-01
1.377691e-01
1.407512e-01
1.443775e-01
1.487450e-01
1.539401e-01
1.600259e-01
1.670297e-01
1.749325e-01
1.836654e-01
1.931138e-01
2.031295e-01
2.135477e-01
2.242074e-01
2.349601e-01
2.456861e-01
2.562967e-01
2.667345e-01
2.769685e-01
2.869870e-01
2.967957e-01
3.064097e-01
3.158490e-01
3.251361e-01
3.342924e-01
3.433541e-01
3.523425e-01
3.612966e-01
3.702634e-01
3.792931e-01
3.884451e-01
3.978008e-01
4.074174e-01
4.174163e-01
4.278279e-01
4.387970e-01
4.503541e-01
4.625772e-01
4.755588e-01
4.892941e-01
