5.004349e-01
5.140877e-01
5.284465e-01
5.435145e-01
5.592782e-01
5.757139e-01
5.927826e-01
6.104636e-01
6.286993e-01
6.474400e-01
6.666357e-01
6.862042e-01
7.060844e-01
7.261935e-01
7.464369e-01
7.667120e-01
7.869069e-01
8.069008e-01
8.265592e-01
8.457349e-01
8.642775e-01
8.820197e-01
8.988050e-01
9.144749e-01
9.288849e-01
9.419130e-01
9.534668e-01
9.634973e-01
9.720031e-01
9.790331e-01
9.846848e-01
9.890974e-01
9.924385e-01
9.948901e-01
9.966331e-01
9.978344e-01
9.986377e-01
9.991599e-01
9.994907e-01
9.996955e-01
9.998198e-01
9.998941e-01
9.999380e-01
9.999637e-01
9.999787e-01
9.999875e-01
9.999926e-01
9.999956e-01
9.999973e-01
9.999984e-01
9.999990e-01
9.999994e-01
9.999996e-01
9.999998e-01
9.999999e-01
9.999999e-01
9.999999e-01
1.000000e+00
1.000000e+00
1.000000e+00
1.000000e+00
1.000000e+00
1.000000e+00
1.000000e+00
1.000000e+00
1.000000e+00
1.000000e+00
1.000000e+00
1.000000e+00
1.000000e+00
1.000000e+00
1.000000e+00
1.000000e+00
1.000000e+00
1.000000e+00
1.000000e+00
1.000000e+00
1.000000e+00
1.000000e+00
1.000000e+00
1.000000e+00
1.000000e+00
1.000000e+00
1.000000e+00
1.000000e+00
1.000000e+00
1.000000e+00
1.000000e+00
1.000000e+00
1.000000e+00
1.000000e+00
1.000000e+00
1.000000e+00
1.000000e+00
1.000000e+00
1.000000e+00
1.000000e+00
1.000000e+00
1.000000e+00
1.000000e+00
1.000000e+00
1.000000e+00
1.000000e+00
1.000000e+00
1.000000e+00
1.000000e+00
1.000000e+00
1.000000e+00
1.000000e+00
1.000000e+00
1.000000e+00
1.000000e+00
1.000000e+00
1.000000e+00
1.000000e+00
1.000000e+00
1.000000e+00
1.000000e+00
1.000000e+00
1.000000e+00
1.000000e+00
1.000000e+00
1.000000e+00
1.000000e+00
1.000000e+00
1.000000e+00
1.000000e+00
1.000000e+00
1.000000e+00
1.000000e+00
1.000000e+00
1.000000e+00
1.000000e+00
1.000000e+00
1.000000e+00
1.000000e+00
1.000000e+00
1.000000e+00
1.000000e+00
1.000000e+00
1.000000e+00
1.000000e+00
1.000000e+00
1.000000e+00
1.000000e+00
1.000000e+00
1.000000e+00
1.000000e+00
1.000000e+00
1.000000e+00
1.000000e+00
1.000000e+00
1.000000e+00
1.000000e+00
1.000000e+00
1.000000e+00
1.000000e+00
1.000000e+00
1.000000e+00
1.000000e+00
1.000000e+00
1.000000e+00
1.000000e+00
1.000000e+00
1.000000e+00
1.000000e+00
1.000000e+00
1.000000e+00
1.000000e+00
1.000000e+00
1.000000e+00
1.000000e+00
1.000000e+00
1.000000e+00
1.000000e+00
1.000000e+00
1.000000e+00
1.000000e+00
1.000000e+00
1.000000e+00
1.000000e+00
1.000000e+00
1.000000e+00
1.000000e+00
1.000000e+00
1.000000e+00
1.000000e+00
1.000000e+00
1.000000e+00
1.000000e+00
1.000000e+00
1.000000e+00
1.000000e+00
1.000000e+00
1.000000e+00
1.000000e+00
1.000000e+00
1.000000e+00
1.000000e+00
9.999999e-01
9.999999e-01
9.999998e-01
9.999997e-01
9.999995e-01
9.999992e-01
9.999987e-01
9.999979e-01
9.999966e-01
9.999943e-01
9.999905e-01
9.999841e-01
9.999733e-01
9.999551e-01
9.999245e-01
9.998735e-01
9.997892e-01
9.996515e-01
9.994297e-01
9.990787e-01
9.985344e-01
9.977094e-01
9.964898e-01
9.947353e-01
9.922821e-01
9.889506e-01
9.845592e-01
9.789375e-01
9.719426e-01
9.634721e-01
9.534725e-01
9.419411e-01
9.289251e-01
9.145155e-01
8.988349e-01
8.820293e-01
8.642592e-01
8.456832e-01
8.264716e-01
8.067769e-01
7.867482e-01
7.665221e-01
7.462194e-01
7.259549e-01
7.058302e-01
6.859402e-01
6.663689e-01
6.471747e-01
6.284416e-01
6.102185e-01
5.925554e-01
5.755055e-01
5.590928e-01
5.433546e-01
5.283140e-01
5.139818e-01
5.003625e-01
4.874472e-01
4.752365e-01
4.636725e-01
4.527393e-01
4.424008e-01
4.325672e-01
4.232087e-01
4.142561e-01
4.056131e-01
3.972432e-01
3.890613e-01
3.810152e-01
3.730582e-01
3.651277e-01
3.572047e-01
3.492482e-01
3.412412e-01
3.331624e-01
3.250019e-01
3.167379e-01
3.083608e-01
2.998485e-01
2.911847e-01
2.823490e-01
2.733250e-01
2.641006e-01
2.546794e-01
2.450779e-01
2.353350e-01
2.255151e-01
2.157090e-01
2.060327e-01
1.966191e-01
1.876109e-01
1.791448e-01
1.713374e-01
1.642747e-01
1.580044e-01
1.525343e-01
1.478367e-01
1.438562e-01
1.405201e-01
1.377475e-01
1.354572e-01
1.335734e-01
1.320280e-01
1.307618e-01
1.297249e-01
1.288759e-01
1.281803e-01
1.276098e-01
1.271421e-01
1.267582e-01
1.264425e-01
1.261834e-01
1.259706e-01
1.257952e-01
1.256513e-01
1.255333e-01
1.254357e-01
1.253559e-01
1.252907e-01
1.252367e-01
1.251926e-01
1.251568e-01
1.251272e-01
1.251030e-01
1.250835e-01
1.250675e-01
1.250543e-01
1.250439e-01
1.250353e-01
1.250282e-01
1.250227e-01
1.250182e-01
1.250145e-01
1.250115e-01
1.250092e-01
1.250073e-01
1.250058e-01
1.250046e-01
1.250036e-01
1.250028e-01
1.250022e-01
1.250018e-01
1.250014e-01
1.250011e-01
1.250008e-01
1.250007e-01
1.250005e-01
1.250004e-01
1.250003e-01
1.250002e-01
1.250002e-01
1.250001e-01
1.250001e-01
1.250001e-01
1.250001e-01
1.250000e-01
1.250000e-01
1.250000e-01
1.250000e-01
1.250000e-01
1.250000e-01
1.250000e-01
1.250000e-01
1.250000e-01
1.250000e-01
1.250000e-01
1.250000e-01
1.250000e-01
1.250000e-01
1.250000e-01
1.250000e-01
1.250000e-01
1.250000e-01
1.250000e-01
1.250000e-01
1.250000e-01
1.250000e-01
1.250000e-01
1.250000e-01
1.250000e-01
1.250000e-01
1.250000e-01
1.250000e-01
1.250000e-01
1.250000e-01
1.250000e-01
1.250000e-01
1.250000e-01
1.250000e-01
1.250000e-01
1.250000e-01
1.250000e-01
1.250000e-01
1.250000e-01
1.250000e-01
1.250000e-01
1.250000e-01
1.250000e-01
1.250000e-01
1.250000e-01
1.250000e-01
1.250000e-01
1.250000e-01
1.250000e-01
1.250000e-01
1.250000e-01
1.250000e-01
1.250000e-01
1.250000e-01
1.250000e-01
1.250000e-01
1.250000e-01
1.250000e-01
1.250000e-01
1.250000e-01
1.250001e-01
1.250001e-01
1.250001e-01
1.250001e-01
1.250002e-01
1.250002e-01
1.250003e-01
1.250004e-01
1.250005e-01
1.250007e-01
1.250009e-01
1.250011e-01
1.250014e-01
1.250018e-01
1.250023e-01
1.250029e-01
1.250037e-01
1.250046e-01
1.250058e-01
1.250074e-01
1.250093e-01
1.250116e-01
1.250146e-01
1.250183e-01
1.250228e-01
1.250284e-01
1.250354e-01
1.250440e-01
1.250546e-01
1.250677e-01
1.250837e-01
1.251034e-01
1.251276e-01
1.251571e-01
1.251933e-01
1.252375e-01
1.252914e-01
1.253571e-01
1.254372e-01
1.255347e-01
1.256535e-01
1.257978e-01
1.259735e-01
1.261872e-01
1.264471e-01
1.267632e-01
1.271482e-01
1.276168e-01
1.281877e-01
1.288839e-01
1.297330e-01
1.307688e-01
1.320329e-01
1.335741e-01
1.354508e-01
1.377302e-01
1.404874e-01
1.438028e-01
1.477573e-01
1.524244e-01
1.578614e-01
1.640991e-01
1.711329e-01
1.789182e-01
1.873710e-01
1.963749e-01
2.057925e-01
2.154807e-01
2.253043e-01
2.351442e-01
2.449072e-01
2.545274e-01
2.639645e-01
2.732019e-01
2.822359e-01
2.910781e-01
2.997455e-01
3.082592e-01
3.166360e-01
3.248985e-01
3.330547e-01
3.411314e-01
3.491313e-01
3.570872e-01
3.650050e-01
3.729349e-01
3.808890e-01
3.889359e-01
3.971234e-01
4.054981e-01
4.141543e-01
4.231200e-01
4.324956e-01
4.423501e-01
4.527098e-01
4.636706e-01
4.752611e-01
4.874985e-01
