5.077187e-01
5.252751e-01
5.437868e-01
5.633059e-01
5.837434e-01
6.050308e-01
6.271305e-01
6.499196e-01
6.733007e-01
6.971418e-01
7.213090e-01
7.456420e-01
7.699494e-01
7.940434e-01
8.177065e-01
8.407031e-01
8.627820e-01
8.836856e-01
9.031649e-01
9.209833e-01
9.369435e-01
9.508940e-01
9.627645e-01
9.725646e-01
9.803914e-01
9.864238e-01
9.908998e-01
9.940942e-01
9.962855e-01
9.977313e-01
9.986505e-01
9.992151e-01
9.995517e-01
9.997472e-01
9.998585e-01
9.999211e-01
9.999559e-01
9.999753e-01
9.999860e-01
9.999920e-01
9.999954e-01
9.999973e-01
9.999984e-01
9.999991e-01
9.999994e-01
9.999997e-01
9.999998e-01
9.999999e-01
9.999999e-01
1.000000e+00
1.000000e+00
1.000000e+00
1.000000e+00
1.000000e+00
1.000000e+00
1.000000e+00
1.000000e+00
1.000000e+00
1.000000e+00
1.000000e+00
1.000000e+00
1.000000e+00
1.000000e+00
1.000000e+00
1.000000e+00
1.000000e+00
1.000000e+00
1.000000e+00
1.000000e+00
1.000000e+00
1.000000e+00
1.000000e+00
1.000000e+00
1.000000e+00
1.000000e+00
1.000000e+00
1.000000e+00
1.000000e+00
1.000000e+00
1.000000e+00
1.000000e+00
1.000000e+00
1.000000e+00
1.000000e+00
1.000000e+00
1.000000e+00
1.000000e+00
1.000000e+00
1.000000e+00
1.000000e+00
1.000000e+00
1.000000e+00
1.000000e+00
1.000000e+00
1.000000e+00
1.000000e+00
1.000000e+00
1.000000e+00
1.000000e+00
1.000000e+00
1.000000e+00
1.000000e+00
1.000000e+00
1.000000e+00
1.000000e+00
1.000000e+00
1.000000e+00
1.000000e+00
1.000000e+00
1.000000e+00
1.000000e+00
1.000000e+00
1.000000e+00
1.000000e+00
1.000000e+00
1.000000e+00
1.000000e+00
1.000000e+00
1.000000e+00
1.000000e+00
1.000000e+00
1.000000e+00
1.000000e+00
1.000000e+00
1.000000e+00
1.000000e+00
1.000000e+00
1.000000e+00
1.000000e+00
1.000000e+00
1.000000e+00
1.000000e+00
1.000000e+00
1.000000e+00
1.000000e+00
1.000000e+00
1.000000e+00
1.000000e+00
1.000000e+00
1.000000e+00
1.000000e+00
1.000000e+00
1.000000e+00
1.000000e+00
1.000000e+00
1.000000e+00
1.000000e+00
1.000000e+00
1.000000e+00
1.000000e+00
1.000000e+00
1.000000e+00
1.000000e+00
1.000000e+00
1.000000e+00
1.000000e+00
1.000000e+00
1.000000e+00
1.000000e+00
1.000000e+00
1.000000e+00
1.000000e+00
1.000000e+00
1.000000e+00
1.000000e+00
1.000000e+00
1.000000e+00
1.000000e+00
1.000000e+00
1.000000e+00
1.000000e+00
1.000000e+00
1.000000e+00
1.000000e+00
1.000000e+00
1.000000e+00
1.000000e+00
1.000000e+00
1.000000e+00
1.000000e+00
1.000000e+00
1.000000e+00
1.000000e+00
1.000000e+00
1.000000e+00
1.000000e+00
1.000000e+00
1.000000e+00
1.000000e+00
1.000000e+00
1.000000e+00
1.000000e+00
1.000000e+00
1.000000e+00
1.000000e+00
1.000000e+00
1.000000e+00
1.000000e+00
1.000000e+00
1.000000e+00
1.000000e+00
1.000000e+00
1.000000e+00
1.000000e+00
1.000000e+00
1.000000e+00
9.999999e-01
9.999999e-01
9.999998e-01
9.999997e-01
9.999996e-01
9.999993e-01
9.999988e-01
9.999980e-01
9.999965e-01
9.999940e-01
9.999896e-01
9.999819e-01
9.999684e-01
9.999445e-01
9.999026e-01
9.998293e-01
9.997027e-01
9.994868e-01
9.991249e-01
9.985318e-01
9.975847e-01
9.961165e-01
9.939143e-01
9.907249e-01
9.862712e-01
9.802763e-01
9.724958e-01
9.627428e-01
9.509115e-01
9.369859e-01
9.210331e-01
9.032039e-01
8.836978e-01
8.627549e-01
8.406279e-01
8.175810e-01
7.938681e-01
7.697295e-01
7.453841e-01
7.210241e-01
6.968391e-01
6.729918e-01
6.496130e-01
6.268366e-01
6.047599e-01
5.834992e-01
5.630927e-01
5.436139e-01
5.251391e-01
5.076321e-01
4.911208e-01
4.755962e-01
4.609813e-01
4.472673e-01
4.342982e-01
4.220546e-01
4.103808e-01
3.991925e-01
3.883730e-01
3.778282e-01
3.674499e-01
3.571629e-01
3.468863e-01
3.365638e-01
3.261408e-01
3.155698e-01
3.048162e-01
2.938575e-01
2.826740e-01
2.712648e-01
2.596498e-01
2.478746e-01
2.360167e-01
2.241899e-01
2.125440e-01
2.012586e-01
1.905246e-01
1.805320e-01
1.714399e-01
1.633586e-01
1.563387e-01
1.503700e-01
1.453901e-01
1.412999e-01
1.379818e-01
1.353140e-01
1.331825e-01
1.314860e-01
1.301384e-01
1.290696e-01
1.282215e-01
1.275490e-01
1.270157e-01
1.265922e-01
1.262568e-01
1.259905e-01
1.257795e-01
1.256127e-01
1.254803e-01
1.253762e-01
1.252938e-01
1.252289e-01
1.251782e-01
1.251380e-01
1.251069e-01
1.250825e-01
1.250634e-01
1.250487e-01
1.250372e-01
1.250284e-01
1.250216e-01
1.250164e-01
1.250124e-01
1.250094e-01
1.250070e-01
1.250053e-01
1.250039e-01
1.250029e-01
1.250022e-01
1.250016e-01
1.250012e-01
1.250009e-01
1.250006e-01
1.250005e-01
1.250003e-01
1.250002e-01
1.250002e-01
1.250001e-01
1.250001e-01
1.250001e-01
1.250000e-01
1.250000e-01
1.250000e-01
1.250000e-01
1.250000e-01
1.250000e-01
1.250000e-01
1.250000e-01
1.250000e-01
1.250000e-01
1.250000e-01
1.250000e-01
1.250000e-01
1.250000e-01
1.250000e-01
1.250000e-01
1.250000e-01
1.250000e-01
1.250000e-01
1.250000e-01
1.250000e-01
1.250000e-01
1.250000e-01
1.250000e-01
1.250000e-01
1.250000e-01
1.250000e-01
1.250000e-01
1.250000e-01
1.250000e-01
1.250000e-01
1.250000e-01
1.250000e-01
1.250000e-01
1.250000e-01
1.250000e-01
1.250000e-01
1.250000e-01
1.250000e-01
1.250000e-01
1.250000e-01
1.250000e-01
1.250000e-01
1.250000e-01
1.250000e-01
1.250000e-01
1.250000e-01
1.250000e-01
1.250000e-01
1.250000e-01
1.250000e-01
1.250000e-01
1.250000e-01
1.250000e-01
1.250000e-01
1.250000e-01
1.250000e-01
1.250000e-01
1.250000e-01
1.250000e-01
1.250000e-01
1.250000e-01
1.250000e-01
1.250000e-01
1.250000e-01
1.250000e-01
1.250000e-01
1.250000e-01
1.250000e-01
1.250000e-01
1.250000e-01
1.250000e-01
1.250000e-01
1.250000e-01
1.250000e-01
1.250000e-01
1.250000e-01
1.250000e-01
1.250000e-01
1.250000e-01
1.250000e-01
1.250000e-01
1.250000e-01
1.250000e-01
1.250000e-01
1.250000e-01
1.250000e-01
1.250000e-01
1.250000e-01
1.250000e-01
1.250000e-01
1.250000e-01
1.250000e-01
1.250000e-01
1.250000e-01
1.250001e-01
1.250001e-01
1.250001e-01
1.250001e-01
1.250002e-01
1.250003e-01
1.250004e-01
1.250005e-01
1.250007e-01
1.250009e-01
1.250012e-01
1.250017e-01
1.250022e-01
1.250030e-01
1.250040e-01
1.250054e-01
1.250072e-01
1.250095e-01
1.250126e-01
1.250166e-01
1.250219e-01
1.250287e-01
1.250376e-01
1.250491e-01
1.250639e-01
1.250830e-01
1.251075e-01
1.251389e-01
1.251790e-01
1.252301e-01
1.252952e-01
1.253779e-01
1.254827e-01
1.256153e-01
1.257831e-01
1.259948e-01
1.262620e-01
1.265989e-01
1.270233e-01
1.275581e-01
1.282318e-01
1.290804e-01
1.301492e-01
1.314945e-01
1.331862e-01
1.353087e-01
1.379615e-01
1.412577e-01
1.453179e-01
1.502609e-01
1.561879e-01
1.631659e-01
1.712103e-01
1.802751e-01
1.902522e-01
2.009823e-01
2.122762e-01
2.239401e-01
2.357898e-01
2.476722e-01
2.594695e-01
2.711037e-01
2.825282e-01
2.937219e-01
3.046875e-01
3.154439e-01
3.260147e-01
3.364352e-01
3.467538e-01
3.570263e-01
3.673071e-01
3.776878e-01
3.882304e-01
3.990591e-01
4.102533e-01
4.219493e-01
4.342105e-01
4.472119e-01
4.609569e-01
4.756152e-01
4.911779e-01
