5.078118e-01
5.254222e-01
5.439914e-01
5.635723e-01
5.840748e-01
6.054288e-01
6.275973e-01
6.504563e-01
6.739049e-01
6.978128e-01
7.220426e-01
7.464337e-01
7.707909e-01
7.949262e-01
8.186190e-01
8.416327e-01
8.637120e-01
8.846000e-01
9.040457e-01
9.218126e-01
9.377050e-01
9.515737e-01
9.633528e-01
9.730568e-01
9.807886e-01
9.867320e-01
9.911296e-01
9.942586e-01
9.963985e-01
9.978059e-01
9.986980e-01
9.992443e-01
9.995691e-01
9.997574e-01
9.998644e-01
9.999244e-01
9.999578e-01
9.999763e-01
9.999866e-01
9.999924e-01
9.999956e-01
9.999975e-01
9.999985e-01
9.999991e-01
9.999995e-01
9.999997e-01
9.999998e-01
9.999999e-01
9.999999e-01
1.000000e+00
1.000000e+00
1.000000e+00
1.000000e+00
1.000000e+00
1.000000e+00
1.000000e+00
1.000000e+00
1.000000e+00
1.000000e+00
1.000000e+00
1.000000e+00
1.000000e+00
1.000000e+00
1.000000e+00
1.000000e+00
1.000000e+00
1.000000e+00
1.000000e+00
1.000000e+00
1.000000e+00
1.000000e+00
1.000000e+00
1.000000e+00
1.000000e+00
1.000000e+00
1.000000e+00
1.000000e+00
1.000000e+00
1.000000e+00
1.000000e+00
1.000000e+00
1.000000e+00
1.000000e+00
1.000000e+00
1.000000e+00
1.000000e+00
1.000000e+00
1.000000e+00
1.000000e+00
1.000000e+00
1.000000e+00
1.000000e+00
1.000000e+00
1.000000e+00
1.000000e+00
1.000000e+00
1.000000e+00
1.000000e+00
1.000000e+00
1.000000e+00
1.000000e+00
1.000000e+00
1.000000e+00
1.000000e+00
1.000000e+00
1.000000e+00
1.000000e+00
1.000000e+00
1.000000e+00
1.000000e+00
1.000000e+00
1.000000e+00
1.000000e+00
1.000000e+00
1.000000e+00
1.000000e+00
1.000000e+00
1.000000e+00
1.000000e+00
1.000000e+00
1.000000e+00
1.000000e+00
1.000000e+00
1.000000e+00
1.000000e+00
1.000000e+00
1.000000e+00
1.000000e+00
1.000000e+00
1.000000e+00
1.000000e+00
1.000000e+00
1.000000e+00
1.000000e+00
1.000000e+00
1.000000e+00
1.000000e+00
1.000000e+00
1.000000e+00
1.000000e+00
1.000000e+00
1.000000e+00
1.000000e+00
1.000000e+00
1.000000e+00
1.000000e+00
1.000000e+00
1.000000e+00
1.000000e+00
1.000000e+00
1.000000e+00
1.000000e+00
1.000000e+00
1.000000e+00
1.000000e+00
1.000000e+00
1.000000e+00
1.000000e+00
1.000000e+00
1.000000e+00
1.000000e+00
1.000000e+00
1.000000e+00
1.000000e+00
1.000000e+00
1.000000e+00
1.000000e+00
1.000000e+00
1.000000e+00
1.000000e+00
1.000000e+00
1.000000e+00
1.000000e+00
1.000000e+00
1.000000e+00
1.000000e+00
1.000000e+00
1.000000e+00
1.000000e+00
1.000000e+00
1.000000e+00
1.000000e+00
1.000000e+00
1.000000e+00
1.000000e+00
1.000000e+00
1.000000e+00
1.000000e+00
1.000000e+00
1.000000e+00
1.000000e+00
1.000000e+00
1.000000e+00
1.000000e+00
1.000000e+00
1.000000e+00
1.000000e+00
1.000000e+00
1.000000e+00
1.000000e+00
1.000000e+00
1.000000e+00
1.000000e+00
1.000000e+00
1.000000e+00
1.000000e+00
9.999999e-01
9.999999e-01
9.999998e-01
9.999998e-01
9.999996e-01
9.999993e-01
9.999989e-01
9.999981e-01
9.999967e-01
9.999943e-01
9.999901e-01
9.999827e-01
9.999697e-01
9.999468e-01
9.999065e-01
9.998361e-01
9.997141e-01
9.995057e-01
9.991559e-01
9.985810e-01
9.976607e-01
9.962303e-01
9.940787e-01
9.909535e-01
9.865774e-01
9.806708e-01
9.729852e-01
9.633286e-01
9.515895e-01
9.377466e-01
9.218626e-01
9.040856e-01
8.846137e-01
8.636868e-01
8.415594e-01
8.184953e-01
7.947523e-01
7.705721e-01
7.461764e-01
7.217578e-01
6.975099e-01
6.735955e-01
6.501490e-01
6.273027e-01
6.051571e-01
5.838298e-01
5.633583e-01
5.438179e-01
5.252857e-01
5.077249e-01
4.911640e-01
4.755939e-01
4.609377e-01
4.471858e-01
4.341815e-01
4.219059e-01
4.101998e-01
3.989819e-01
3.881314e-01
3.775565e-01
3.671465e-01
3.568272e-01
3.465166e-01
3.361581e-01
3.256975e-01
3.150864e-01
3.042909e-01
2.932885e-01
2.820606e-01
2.706069e-01
2.589496e-01
2.471366e-01
2.352481e-01
2.234012e-01
2.117489e-01
2.004729e-01
1.897655e-01
1.798161e-01
1.707812e-01
1.627670e-01
1.558196e-01
1.499237e-01
1.450131e-01
1.409859e-01
1.377229e-01
1.351023e-01
1.330101e-01
1.313460e-01
1.300249e-01
1.289776e-01
1.281470e-01
1.274886e-01
1.269667e-01
1.265526e-01
1.262247e-01
1.259645e-01
1.257585e-01
1.255958e-01
1.254666e-01
1.253652e-01
1.252849e-01
1.252218e-01
1.251725e-01
1.251335e-01
1.251033e-01
1.250796e-01
1.250611e-01
1.250469e-01
1.250358e-01
1.250273e-01
1.250208e-01
1.250157e-01
1.250119e-01
1.250089e-01
1.250067e-01
1.250050e-01
1.250037e-01
1.250028e-01
1.250021e-01
1.250015e-01
1.250011e-01
1.250008e-01
1.250006e-01
1.250004e-01
1.250003e-01
1.250002e-01
1.250002e-01
1.250001e-01
1.250001e-01
1.250001e-01
1.250000e-01
1.250000e-01
1.250000e-01
1.250000e-01
1.250000e-01
1.250000e-01
1.250000e-01
1.250000e-01
1.250000e-01
1.250000e-01
1.250000e-01
1.250000e-01
1.250000e-01
1.250000e-01
1.250000e-01
1.250000e-01
1.250000e-01
1.250000e-01
1.250000e-01
1.250000e-01
1.250000e-01
1.250000e-01
1.250000e-01
1.250000e-01
1.250000e-01
1.250000e-01
1.250000e-01
1.250000e-01
1.250000e-01
1.250000e-01
1.250000e-01
1.250000e-01
1.250000e-01
1.250000e-01
1.250000e-01
1.250000e-01
1.250000e-01
1.250000e-01
1.250000e-01
1.250000e-01
1.250000e-01
1.250000e-01
1.250000e-01
1.250000e-01
1.250000e-01
1.250000e-01
1.250000e-01
1.250000e-01
1.250000e-01
1.250000e-01
1.250000e-01
1.250000e-01
1.250000e-01
1.250000e-01
1.250000e-01
1.250000e-01
1.250000e-01
1.250000e-01
1.250000e-01
1.250000e-01
1.250000e-01
1.250000e-01
1.250000e-01
1.250000e-01
1.250000e-01
1.250000e-01
1.250000e-01
1.250000e-01
1.250000e-01
1.250000e-01
1.250000e-01
1.250000e-01
1.250000e-01
1.250000e-01
1.250000e-01
1.250000e-01
1.250000e-01
1.250000e-01
1.250000e-01
1.250000e-01
1.250000e-01
1.250000e-01
1.250000e-01
1.250000e-01
1.250000e-01
1.250000e-01
1.250000e-01
1.250000e-01
1.250000e-01
1.250000e-01
1.250000e-01
1.250000e-01
1.250000e-01
1.250000e-01
1.250000e-01
1.250000e-01
1.250001e-01
1.250001e-01
1.250001e-01
1.250002e-01
1.250002e-01
1.250003e-01
1.250005e-01
1.250006e-01
1.250009e-01
1.250012e-01
1.250016e-01
1.250021e-01
1.250029e-01
1.250038e-01
1.250051e-01
1.250068e-01
1.250091e-01
1.250121e-01
1.250159e-01
1.250210e-01
1.250276e-01
1.250362e-01
1.250473e-01
1.250616e-01
1.250801e-01
1.251039e-01
1.251343e-01
1.251733e-01
1.252230e-01
1.252863e-01
1.253668e-01
1.254690e-01
1.255983e-01
1.257620e-01
1.259688e-01
1.262298e-01
1.265592e-01
1.269743e-01
1.274977e-01
1.281572e-01
1.289884e-01
1.300358e-01
1.313548e-01
1.330144e-01
1.350979e-01
1.377042e-01
1.409458e-01
1.449436e-01
1.498177e-01
1.556720e-01
1.625772e-01
1.705537e-01
1.795604e-01
1.894934e-01
2.001960e-01
2.114797e-01
2.231495e-01
2.350192e-01
2.469322e-01
2.587677e-01
2.704442e-01
2.819136e-01
2.931522e-01
3.041616e-01
3.149603e-01
3.255709e-01
3.360294e-01
3.463844e-01
3.566903e-01
3.670036e-01
3.774158e-01
3.879883e-01
3.988482e-01
4.100718e-01
4.218001e-01
4.340934e-01
4.471300e-01
4.609130e-01
4.756127e-01
4.912212e-01
