5.261934e-01
5.565538e-01
5.888499e-01
6.227791e-01
6.581230e-01
6.943364e-01
7.309832e-01
7.674410e-01
8.030593e-01
8.371601e-01
8.689862e-01
8.978674e-01
9.232048e-01
9.445547e-01
9.617432e-01
9.748768e-01
9.843427e-01
9.907526e-01
9.948187e-01
9.972346e-01
9.985842e-01
9.992979e-01
9.996587e-01
9.998356e-01
9.999206e-01
9.999614e-01
9.999809e-01
9.999905e-01
9.999952e-01
9.999975e-01
9.999987e-01
9.999993e-01
9.999996e-01
9.999998e-01
9.999999e-01
9.999999e-01
1.000000e+00
1.000000e+00
1.000000e+00
1.000000e+00
1.000000e+00
1.000000e+00
1.000000e+00
1.000000e+00
1.000000e+00
1.000000e+00
1.000000e+00
1.000000e+00
1.000000e+00
1.000000e+00
1.000000e+00
1.000000e+00
1.000000e+00
1.000000e+00
1.000000e+00
1.000000e+00
1.000000e+00
1.000000e+00
1.000000e+00
1.000000e+00
1.000000e+00
1.000000e+00
1.000000e+00
1.000000e+00
1.000000e+00
1.000000e+00
1.000000e+00
1.000000e+00
1.000000e+00
1.000000e+00
1.000000e+00
1.000000e+00
1.000000e+00
1.000000e+00
1.000000e+00
1.000000e+00
1.000000e+00
1.000000e+00
1.000000e+00
1.000000e+00
1.000000e+00
1.000000e+00
1.000000e+00
1.000000e+00
1.000000e+00
1.000000e+00
1.000000e+00
1.000000e+00
1.000000e+00
1.000000e+00
1.000000e+00
1.000000e+00
1.000000e+00
1.000000e+00
1.000000e+00
1.000000e+00
1.000000e+00
1.000000e+00
1.000000e+00
1.000000e+00
1.000000e+00
1.000000e+00
1.000000e+00
1.000000e+00
1.000000e+00
1.000000e+00
1.000000e+00
1.000000e+00
1.000000e+00
1.000000e+00
1.000000e+00
1.000000e+00
1.000000e+00
1.000000e+00
1.000000e+00
1.000000e+00
1.000000e+00
1.000000e+00
1.000000e+00
1.000000e+00
1.000000e+00
1.000000e+00
1.000000e+00
1.000000e+00
1.000000e+00
1.000000e+00
1.000000e+00
1.000000e+00
1.000000e+00
1.000000e+00
1.000000e+00
1.000000e+00
1.000000e+00
1.000000e+00
1.000000e+00
1.000000e+00
1.000000e+00
1.000000e+00
1.000000e+00
1.000000e+00
1.000000e+00
1.000000e+00
1.000000e+00
1.000000e+00
1.000000e+00
1.000000e+00
1.000000e+00
1.000000e+00
1.000000e+00
1.000000e+00
1.000000e+00
1.000000e+00
1.000000e+00
1.000000e+00
1.000000e+00
1.000000e+00
1.000000e+00
1.000000e+00
1.000000e+00
1.000000e+00
1.000000e+00
1.000000e+00
1.000000e+00
1.000000e+00
1.000000e+00
1.000000e+00
1.000000e+00
1.000000e+00
1.000000e+00
1.000000e+00
1.000000e+00
1.000000e+00
1.000000e+00
1.000000e+00
1.000000e+00
1.000000e+00
1.000000e+00
1.000000e+00
1.000000e+00
1.000000e+00
1.000000e+00
1.000000e+00
1.000000e+00
1.000000e+00
1.000000e+00
1.000000e+00
1.000000e+00
1.000000e+00
1.000000e+00
1.000000e+00
1.000000e+00
1.000000e+00
1.000000e+00
1.000000e+00
1.000000e+00
1.000000e+00
1.000000e+00
1.000000e+00
1.000000e+00
1.000000e+00
1.000000e+00
1.000000e+00
1.000000e+00
1.000000e+00
1.000000e+00
1.000000e+00
1.000000e+00
1.000000e+00
1.000000e+00
1.000000e+00
1.000000e+00
1.000000e+00
1.000000e+00
1.000000e+00
1.000000e+00
1.000000e+00
1.000000e+00
1.000000e+00
1.000000e+00
1.000000e+00
9.999999e-01
9.999999e-01
9.999997e-01
9.999995e-01
9.999990e-01
9.999982e-01
9.999965e-01
9.999932e-01
9.999867e-01
9.999737e-01
9.999477e-01
9.998955e-01
9.997911e-01
9.995842e-01
9.991815e-01
9.984178e-01
9.970207e-01
9.945765e-01
9.905178e-01
9.841571e-01
9.747712e-01
9.617237e-01
9.445991e-01
9.232708e-01
8.979070e-01
8.689593e-01
8.370407e-01
8.028414e-01
7.671356e-01
7.306113e-01
6.939366e-01
6.577201e-01
6.224147e-01
5.885400e-01
5.563165e-01
5.260723e-01
4.978584e-01
4.718646e-01
4.478381e-01
4.255016e-01
4.045199e-01
3.845859e-01
3.653712e-01
3.465675e-01
3.279153e-01
3.092397e-01
2.904567e-01
2.715874e-01
2.527934e-01
2.343338e-01
2.165702e-01
1.999261e-01
1.848212e-01
1.716021e-01
1.604765e-01
1.514665e-01
1.444213e-01
1.390734e-01
1.351059e-01
1.322099e-01
1.301182e-01
1.286178e-01
1.275463e-01
1.267840e-01
1.262436e-01
1.258620e-01
1.255939e-01
1.254065e-01
1.252763e-01
1.251865e-01
1.251249e-01
1.250830e-01
1.250547e-01
1.250358e-01
1.250232e-01
1.250149e-01
1.250095e-01
1.250060e-01
1.250038e-01
1.250024e-01
1.250015e-01
1.250009e-01
1.250005e-01
1.250003e-01
1.250002e-01
1.250001e-01
1.250001e-01
1.250000e-01
1.250000e-01
1.250000e-01
1.250000e-01
1.250000e-01
1.250000e-01
1.250000e-01
1.250000e-01
1.250000e-01
1.250000e-01
1.250000e-01
1.250000e-01
1.250000e-01
1.250000e-01
1.250000e-01
1.250000e-01
1.250000e-01
1.250000e-01
1.250000e-01
1.250000e-01
1.250000e-01
1.250000e-01
1.250000e-01
1.250000e-01
1.250000e-01
1.250000e-01
1.250000e-01
1.250000e-01
1.250000e-01
1.250000e-01
1.250000e-01
1.250000e-01
1.250000e-01
1.250000e-01
1.250000e-01
1.250000e-01
1.250000e-01
1.250000e-01
1.250000e-01
1.250000e-01
1.250000e-01
1.250000e-01
1.250000e-01
1.250000e-01
1.250000e-01
1.250000e-01
1.250000e-01
1.250000e-01
1.250000e-01
1.250000e-01
1.250000e-01
1.250000e-01
1.250000e-01
1.250000e-01
1.250000e-01
1.250000e-01
1.250000e-01
1.250000e-01
1.250000e-01
1.250000e-01
1.250000e-01
1.250000e-01
1.250000e-01
1.250000e-01
1.250000e-01
1.250000e-01
1.250000e-01
1.250000e-01
1.250000e-01
1.250000e-01
1.250000e-01
1.250000e-01
1.250000e-01
1.250000e-01
1.250000e-01
1.250000e-01
1.250000e-01
1.250000e-01
1.250000e-01
1.250000e-01
1.250000e-01
1.250000e-01
1.250000e-01
1.250000e-01
1.250000e-01
1.250000e-01
1.250000e-01
1.250000e-01
1.250000e-01
1.250000e-01
1.250000e-01
1.250000e-01
1.250000e-01
1.250000e-01
1.250000e-01
1.250000e-01
1.250000e-01
1.250000e-01
1.250000e-01
1.250000e-01
1.250000e-01
1.250000e-01
1.250000e-01
1.250000e-01
1.250000e-01
1.250000e-01
1.250000e-01
1.250000e-01
1.250000e-01
1.250000e-01
1.250000e-01
1.250000e-01
1.250000e-01
1.250000e-01
1.250000e-01
1.250000e-01
1.250000e-01
1.250000e-01
1.250000e-01
1.250000e-01
1.250000e-01
1.250000e-01
1.250000e-01
1.250000e-01
1.250000e-01
1.250000e-01
1.250000e-01
1.250000e-01
1.250000e-01
1.250000e-01
1.250000e-01
1.250000e-01
1.250000e-01
1.250000e-01
1.250000e-01
1.250000e-01
1.250000e-01
1.250000e-01
1.250000e-01
1.250000e-01
1.250000e-01
1.250000e-01
1.250000e-01
1.250000e-01
1.250000e-01
1.250000e-01
1.250000e-01
1.250000e-01
1.250000e-01
1.250000e-01
1.250000e-01
1.250000e-01
1.250000e-01
1.250000e-01
1.250001e-01
1.250001e-01
1.250002e-01
1.250004e-01
1.250006e-01
1.250010e-01
1.250016e-01
1.250026e-01
1.250041e-01
1.250065e-01
1.250102e-01
1.250158e-01
1.250244e-01
1.250373e-01
1.250567e-01
1.250856e-01
1.251282e-01
1.251907e-01
1.252817e-01
1.254134e-01
1.256027e-01
1.258732e-01
1.262576e-01
1.268015e-01
1.275673e-01
1.286414e-01
1.301416e-01
1.322267e-01
1.351054e-01
1.390394e-01
1.443350e-01
1.513114e-01
1.602454e-01
1.713002e-01
1.844670e-01
1.995494e-01
2.162010e-01
2.339935e-01
2.524922e-01
2.713246e-01
2.902244e-01
3.090327e-01
3.277216e-01
3.463764e-01
3.651817e-01
3.844038e-01
4.043552e-01
4.253669e-01
4.477515e-01
4.718457e-01
4.979214e-01
