5.050771e-01
5.211439e-01
5.380687e-01
5.558814e-01
5.745247e-01
5.939696e-01
6.141533e-01
6.350168e-01
6.564812e-01
6.784350e-01
7.007952e-01
7.234389e-01
7.462359e-01
7.690302e-01
7.916676e-01
8.139690e-01
8.357389e-01
8.567766e-01
8.768544e-01
8.957638e-01
9.132933e-01
9.292528e-01
9.434904e-01
9.558973e-01
9.664356e-01
9.751341e-01
9.820940e-01
9.874807e-01
9.915053e-01
9.944059e-01
9.964214e-01
9.977724e-01
9.986474e-01
9.991962e-01
9.995307e-01
9.997296e-01
9.998456e-01
9.999123e-01
9.999502e-01
9.999716e-01
9.999838e-01
9.999906e-01
9.999946e-01
9.999968e-01
9.999981e-01
9.999989e-01
9.999993e-01
9.999996e-01
9.999997e-01
9.999998e-01
9.999999e-01
9.999999e-01
1.000000e+00
1.000000e+00
1.000000e+00
1.000000e+00
1.000000e+00
1.000000e+00
1.000000e+00
1.000000e+00
1.000000e+00
1.000000e+00
1.000000e+00
1.000000e+00
1.000000e+00
1.000000e+00
1.000000e+00
1.000000e+00
1.000000e+00
1.000000e+00
1.000000e+00
1.000000e+00
1.000000e+00
1.000000e+00
1.000000e+00
1.000000e+00
1.000000e+00
1.000000e+00
1.000000e+00
1.000000e+00
1.000000e+00
1.000000e+00
1.000000e+00
1.000000e+00
1.000000e+00
1.000000e+00
1.000000e+00
1.000000e+00
1.000000e+00
1.000000e+00
1.000000e+00
1.000000e+00
1.000000e+00
1.000000e+00
1.000000e+00
1.000000e+00
1.000000e+00
1.000000e+00
1.000000e+00
1.000000e+00
1.000000e+00
1.000000e+00
1.000000e+00
1.000000e+00
1.000000e+00
1.000000e+00
1.000000e+00
1.000000e+00
1.000000e+00
1.000000e+00
1.000000e+00
1.000000e+00
1.000000e+00
1.000000e+00
1.000000e+00
1.000000e+00
1.000000e+00
1.000000e+00
1.000000e+00
1.000000e+00
1.000000e+00
1.000000e+00
1.000000e+00
1.000000e+00
1.000000e+00
1.000000e+00
1.000000e+00
1.000000e+00
1.000000e+00
1.000000e+00
1.000000e+00
1.000000e+00
1.000000e+00
1.000000e+00
1.000000e+00
1.000000e+00
1.000000e+00
1.000000e+00
1.000000e+00
1.000000e+00
1.000000e+00
1.000000e+00
1.000000e+00
1.000000e+00
1.000000e+00
1.000000e+00
1.000000e+00
1.000000e+00
1.000000e+00
1.000000e+00
1.000000e+00
1.000000e+00
1.000000e+00
1.000000e+00
1.000000e+00
1.000000e+00
1.000000e+00
1.000000e+00
1.000000e+00
1.000000e+00
1.000000e+00
1.000000e+00
1.000000e+00
1.000000e+00
1.000000e+00
1.000000e+00
1.000000e+00
1.000000e+00
1.000000e+00
1.000000e+00
1.000000e+00
1.000000e+00
1.000000e+00
1.000000e+00
1.000000e+00
1.000000e+00
1.000000e+00
1.000000e+00
1.000000e+00
1.000000e+00
1.000000e+00
1.000000e+00
1.000000e+00
1.000000e+00
1.000000e+00
1.000000e+00
1.000000e+00
1.000000e+00
1.000000e+00
1.000000e+00
1.000000e+00
1.000000e+00
1.000000e+00
1.000000e+00
1.000000e+00
1.000000e+00
1.000000e+00
1.000000e+00
1.000000e+00
1.000000e+00
1.000000e+00
1.000000e+00
1.000000e+00
1.000000e+00
9.999999e-01
9.999999e-01
9.999998e-01
9.999997e-01
9.999995e-01
9.999991e-01
9.999985e-01
9.999975e-01
9.999959e-01
9.999929e-01
9.999879e-01
9.999792e-01
9.999641e-01
9.999380e-01
9.998930e-01
9.998159e-01
9.996853e-01
9.994672e-01
9.991093e-01
9.985345e-01
9.976339e-01
9.962620e-01
9.942352e-01
9.913366e-01
9.873291e-01
9.819734e-01
9.750538e-01
9.663984e-01
9.558991e-01
9.435211e-01
9.292982e-01
9.133379e-01
8.957929e-01
8.768554e-01
8.567399e-01
8.356589e-01
8.138434e-01
7.914982e-01
7.688215e-01
7.459930e-01
7.231711e-01
7.005099e-01
6.781418e-01
6.561873e-01
6.347321e-01
6.138836e-01
5.937215e-01
5.743024e-01
5.556885e-01
5.379112e-01
5.210198e-01
5.049962e-01
4.898530e-01
4.755876e-01
4.621233e-01
4.494611e-01
4.374810e-01
4.261286e-01
4.153401e-01
4.049836e-01
3.950091e-01
3.852822e-01
3.757659e-01
3.663523e-01
3.569941e-01
3.476257e-01
3.382106e-01
3.287002e-01
3.190699e-01
3.092864e-01
2.993251e-01
2.891671e-01
2.787964e-01
2.682086e-01
2.574199e-01
2.464639e-01
2.354032e-01
2.243329e-01
2.133793e-01
2.026975e-01
1.924560e-01
1.828275e-01
1.739637e-01
1.659791e-01
1.589402e-01
1.528605e-01
1.477051e-01
1.434019e-01
1.398555e-01
1.369612e-01
1.346152e-01
1.327227e-01
1.312000e-01
1.299765e-01
1.289944e-01
1.282055e-01
1.275719e-01
1.270631e-01
1.266537e-01
1.263248e-01
1.260607e-01
1.258478e-01
1.256773e-01
1.255403e-01
1.254300e-01
1.253422e-01
1.252715e-01
1.252150e-01
1.251702e-01
1.251342e-01
1.251057e-01
1.250831e-01
1.250651e-01
1.250510e-01
1.250398e-01
1.250309e-01
1.250241e-01
1.250186e-01
1.250144e-01
1.250111e-01
1.250085e-01
1.250065e-01
1.250050e-01
1.250038e-01
1.250029e-01
1.250022e-01
1.250017e-01
1.250013e-01
1.250009e-01
1.250007e-01
1.250005e-01
1.250004e-01
1.250003e-01
1.250002e-01
1.250002e-01
1.250001e-01
1.250001e-01
1.250001e-01
1.250000e-01
1.250000e-01
1.250000e-01
1.250000e-01
1.250000e-01
1.250000e-01
1.250000e-01
1.250000e-01
1.250000e-01
1.250000e-01
1.250000e-01
1.250000e-01
1.250000e-01
1.250000e-01
1.250000e-01
1.250000e-01
1.250000e-01
1.250000e-01
1.250000e-01
1.250000e-01
1.250000e-01
1.250000e-01
1.250000e-01
1.250000e-01
1.250000e-01
1.250000e-01
1.250000e-01
1.250000e-01
1.250000e-01
1.250000e-01
1.250000e-01
1.250000e-01
1.250000e-01
1.250000e-01
1.250000e-01
1.250000e-01
1.250000e-01
1.250000e-01
1.250000e-01
1.250000e-01
1.250000e-01
1.250000e-01
1.250000e-01
1.250000e-01
1.250000e-01
1.250000e-01
1.250000e-01
1.250000e-01
1.250000e-01
1.250000e-01
1.250000e-01
1.250000e-01
1.250000e-01
1.250000e-01
1.250000e-01
1.250000e-01
1.250000e-01
1.250000e-01
1.250000e-01
1.250000e-01
1.250000e-01
1.250000e-01
1.250000e-01
1.250000e-01
1.250000e-01
1.250000e-01
1.250000e-01
1.250000e-01
1.250000e-01
1.250000e-01
1.250000e-01
1.250000e-01
1.250000e-01
1.250000e-01
1.250000e-01
1.250000e-01
1.250000e-01
1.250000e-01
1.250000e-01
1.250000e-01
1.250000e-01
1.250000e-01
1.250000e-01
1.250001e-01
1.250001e-01
1.250001e-01
1.250001e-01
1.250002e-01
1.250002e-01
1.250003e-01
1.250004e-01
1.250006e-01
1.250007e-01
1.250010e-01
1.250013e-01
1.250017e-01
1.250023e-01
1.250030e-01
1.250039e-01
1.250051e-01
1.250066e-01
1.250086e-01
1.250112e-01
1.250145e-01
1.250188e-01
1.250242e-01
1.250312e-01
1.250400e-01
1.250513e-01
1.250655e-01
1.250835e-01
1.251062e-01
1.251349e-01
1.251708e-01
1.252160e-01
1.252726e-01
1.253434e-01
1.254319e-01
1.255423e-01
1.256799e-01
1.258513e-01
1.260645e-01
1.263299e-01
1.266598e-01
1.270700e-01
1.275802e-01
1.282147e-01
1.290041e-01
1.299863e-01
1.312080e-01
1.327271e-01
1.346128e-01
1.369473e-01
1.398246e-01
1.433472e-01
1.476198e-01
1.527392e-01
1.587801e-01
1.657816e-01
1.737346e-01
1.825764e-01
1.921937e-01
2.024343e-01
2.131257e-01
2.240972e-01
2.351892e-01
2.462724e-01
2.572495e-01
2.680563e-01
2.786578e-01
2.890394e-01
2.992044e-01
3.091689e-01
3.189528e-01
3.285829e-01
3.380883e-01
3.474990e-01
3.568649e-01
3.662169e-01
3.756321e-01
3.851451e-01
3.948779e-01
4.048582e-01
4.152288e-01
4.260314e-01
4.374066e-01
4.494175e-01
4.621074e-01
4.756098e-01
4.899072e-01
