5.183350e-01
5.427708e-01
5.686630e-01
5.960183e-01
6.245745e-01
6.542154e-01
6.846307e-01
7.155647e-01
7.466780e-01
7.775596e-01
8.078216e-01
8.370116e-01
8.646383e-01
8.902460e-01
9.133937e-01
9.337182e-01
9.509682e-01
9.650609e-01
9.760894e-01
9.843186e-01
9.901558e-01
9.940825e-01
9.965867e-01
9.981027e-01
9.989776e-01
9.994619e-01
9.997210e-01
9.998563e-01
9.999259e-01
9.999616e-01
9.999799e-01
9.999893e-01
9.999943e-01
9.999969e-01
9.999983e-01
9.999990e-01
9.999995e-01
9.999997e-01
9.999998e-01
9.999999e-01
9.999999e-01
1.000000e+00
1.000000e+00
1.000000e+00
1.000000e+00
1.000000e+00
1.000000e+00
1.000000e+00
1.000000e+00
1.000000e+00
1.000000e+00
1.000000e+00
1.000000e+00
1.000000e+00
1.000000e+00
1.000000e+00
1.000000e+00
1.000000e+00
1.000000e+00
1.000000e+00
1.000000e+00
1.000000e+00
1.000000e+00
1.000000e+00
1.000000e+00
1.000000e+00
1.000000e+00
1.000000e+00
1.000000e+00
1.000000e+00
1.000000e+00
1.000000e+00
1.000000e+00
1.000000e+00
1.000000e+00
1.000000e+00
1.000000e+00
1.000000e+00
1.000000e+00
1.000000e+00
1.000000e+00
1.000000e+00
1.000000e+00
1.000000e+00
1.000000e+00
1.000000e+00
1.000000e+00
1.000000e+00
1.000000e+00
1.000000e+00
1.000000e+00
1.000000e+00
1.000000e+00
1.000000e+00
1.000000e+00
1.000000e+00
1.000000e+00
1.000000e+00
1.000000e+00
1.000000e+00
1.000000e+00
1.000000e+00
1.000000e+00
1.000000e+00
1.000000e+00
1.000000e+00
1.000000e+00
1.000000e+00
1.000000e+00
1.000000e+00
1.000000e+00
1.000000e+00
1.000000e+00
1.000000e+00
1.000000e+00
1.000000e+00
1.000000e+00
1.000000e+00
1.000000e+00
1.000000e+00
1.000000e+00
1.000000e+00
1.000000e+00
1.000000e+00
1.000000e+00
1.000000e+00
1.000000e+00
1.000000e+00
1.000000e+00
1.000000e+00
1.000000e+00
1.000000e+00
1.000000e+00
1.000000e+00
1.000000e+00
1.000000e+00
1.000000e+00
1.000000e+00
1.000000e+00
1.000000e+00
1.000000e+00
1.000000e+00
1.000000e+00
1.000000e+00
1.000000e+00
1.000000e+00
1.000000e+00
1.000000e+00
1.000000e+00
1.000000e+00
1.000000e+00
1.000000e+00
1.000000e+00
1.000000e+00
1.000000e+00
1.000000e+00
1.000000e+00
1.000000e+00
1.000000e+00
1.000000e+00
1.000000e+00
1.000000e+00
1.000000e+00
1.000000e+00
1.000000e+00
1.000000e+00
1.000000e+00
1.000000e+00
1.000000e+00
1.000000e+00
1.000000e+00
1.000000e+00
1.000000e+00
1.000000e+00
1.000000e+00
1.000000e+00
1.000000e+00
1.000000e+00
1.000000e+00
1.000000e+00
1.000000e+00
1.000000e+00
1.000000e+00
1.000000e+00
1.000000e+00
1.000000e+00
1.000000e+00
1.000000e+00
1.000000e+00
1.000000e+00
1.000000e+00
1.000000e+00
1.000000e+00
1.000000e+00
1.000000e+00
1.000000e+00
1.000000e+00
1.000000e+00
1.000000e+00
1.000000e+00
1.000000e+00
1.000000e+00
1.000000e+00
1.000000e+00
1.000000e+00
1.000000e+00
1.000000e+00
1.000000e+00
1.000000e+00
1.000000e+00
1.000000e+00
1.000000e+00
1.000000e+00
1.000000e+00
1.000000e+00
9.999999e-01
9.999999e-01
9.999998e-01
9.999996e-01
9.999993e-01
9.999987e-01
9.999977e-01
9.999958e-01
9.999923e-01
9.999856e-01
9.999732e-01
9.999496e-01
9.999050e-01
9.998209e-01
9.996637e-01
9.993742e-01
9.988521e-01
9.979368e-01
9.963867e-01
9.938664e-01
9.899504e-01
9.841535e-01
9.759862e-01
9.650270e-01
9.509919e-01
9.337744e-01
9.134493e-01
8.902702e-01
8.646059e-01
8.369062e-01
8.076400e-01
7.773073e-01
7.463675e-01
7.152163e-01
6.842656e-01
6.538515e-01
6.242370e-01
5.957176e-01
5.684167e-01
5.425767e-01
5.182285e-01
4.954613e-01
4.742644e-01
4.545519e-01
4.361008e-01
4.188162e-01
4.024542e-01
3.868139e-01
3.716802e-01
3.568469e-01
3.421450e-01
3.274219e-01
3.125675e-01
2.975146e-01
2.822387e-01
2.667792e-01
2.512406e-01
2.357884e-01
2.206553e-01
2.061272e-01
1.925117e-01
1.801010e-01
1.691313e-01
1.597370e-01
1.519335e-01
1.456294e-01
1.406550e-01
1.368017e-01
1.338561e-01
1.316246e-01
1.299432e-01
1.286807e-01
1.277345e-01
1.270267e-01
1.264979e-01
1.261037e-01
1.258104e-01
1.255927e-01
1.254318e-01
1.253131e-01
1.252261e-01
1.251624e-01
1.251161e-01
1.250826e-01
1.250584e-01
1.250411e-01
1.250288e-01
1.250200e-01
1.250139e-01
1.250095e-01
1.250065e-01
1.250044e-01
1.250030e-01
1.250020e-01
1.250014e-01
1.250009e-01
1.250006e-01
1.250004e-01
1.250003e-01
1.250002e-01
1.250001e-01
1.250001e-01
1.250000e-01
1.250000e-01
1.250000e-01
1.250000e-01
1.250000e-01
1.250000e-01
1.250000e-01
1.250000e-01
1.250000e-01
1.250000e-01
1.250000e-01
1.250000e-01
1.250000e-01
1.250000e-01
1.250000e-01
1.250000e-01
1.250000e-01
1.250000e-01
1.250000e-01
1.250000e-01
1.250000e-01
1.250000e-01
1.250000e-01
1.250000e-01
1.250000e-01
1.250000e-01
1.250000e-01
1.250000e-01
1.250000e-01
1.250000e-01
1.250000e-01
1.250000e-01
1.250000e-01
1.250000e-01
1.250000e-01
1.250000e-01
1.250000e-01
1.250000e-01
1.250000e-01
1.250000e-01
1.250000e-01
1.250000e-01
1.250000e-01
1.250000e-01
1.250000e-01
1.250000e-01
1.250000e-01
1.250000e-01
1.250000e-01
1.250000e-01
1.250000e-01
1.250000e-01
1.250000e-01
1.250000e-01
1.250000e-01
1.250000e-01
1.250000e-01
1.250000e-01
1.250000e-01
1.250000e-01
1.250000e-01
1.250000e-01
1.250000e-01
1.250000e-01
1.250000e-01
1.250000e-01
1.250000e-01
1.250000e-01
1.250000e-01
1.250000e-01
1.250000e-01
1.250000e-01
1.250000e-01
1.250000e-01
1.250000e-01
1.250000e-01
1.250000e-01
1.250000e-01
1.250000e-01
1.250000e-01
1.250000e-01
1.250000e-01
1.250000e-01
1.250000e-01
1.250000e-01
1.250000e-01
1.250000e-01
1.250000e-01
1.250000e-01
1.250000e-01
1.250000e-01
1.250000e-01
1.250000e-01
1.250000e-01
1.250000e-01
1.250000e-01
1.250000e-01
1.250000e-01
1.250000e-01
1.250000e-01
1.250000e-01
1.250000e-01
1.250000e-01
1.250000e-01
1.250000e-01
1.250000e-01
1.250000e-01
1.250000e-01
1.250000e-01
1.250000e-01
1.250000e-01
1.250000e-01
1.250000e-01
1.250000e-01
1.250000e-01
1.250000e-01
1.250000e-01
1.250000e-01
1.250000e-01
1.250000e-01
1.250000e-01
1.250000e-01
1.250000e-01
1.250000e-01
1.250000e-01
1.250000e-01
1.250000e-01
1.250000e-01
1.250000e-01
1.250000e-01
1.250000e-01
1.250000e-01
1.250000e-01
1.250001e-01
1.250001e-01
1.250001e-01
1.250002e-01
1.250003e-01
1.250004e-01
1.250006e-01
1.250010e-01
1.250015e-01
1.250022e-01
1.250032e-01
1.250047e-01
1.250068e-01
1.250099e-01
1.250143e-01
1.250206e-01
1.250295e-01
1.250421e-01
1.250596e-01
1.250840e-01
1.251179e-01
1.251646e-01
1.252288e-01
1.253165e-01
1.254360e-01
1.255980e-01
1.258170e-01
1.261120e-01
1.265084e-01
1.270395e-01
1.277497e-01
1.286975e-01
1.299601e-01
1.316380e-01
1.338602e-01
1.367872e-01
1.406102e-01
1.455408e-01
1.517900e-01
1.595337e-01
1.688727e-01
1.797993e-01
1.921844e-01
2.057962e-01
2.203394e-01
2.354998e-01
2.509844e-01
2.665544e-01
2.820396e-01
2.973332e-01
3.123992e-01
3.272577e-01
3.419814e-01
3.566804e-01
3.715125e-01
3.866511e-01
4.023047e-01
4.186795e-01
4.359932e-01
4.544937e-01
4.742610e-01
4.955301e-01
