5.214315e-01
5.481261e-01
5.764534e-01
6.063207e-01
6.374942e-01
6.697330e-01
7.026418e-01
7.358770e-01
7.689635e-01
8.014184e-01
8.327156e-01
8.622744e-01
8.895535e-01
9.140434e-01
9.353234e-01
9.531353e-01
9.674203e-01
9.783406e-01
9.862581e-01
9.916864e-01
9.951986e-01
9.973433e-01
9.985835e-01
9.992665e-01
9.996276e-01
9.998128e-01
9.999060e-01
9.999525e-01
9.999758e-01
9.999875e-01
9.999934e-01
9.999965e-01
9.999981e-01
9.999990e-01
9.999994e-01
9.999997e-01
9.999998e-01
9.999999e-01
9.999999e-01
1.000000e+00
1.000000e+00
1.000000e+00
1.000000e+00
1.000000e+00
1.000000e+00
1.000000e+00
1.000000e+00
1.000000e+00
1.000000e+00
1.000000e+00
1.000000e+00
1.000000e+00
1.000000e+00
1.000000e+00
1.000000e+00
1.000000e+00
1.000000e+00
1.000000e+00
1.000000e+00
1.000000e+00
1.000000e+00
1.000000e+00
1.000000e+00
1.000000e+00
1.000000e+00
1.000000e+00
1.000000e+00
1.000000e+00
1.000000e+00
1.000000e+00
1.000000e+00
1.000000e+00
1.000000e+00
1.000000e+00
1.000000e+00
1.000000e+00
1.000000e+00
1.000000e+00
1.000000e+00
1.000000e+00
1.000000e+00
1.000000e+00
1.000000e+00
1.000000e+00
1.000000e+00
1.000000e+00
1.000000e+00
1.000000e+00
1.000000e+00
1.000000e+00
1.000000e+00
1.000000e+00
1.000000e+00
1.000000e+00
1.000000e+00
1.000000e+00
1.000000e+00
1.000000e+00
1.000000e+00
1.000000e+00
1.000000e+00
1.000000e+00
1.000000e+00
1.000000e+00
1.000000e+00
1.000000e+00
1.000000e+00
1.000000e+00
1.000000e+00
1.000000e+00
1.000000e+00
1.000000e+00
1.000000e+00
1.000000e+00
1.000000e+00
1.000000e+00
1.000000e+00
1.000000e+00
1.000000e+00
1.000000e+00
1.000000e+00
1.000000e+00
1.000000e+00
1.000000e+00
1.000000e+00
1.000000e+00
1.000000e+00
1.000000e+00
1.000000e+00
1.000000e+00
1.000000e+00
1.000000e+00
1.000000e+00
1.000000e+00
1.000000e+00
1.000000e+00
1.000000e+00
1.000000e+00
1.000000e+00
1.000000e+00
1.000000e+00
1.000000e+00
1.000000e+00
1.000000e+00
1.000000e+00
1.000000e+00
1.000000e+00
1.000000e+00
1.000000e+00
1.000000e+00
1.000000e+00
1.000000e+00
1.000000e+00
1.000000e+00
1.000000e+00
1.000000e+00
1.000000e+00
1.000000e+00
1.000000e+00
1.000000e+00
1.000000e+00
1.000000e+00
1.000000e+00
1.000000e+00
1.000000e+00
1.000000e+00
1.000000e+00
1.000000e+00
1.000000e+00
1.000000e+00
1.000000e+00
1.000000e+00
1.000000e+00
1.000000e+00
1.000000e+00
1.000000e+00
1.000000e+00
1.000000e+00
1.000000e+00
1.000000e+00
1.000000e+00
1.000000e+00
1.000000e+00
1.000000e+00
1.000000e+00
1.000000e+00
1.000000e+00
1.000000e+00
1.000000e+00
1.000000e+00
1.000000e+00
1.000000e+00
1.000000e+00
1.000000e+00
1.000000e+00
1.000000e+00
1.000000e+00
1.000000e+00
1.000000e+00
1.000000e+00
1.000000e+00
1.000000e+00
1.000000e+00
1.000000e+00
1.000000e+00
1.000000e+00
1.000000e+00
1.000000e+00
1.000000e+00
1.000000e+00
1.000000e+00
1.000000e+00
1.000000e+00
1.000000e+00
1.000000e+00
1.000000e+00
1.000000e+00
9.999999e-01
9.999999e-01
9.999998e-01
9.999996e-01
9.999992e-01
9.999986e-01
9.999974e-01
9.999952e-01
9.999910e-01
9.999830e-01
9.999675e-01
9.999374e-01
9.998793e-01
9.997674e-01
9.995544e-01
9.991559e-01
9.984291e-01
9.971470e-01
9.949749e-01
9.914635e-01
9.860697e-01
9.782156e-01
9.673713e-01
9.531531e-01
9.353805e-01
9.141014e-01
8.895768e-01
8.622332e-01
8.325921e-01
8.012108e-01
7.686806e-01
7.355350e-01
7.022682e-01
6.693516e-01
6.371289e-01
6.059937e-01
5.761809e-01
5.479155e-01
5.213204e-01
4.964949e-01
4.734666e-01
4.520969e-01
4.321562e-01
4.134753e-01
3.957746e-01
3.787936e-01
3.622883e-01
3.460404e-01
3.298454e-01
3.135671e-01
2.971195e-01
2.804784e-01
2.637105e-01
2.469626e-01
2.304580e-01
2.144978e-01
1.994270e-01
1.855924e-01
1.732926e-01
1.627271e-01
1.539541e-01
1.468960e-01
1.413705e-01
1.371382e-01
1.339477e-01
1.315687e-01
1.298066e-01
1.285070e-01
1.275513e-01
1.268500e-01
1.263367e-01
1.259617e-01
1.256891e-01
1.254912e-01
1.253484e-01
1.252457e-01
1.251723e-01
1.251202e-01
1.250833e-01
1.250574e-01
1.250392e-01
1.250267e-01
1.250180e-01
1.250121e-01
1.250081e-01
1.250053e-01
1.250035e-01
1.250023e-01
1.250015e-01
1.250010e-01
1.250006e-01
1.250004e-01
1.250002e-01
1.250002e-01
1.250001e-01
1.250001e-01
1.250000e-01
1.250000e-01
1.250000e-01
1.250000e-01
1.250000e-01
1.250000e-01
1.250000e-01
1.250000e-01
1.250000e-01
1.250000e-01
1.250000e-01
1.250000e-01
1.250000e-01
1.250000e-01
1.250000e-01
1.250000e-01
1.250000e-01
1.250000e-01
1.250000e-01
1.250000e-01
1.250000e-01
1.250000e-01
1.250000e-01
1.250000e-01
1.250000e-01
1.250000e-01
1.250000e-01
1.250000e-01
1.250000e-01
1.250000e-01
1.250000e-01
1.250000e-01
1.250000e-01
1.250000e-01
1.250000e-01
1.250000e-01
1.250000e-01
1.250000e-01
1.250000e-01
1.250000e-01
1.250000e-01
1.250000e-01
1.250000e-01
1.250000e-01
1.250000e-01
1.250000e-01
1.250000e-01
1.250000e-01
1.250000e-01
1.250000e-01
1.250000e-01
1.250000e-01
1.250000e-01
1.250000e-01
1.250000e-01
1.250000e-01
1.250000e-01
1.250000e-01
1.250000e-01
1.250000e-01
1.250000e-01
1.250000e-01
1.250000e-01
1.250000e-01
1.250000e-01
1.250000e-01
1.250000e-01
1.250000e-01
1.250000e-01
1.250000e-01
1.250000e-01
1.250000e-01
1.250000e-01
1.250000e-01
1.250000e-01
1.250000e-01
1.250000e-01
1.250000e-01
1.250000e-01
1.250000e-01
1.250000e-01
1.250000e-01
1.250000e-01
1.250000e-01
1.250000e-01
1.250000e-01
1.250000e-01
1.250000e-01
1.250000e-01
1.250000e-01
1.250000e-01
1.250000e-01
1.250000e-01
1.250000e-01
1.250000e-01
1.250000e-01
1.250000e-01
1.250000e-01
1.250000e-01
1.250000e-01
1.250000e-01
1.250000e-01
1.250000e-01
1.250000e-01
1.250000e-01
1.250000e-01
1.250000e-01
1.250000e-01
1.250000e-01
1.250000e-01
1.250000e-01
1.250000e-01
1.250000e-01
1.250000e-01
1.250000e-01
1.250000e-01
1.250000e-01
1.250000e-01
1.250000e-01
1.250000e-01
1.250000e-01
1.250000e-01
1.250000e-01
1.250000e-01
1.250000e-01
1.250000e-01
1.250000e-01
1.250000e-01
1.250000e-01
1.250000e-01
1.250000e-01
1.250000e-01
1.250000e-01
1.250000e-01
1.250000e-01
1.250000e-01
1.250000e-01
1.250000e-01
1.250000e-01
1.250000e-01
1.250000e-01
1.250000e-01
1.250001e-01
1.250001e-01
1.250002e-01
1.250003e-01
1.250004e-01
1.250007e-01
1.250011e-01
1.250016e-01
1.250025e-01
1.250038e-01
1.250057e-01
1.250085e-01
1.250127e-01
1.250187e-01
1.250276e-01
1.250404e-01
1.250588e-01
1.250851e-01
1.251225e-01
1.251752e-01
1.252493e-01
1.253529e-01
1.254969e-01
1.256962e-01
1.259709e-01
1.263480e-01
1.268641e-01
1.275682e-01
1.285261e-01
1.298260e-01
1.315843e-01
1.339526e-01
1.371211e-01
1.413173e-01
1.467914e-01
1.537868e-01
1.624944e-01
1.730025e-01
1.852607e-01
1.990775e-01
2.141552e-01
2.301405e-01
2.466784e-01
2.634614e-01
2.802595e-01
2.969224e-01
3.133869e-01
3.296692e-01
3.458656e-01
3.621138e-01
3.786210e-01
3.956088e-01
4.133279e-01
4.320422e-01
4.520233e-01
4.734560e-01
4.965647e-01
