5.130502e-01
5.339094e-01
5.559318e-01
5.791919e-01
6.035260e-01
6.288735e-01
6.550623e-01
6.819159e-01
7.092593e-01
7.368497e-01
7.644402e-01
7.917382e-01
8.184425e-01
8.442245e-01
8.687173e-01
8.915833e-01
9.124873e-01
9.311457e-01
9.473367e-01
9.609549e-01
9.720100e-01
9.806418e-01
9.871013e-01
9.917248e-01
9.948853e-01
9.969486e-01
9.982368e-01
9.990086e-01
9.994544e-01
9.997042e-01
9.998409e-01
9.999146e-01
9.999541e-01
9.999751e-01
9.999864e-01
9.999925e-01
9.999958e-01
9.999976e-01
9.999986e-01
9.999992e-01
9.999995e-01
9.999997e-01
9.999998e-01
9.999999e-01
9.999999e-01
1.000000e+00
1.000000e+00
1.000000e+00
1.000000e+00
1.000000e+00
1.000000e+00
1.000000e+00
1.000000e+00
1.000000e+00
1.000000e+00
1.000000e+00
1.000000e+00
1.000000e+00
1.000000e+00
1.000000e+00
1.000000e+00
1.000000e+00
1.000000e+00
1.000000e+00
1.000000e+00
1.000000e+00
1.000000e+00
1.000000e+00
1.000000e+00
1.000000e+00
1.000000e+00
1.000000e+00
1.000000e+00
1.000000e+00
1.000000e+00
1.000000e+00
1.000000e+00
1.000000e+00
1.000000e+00
1.000000e+00
1.000000e+00
1.000000e+00
1.000000e+00
1.000000e+00
1.000000e+00
1.000000e+00
1.000000e+00
1.000000e+00
1.000000e+00
1.000000e+00
1.000000e+00
1.000000e+00
1.000000e+00
1.000000e+00
1.000000e+00
1.000000e+00
1.000000e+00
1.000000e+00
1.000000e+00
1.000000e+00
1.000000e+00
1.000000e+00
1.000000e+00
1.000000e+00
1.000000e+00
1.000000e+00
1.000000e+00
1.000000e+00
1.000000e+00
1.000000e+00
1.000000e+00
1.000000e+00
1.000000e+00
1.000000e+00
1.000000e+00
1.000000e+00
1.000000e+00
1.000000e+00
1.000000e+00
1.000000e+00
1.000000e+00
1.000000e+00
1.000000e+00
1.000000e+00
1.000000e+00
1.000000e+00
1.000000e+00
1.000000e+00
1.000000e+00
1.000000e+00
1.000000e+00
1.000000e+00
1.000000e+00
1.000000e+00
1.000000e+00
1.000000e+00
1.000000e+00
1.000000e+00
1.000000e+00
1.000000e+00
1.000000e+00
1.000000e+00
1.000000e+00
1.000000e+00
1.000000e+00
1.000000e+00
1.000000e+00
1.000000e+00
1.000000e+00
1.000000e+00
1.000000e+00
1.000000e+00
1.000000e+00
1.000000e+00
1.000000e+00
1.000000e+00
1.000000e+00
1.000000e+00
1.000000e+00
1.000000e+00
1.000000e+00
1.000000e+00
1.000000e+00
1.000000e+00
1.000000e+00
1.000000e+00
1.000000e+00
1.000000e+00
1.000000e+00
1.000000e+00
1.000000e+00
1.000000e+00
1.000000e+00
1.000000e+00
1.000000e+00
1.000000e+00
1.000000e+00
1.000000e+00
1.000000e+00
1.000000e+00
1.000000e+00
1.000000e+00
1.000000e+00
1.000000e+00
1.000000e+00
1.000000e+00
1.000000e+00
1.000000e+00
1.000000e+00
1.000000e+00
1.000000e+00
1.000000e+00
1.000000e+00
1.000000e+00
1.000000e+00
1.000000e+00
1.000000e+00
1.000000e+00
1.000000e+00
1.000000e+00
1.000000e+00
1.000000e+00
1.000000e+00
1.000000e+00
1.000000e+00
1.000000e+00
1.000000e+00
1.000000e+00
1.000000e+00
1.000000e+00
1.000000e+00
9.999999e-01
9.999999e-01
9.999998e-01
9.999996e-01
9.999994e-01
9.999990e-01
9.999982e-01
9.999968e-01
9.999944e-01
9.999900e-01
9.999821e-01
9.999676e-01
9.999412e-01
9.998931e-01
9.998060e-01
9.996497e-01
9.993737e-01
9.988959e-01
9.980898e-01
9.967710e-01
9.946894e-01
9.915299e-01
9.869304e-01
9.805151e-01
9.719401e-01
9.609410e-01
9.473669e-01
9.311986e-01
9.125386e-01
8.916090e-01
8.686985e-01
8.441477e-01
8.183032e-01
7.915371e-01
7.641858e-01
7.365515e-01
7.089336e-01
6.815786e-01
6.547259e-01
6.285526e-01
6.032364e-01
5.789347e-01
5.557241e-01
5.337458e-01
5.129534e-01
4.934419e-01
4.751912e-01
4.581160e-01
4.421237e-01
4.270747e-01
4.128486e-01
3.992883e-01
3.862328e-01
3.735550e-01
3.610999e-01
3.487478e-01
3.363811e-01
3.239175e-01
3.112821e-01
2.984338e-01
2.853480e-01
2.720307e-01
2.585312e-01
2.449346e-01
2.313756e-01
2.180371e-01
2.051421e-01
1.929325e-01
1.816466e-01
1.714872e-01
1.625867e-01
1.549943e-01
1.486764e-01
1.435315e-01
1.394150e-01
1.361651e-01
1.336235e-01
1.316480e-01
1.301180e-01
1.289359e-01
1.280230e-01
1.273190e-01
1.267760e-01
1.263579e-01
1.260359e-01
1.257884e-01
1.255986e-01
1.254530e-01
1.253420e-01
1.252571e-01
1.251929e-01
1.251440e-01
1.251073e-01
1.250795e-01
1.250587e-01
1.250432e-01
1.250317e-01
1.250231e-01
1.250168e-01
1.250122e-01
1.250088e-01
1.250063e-01
1.250045e-01
1.250032e-01
1.250023e-01
1.250016e-01
1.250011e-01
1.250008e-01
1.250005e-01
1.250004e-01
1.250003e-01
1.250002e-01
1.250001e-01
1.250001e-01
1.250001e-01
1.250000e-01
1.250000e-01
1.250000e-01
1.250000e-01
1.250000e-01
1.250000e-01
1.250000e-01
1.250000e-01
1.250000e-01
1.250000e-01
1.250000e-01
1.250000e-01
1.250000e-01
1.250000e-01
1.250000e-01
1.250000e-01
1.250000e-01
1.250000e-01
1.250000e-01
1.250000e-01
1.250000e-01
1.250000e-01
1.250000e-01
1.250000e-01
1.250000e-01
1.250000e-01
1.250000e-01
1.250000e-01
1.250000e-01
1.250000e-01
1.250000e-01
1.250000e-01
1.250000e-01
1.250000e-01
1.250000e-01
1.250000e-01
1.250000e-01
1.250000e-01
1.250000e-01
1.250000e-01
1.250000e-01
1.250000e-01
1.250000e-01
1.250000e-01
1.250000e-01
1.250000e-01
1.250000e-01
1.250000e-01
1.250000e-01
1.250000e-01
1.250000e-01
1.250000e-01
1.250000e-01
1.250000e-01
1.250000e-01
1.250000e-01
1.250000e-01
1.250000e-01
1.250000e-01
1.250000e-01
1.250000e-01
1.250000e-01
1.250000e-01
1.250000e-01
1.250000e-01
1.250000e-01
1.250000e-01
1.250000e-01
1.250000e-01
1.250000e-01
1.250000e-01
1.250000e-01
1.250000e-01
1.250000e-01
1.250000e-01
1.250000e-01
1.250000e-01
1.250000e-01
1.250000e-01
1.250000e-01
1.250000e-01
1.250000e-01
1.250000e-01
1.250000e-01
1.250000e-01
1.250000e-01
1.250000e-01
1.250000e-01
1.250000e-01
1.250000e-01
1.250000e-01
1.250000e-01
1.250000e-01
1.250000e-01
1.250000e-01
1.250000e-01
1.250000e-01
1.250000e-01
1.250000e-01
1.250000e-01
1.250000e-01
1.250000e-01
1.250000e-01
1.250000e-01
1.250000e-01
1.250000e-01
1.250000e-01
1.250000e-01
1.250000e-01
1.250000e-01
1.250000e-01
1.250000e-01
1.250000e-01
1.250000e-01
1.250000e-01
1.250000e-01
1.250001e-01
1.250001e-01
1.250001e-01
1.250002e-01
1.250003e-01
1.250004e-01
1.250006e-01
1.250008e-01
1.250012e-01
1.250017e-01
1.250024e-01
1.250033e-01
1.250047e-01
1.250065e-01
1.250090e-01
1.250125e-01
1.250172e-01
1.250235e-01
1.250322e-01
1.250438e-01
1.250595e-01
1.250804e-01
1.251083e-01
1.251453e-01
1.251944e-01
1.252591e-01
1.253443e-01
1.254560e-01
1.256023e-01
1.257931e-01
1.260418e-01
1.263652e-01
1.267852e-01
1.273298e-01
1.280356e-01
1.289494e-01
1.301314e-01
1.316585e-01
1.336269e-01
1.361551e-01
1.393830e-01
1.434674e-01
1.485703e-01
1.548392e-01
1.623814e-01
1.712377e-01
1.813648e-01
1.926324e-01
2.048398e-01
2.177479e-01
2.311100e-01
2.446961e-01
2.583202e-01
2.718444e-01
2.851794e-01
2.982783e-01
3.111344e-01
3.237716e-01
3.362345e-01
3.486003e-01
3.609533e-01
3.734009e-01
3.860763e-01
3.991408e-01
4.127114e-01
4.269654e-01
4.420433e-01
4.580788e-01
4.752000e-01
4.935043e-01
