5.015741e-01
5.157924e-01
5.307494e-01
5.464585e-01
5.628995e-01
5.800473e-01
5.978422e-01
6.162748e-01
6.352776e-01
6.547956e-01
6.747480e-01
6.950743e-01
7.156826e-01
7.364778e-01
7.573614e-01
7.781994e-01
7.988766e-01
8.192473e-01
8.391571e-01
8.584469e-01
8.769353e-01
8.944552e-01
9.108341e-01
9.259138e-01
9.395584e-01
9.516639e-01
9.621713e-01
9.710742e-01
9.784203e-01
9.843110e-01
9.888938e-01
9.923473e-01
9.948668e-01
9.966456e-01
9.978616e-01
9.986675e-01
9.991862e-01
9.995115e-01
9.997107e-01
9.998304e-01
9.999012e-01
9.999426e-01
9.999666e-01
9.999805e-01
9.999886e-01
9.999933e-01
9.999960e-01
9.999976e-01
9.999986e-01
9.999991e-01
9.999995e-01
9.999997e-01
9.999998e-01
9.999999e-01
9.999999e-01
9.999999e-01
1.000000e+00
1.000000e+00
1.000000e+00
1.000000e+00
1.000000e+00
1.000000e+00
1.000000e+00
1.000000e+00
1.000000e+00
1.000000e+00
1.000000e+00
1.000000e+00
1.000000e+00
1.000000e+00
1.000000e+00
1.000000e+00
1.000000e+00
1.000000e+00
1.000000e+00
1.000000e+00
1.000000e+00
1.000000e+00
1.000000e+00
1.000000e+00
1.000000e+00
1.000000e+00
1.000000e+00
1.000000e+00
1.000000e+00
1.000000e+00
1.000000e+00
1.000000e+00
1.000000e+00
1.000000e+00
1.000000e+00
1.000000e+00
1.000000e+00
1.000000e+00
1.000000e+00
1.000000e+00
1.000000e+00
1.000000e+00
1.000000e+00
1.000000e+00
1.000000e+00
1.000000e+00
1.000000e+00
1.000000e+00
1.000000e+00
1.000000e+00
1.000000e+00
1.000000e+00
1.000000e+00
1.000000e+00
1.000000e+00
1.000000e+00
1.000000e+00
1.000000e+00
1.000000e+00
1.000000e+00
1.000000e+00
1.000000e+00
1.000000e+00
1.000000e+00
1.000000e+00
1.000000e+00
1.000000e+00
1.000000e+00
1.000000e+00
1.000000e+00
1.000000e+00
1.000000e+00
1.000000e+00
1.000000e+00
1.000000e+00
1.000000e+00
1.000000e+00
1.000000e+00
1.000000e+00
1.000000e+00
1.000000e+00
1.000000e+00
1.000000e+00
1.000000e+00
1.000000e+00
1.000000e+00
1.000000e+00
1.000000e+00
1.000000e+00
1.000000e+00
1.000000e+00
1.000000e+00
1.000000e+00
1.000000e+00
1.000000e+00
1.000000e+00
1.000000e+00
1.000000e+00
1.000000e+00
1.000000e+00
1.000000e+00
1.000000e+00
1.000000e+00
1.000000e+00
1.000000e+00
1.000000e+00
1.000000e+00
1.000000e+00
1.000000e+00
1.000000e+00
1.000000e+00
1.000000e+00
1.000000e+00
1.000000e+00
1.000000e+00
1.000000e+00
1.000000e+00
1.000000e+00
1.000000e+00
1.000000e+00
1.000000e+00
1.000000e+00
1.000000e+00
1.000000e+00
1.000000e+00
1.000000e+00
1.000000e+00
1.000000e+00
1.000000e+00
1.000000e+00
1.000000e+00
1.000000e+00
1.000000e+00
1.000000e+00
1.000000e+00
1.000000e+00
1.000000e+00
1.000000e+00
1.000000e+00
1.000000e+00
1.000000e+00
1.000000e+00
1.000000e+00
1.000000e+00
9.999999e-01
9.999999e-01
9.999998e-01
9.999997e-01
9.999996e-01
9.999993e-01
9.999989e-01
9.999981e-01
9.999969e-01
9.999949e-01
9.999914e-01
9.999855e-01
9.999754e-01
9.999584e-01
9.999296e-01
9.998812e-01
9.998004e-01
9.996672e-01
9.994506e-01
9.991046e-01
9.985629e-01
9.977343e-01
9.964991e-01
9.947084e-01
9.921876e-01
9.887447e-01
9.841849e-01
9.783263e-01
9.710173e-01
9.621511e-01
9.516749e-01
9.395909e-01
9.259564e-01
9.108742e-01
8.944811e-01
8.769372e-01
8.584172e-01
8.390912e-01
8.191427e-01
7.987341e-01
7.780217e-01
7.571523e-01
7.362432e-01
7.154280e-01
6.948069e-01
6.744752e-01
6.545220e-01
6.350112e-01
6.160198e-01
5.976047e-01
5.798289e-01
5.627059e-01
5.462913e-01
5.306108e-01
5.156817e-01
5.014995e-01
4.880590e-01
4.753619e-01
4.633481e-01
4.520019e-01
4.412772e-01
4.310799e-01
4.213841e-01
4.120937e-01
4.031324e-01
3.944510e-01
3.859466e-01
3.775916e-01
3.693083e-01
3.610494e-01
3.527902e-01
3.444834e-01
3.361182e-01
3.276639e-01
3.191081e-01
3.104308e-01
3.016101e-01
2.926313e-01
2.834725e-01
2.741191e-01
2.645617e-01
2.548068e-01
2.448762e-01
2.348154e-01
2.246969e-01
2.146208e-01
2.047133e-01
1.951159e-01
1.859789e-01
1.774419e-01
1.696208e-01
1.625959e-01
1.564056e-01
1.510466e-01
1.464791e-01
1.426371e-01
1.394393e-01
1.367988e-01
1.346306e-01
1.328570e-01
1.314095e-01
1.302291e-01
1.292671e-01
1.284829e-01
1.278430e-01
1.273209e-01
1.268947e-01
1.265461e-01
1.262613e-01
1.260288e-01
1.258381e-01
1.256824e-01
1.255555e-01
1.254512e-01
1.253663e-01
1.252973e-01
1.252405e-01
1.251945e-01
1.251573e-01
1.251267e-01
1.251019e-01
1.250821e-01
1.250657e-01
1.250526e-01
1.250422e-01
1.250336e-01
1.250267e-01
1.250213e-01
1.250169e-01
1.250133e-01
1.250106e-01
1.250083e-01
1.250065e-01
1.250052e-01
1.250040e-01
1.250031e-01
1.250025e-01
1.250019e-01
1.250015e-01
1.250012e-01
1.250009e-01
1.250007e-01
1.250005e-01
1.250004e-01
1.250003e-01
1.250002e-01
1.250002e-01
1.250001e-01
1.250001e-01
1.250001e-01
1.250001e-01
1.250000e-01
1.250000e-01
1.250000e-01
1.250000e-01
1.250000e-01
1.250000e-01
1.250000e-01
1.250000e-01
1.250000e-01
1.250000e-01
1.250000e-01
1.250000e-01
1.250000e-01
1.250000e-01
1.250000e-01
1.250000e-01
1.250000e-01
1.250000e-01
1.250000e-01
1.250000e-01
1.250000e-01
1.250000e-01
1.250000e-01
1.250000e-01
1.250000e-01
1.250000e-01
1.250000e-01
1.250000e-01
1.250000e-01
1.250000e-01
1.250000e-01
1.250000e-01
1.250000e-01
1.250000e-01
1.250000e-01
1.250000e-01
1.250000e-01
1.250000e-01
1.250000e-01
1.250000e-01
1.250000e-01
1.250000e-01
1.250000e-01
1.250000e-01
1.250000e-01
1.250000e-01
1.250000e-01
1.250000e-01
1.250000e-01
1.250000e-01
1.250000e-01
1.250000e-01
1.250000e-01
1.250000e-01
1.250000e-01
1.250000e-01
1.250000e-01
1.250000e-01
1.250000e-01
1.250000e-01
1.250000e-01
1.250000e-01
1.250000e-01
1.250000e-01
1.250000e-01
1.250000e-01
1.250001e-01
1.250001e-01
1.250001e-01
1.250001e-01
1.250002e-01
1.250002e-01
1.250003e-01
1.250004e-01
1.250005e-01
1.250007e-01
1.250009e-01
1.250012e-01
1.250015e-01
1.250020e-01
1.250025e-01
1.250032e-01
1.250041e-01
1.250052e-01
1.250066e-01
1.250084e-01
1.250107e-01
1.250135e-01
1.250170e-01
1.250214e-01
1.250269e-01
1.250338e-01
1.250423e-01
1.250529e-01
1.250660e-01
1.250823e-01
1.251024e-01
1.251271e-01
1.251577e-01
1.251952e-01
1.252414e-01
1.252981e-01
1.253676e-01
1.254528e-01
1.255571e-01
1.256848e-01
1.258410e-01
1.260320e-01
1.262656e-01
1.265511e-01
1.269003e-01
1.273277e-01
1.278506e-01
1.284910e-01
1.292756e-01
1.302372e-01
1.314159e-01
1.328602e-01
1.346277e-01
1.367861e-01
1.394125e-01
1.425906e-01
1.464071e-01
1.509442e-01
1.562694e-01
1.624253e-01
1.694190e-01
1.772153e-01
1.857365e-01
1.948672e-01
2.044671e-01
2.143856e-01
2.244791e-01
2.346179e-01
2.446995e-01
2.546493e-01
2.644207e-01
2.739919e-01
2.833555e-01
2.925210e-01
3.015040e-01
3.103252e-01
3.190017e-01
3.275567e-01
3.360063e-01
3.443689e-01
3.526701e-01
3.609261e-01
3.691807e-01
3.774659e-01
3.858189e-01
3.943268e-01
4.030118e-01
4.119846e-01
4.212903e-01
4.310016e-01
4.412222e-01
4.519687e-01
4.633431e-01
4.753855e-01
4.881107e-01
