5.159304e-01
5.387110e-01
5.628085e-01
5.882714e-01
6.148651e-01
6.425214e-01
6.710288e-01
7.001198e-01
7.295537e-01
7.590377e-01
7.882022e-01
8.167004e-01
8.441382e-01
8.700798e-01
8.941318e-01
9.159085e-01
9.350950e-01
9.514703e-01
9.649587e-01
9.756324e-01
9.837147e-01
9.895521e-01
9.935653e-01
9.961896e-01
9.978233e-01
9.987945e-01
9.993486e-01
9.996540e-01
9.998180e-01
9.999045e-01
9.999497e-01
9.999733e-01
9.999857e-01
9.999922e-01
9.999957e-01
9.999976e-01
9.999987e-01
9.999992e-01
9.999996e-01
9.999998e-01
9.999999e-01
9.999999e-01
9.999999e-01
1.000000e+00
1.000000e+00
1.000000e+00
1.000000e+00
1.000000e+00
1.000000e+00
1.000000e+00
1.000000e+00
1.000000e+00
1.000000e+00
1.000000e+00
1.000000e+00
1.000000e+00
1.000000e+00
1.000000e+00
1.000000e+00
1.000000e+00
1.000000e+00
1.000000e+00
1.000000e+00
1.000000e+00
1.000000e+00
1.000000e+00
1.000000e+00
1.000000e+00
1.000000e+00
1.000000e+00
1.000000e+00
1.000000e+00
1.000000e+00
1.000000e+00
1.000000e+00
1.000000e+00
1.000000e+00
1.000000e+00
1.000000e+00
1.000000e+00
1.000000e+00
1.000000e+00
1.000000e+00
1.000000e+00
1.000000e+00
1.000000e+00
1.000000e+00
1.000000e+00
1.000000e+00
1.000000e+00
1.000000e+00
1.000000e+00
1.000000e+00
1.000000e+00
1.000000e+00
1.000000e+00
1.000000e+00
1.000000e+00
1.000000e+00
1.000000e+00
1.000000e+00
1.000000e+00
1.000000e+00
1.000000e+00
1.000000e+00
1.000000e+00
1.000000e+00
1.000000e+00
1.000000e+00
1.000000e+00
1.000000e+00
1.000000e+00
1.000000e+00
1.000000e+00
1.000000e+00
1.000000e+00
1.000000e+00
1.000000e+00
1.000000e+00
1.000000e+00
1.000000e+00
1.000000e+00
1.000000e+00
1.000000e+00
1.000000e+00
1.000000e+00
1.000000e+00
1.000000e+00
1.000000e+00
1.000000e+00
1.000000e+00
1.000000e+00
1.000000e+00
1.000000e+00
1.000000e+00
1.000000e+00
1.000000e+00
1.000000e+00
1.000000e+00
1.000000e+00
1.000000e+00
1.000000e+00
1.000000e+00
1.000000e+00
1.000000e+00
1.000000e+00
1.000000e+00
1.000000e+00
1.000000e+00
1.000000e+00
1.000000e+00
1.000000e+00
1.000000e+00
1.000000e+00
1.000000e+00
1.000000e+00
1.000000e+00
1.000000e+00
1.000000e+00
1.000000e+00
1.000000e+00
1.000000e+00
1.000000e+00
1.000000e+00
1.000000e+00
1.000000e+00
1.000000e+00
1.000000e+00
1.000000e+00
1.000000e+00
1.000000e+00
1.000000e+00
1.000000e+00
1.000000e+00
1.000000e+00
1.000000e+00
1.000000e+00
1.000000e+00
1.000000e+00
1.000000e+00
1.000000e+00
1.000000e+00
1.000000e+00
1.000000e+00
1.000000e+00
1.000000e+00
1.000000e+00
1.000000e+00
1.000000e+00
1.000000e+00
1.000000e+00
1.000000e+00
1.000000e+00
1.000000e+00
1.000000e+00
1.000000e+00
1.000000e+00
1.000000e+00
1.000000e+00
1.000000e+00
1.000000e+00
1.000000e+00
1.000000e+00
1.000000e+00
1.000000e+00
1.000000e+00
1.000000e+00
1.000000e+00
1.000000e+00
1.000000e+00
1.000000e+00
1.000000e+00
1.000000e+00
9.999999e-01
9.999999e-01
9.999998e-01
9.999997e-01
9.999994e-01
9.999990e-01
9.999982e-01
9.999968e-01
9.999943e-01
9.999896e-01
9.999810e-01
9.999650e-01
9.999352e-01
9.998798e-01
9.997774e-01
9.995904e-01
9.992543e-01
9.986638e-01
9.976556e-01
9.959927e-01
9.933572e-01
9.893577e-01
9.835600e-01
9.755357e-01
9.649261e-01
9.514914e-01
9.351477e-01
9.159640e-01
8.941624e-01
8.700622e-01
8.440561e-01
8.165484e-01
7.879822e-01
7.587598e-01
7.292322e-01
6.997721e-01
6.706753e-01
6.421768e-01
6.145478e-01
5.879898e-01
5.625811e-01
5.385310e-01
5.158285e-01
4.945834e-01
4.747539e-01
4.562610e-01
4.389464e-01
4.227050e-01
4.073130e-01
3.926510e-01
3.785008e-01
3.646885e-01
3.510508e-01
3.374507e-01
3.237754e-01
3.099308e-01
2.958717e-01
2.815781e-01
2.670803e-01
2.524611e-01
2.378555e-01
2.234571e-01
2.095104e-01
1.962891e-01
1.840652e-01
1.730774e-01
1.634878e-01
1.553584e-01
1.486519e-01
1.432498e-01
1.389821e-01
1.356599e-01
1.331000e-01
1.311405e-01
1.296467e-01
1.285105e-01
1.276475e-01
1.269928e-01
1.264965e-01
1.261211e-01
1.258372e-01
1.256234e-01
1.254625e-01
1.253419e-01
1.252517e-01
1.251846e-01
1.251347e-01
1.250980e-01
1.250709e-01
1.250511e-01
1.250366e-01
1.250261e-01
1.250185e-01
1.250131e-01
1.250092e-01
1.250065e-01
1.250045e-01
1.250031e-01
1.250021e-01
1.250015e-01
1.250010e-01
1.250007e-01
1.250005e-01
1.250003e-01
1.250002e-01
1.250001e-01
1.250001e-01
1.250001e-01
1.250000e-01
1.250000e-01
1.250000e-01
1.250000e-01
1.250000e-01
1.250000e-01
1.250000e-01
1.250000e-01
1.250000e-01
1.250000e-01
1.250000e-01
1.250000e-01
1.250000e-01
1.250000e-01
1.250000e-01
1.250000e-01
1.250000e-01
1.250000e-01
1.250000e-01
1.250000e-01
1.250000e-01
1.250000e-01
1.250000e-01
1.250000e-01
1.250000e-01
1.250000e-01
1.250000e-01
1.250000e-01
1.250000e-01
1.250000e-01
1.250000e-01
1.250000e-01
1.250000e-01
1.250000e-01
1.250000e-01
1.250000e-01
1.250000e-01
1.250000e-01
1.250000e-01
1.250000e-01
1.250000e-01
1.250000e-01
1.250000e-01
1.250000e-01
1.250000e-01
1.250000e-01
1.250000e-01
1.250000e-01
1.250000e-01
1.250000e-01
1.250000e-01
1.250000e-01
1.250000e-01
1.250000e-01
1.250000e-01
1.250000e-01
1.250000e-01
1.250000e-01
1.250000e-01
1.250000e-01
1.250000e-01
1.250000e-01
1.250000e-01
1.250000e-01
1.250000e-01
1.250000e-01
1.250000e-01
1.250000e-01
1.250000e-01
1.250000e-01
1.250000e-01
1.250000e-01
1.250000e-01
1.250000e-01
1.250000e-01
1.250000e-01
1.250000e-01
1.250000e-01
1.250000e-01
1.250000e-01
1.250000e-01
1.250000e-01
1.250000e-01
1.250000e-01
1.250000e-01
1.250000e-01
1.250000e-01
1.250000e-01
1.250000e-01
1.250000e-01
1.250000e-01
1.250000e-01
1.250000e-01
1.250000e-01
1.250000e-01
1.250000e-01
1.250000e-01
1.250000e-01
1.250000e-01
1.250000e-01
1.250000e-01
1.250000e-01
1.250000e-01
1.250000e-01
1.250000e-01
1.250000e-01
1.250000e-01
1.250000e-01
1.250000e-01
1.250000e-01
1.250000e-01
1.250000e-01
1.250000e-01
1.250000e-01
1.250000e-01
1.250000e-01
1.250000e-01
1.250000e-01
1.250000e-01
1.250000e-01
1.250000e-01
1.250000e-01
1.250000e-01
1.250000e-01
1.250000e-01
1.250000e-01
1.250001e-01
1.250001e-01
1.250002e-01
1.250002e-01
1.250003e-01
1.250005e-01
1.250007e-01
1.250011e-01
1.250016e-01
1.250023e-01
1.250033e-01
1.250047e-01
1.250067e-01
1.250095e-01
1.250135e-01
1.250190e-01
1.250267e-01
1.250374e-01
1.250520e-01
1.250720e-01
1.250993e-01
1.251364e-01
1.251865e-01
1.252541e-01
1.253449e-01
1.254662e-01
1.256280e-01
1.258432e-01
1.261284e-01
1.265058e-01
1.270040e-01
1.276609e-01
1.285255e-01
1.296622e-01
1.311539e-01
1.331067e-01
1.356530e-01
1.389520e-01
1.431848e-01
1.485407e-01
1.551932e-01
1.632680e-01
1.728105e-01
1.837645e-01
1.959713e-01
2.091952e-01
2.231602e-01
2.375856e-01
2.522214e-01
2.668693e-01
2.813914e-01
2.957004e-01
3.097703e-01
3.236191e-01
3.372948e-01
3.508922e-01
3.645297e-01
3.783450e-01
3.924947e-01
4.071657e-01
4.225777e-01
4.388489e-01
4.562158e-01
4.747563e-01
4.946499e-01
