5.202115e-01
5.460029e-01
5.733481e-01
6.022158e-01
6.323470e-01
6.635605e-01
6.954876e-01
7.278211e-01
7.601626e-01
7.920372e-01
8.229780e-01
8.524688e-01
8.799693e-01
9.049899e-01
9.271000e-01
9.459739e-01
9.614738e-01
9.736531e-01
9.827644e-01
9.892305e-01
9.935718e-01
9.963272e-01
9.979825e-01
9.989277e-01
9.994440e-01
9.997162e-01
9.998561e-01
9.999269e-01
9.999626e-01
9.999807e-01
9.999899e-01
9.999946e-01
9.999971e-01
9.999984e-01
9.999991e-01
9.999995e-01
9.999997e-01
9.999998e-01
9.999999e-01
1.000000e+00
1.000000e+00
1.000000e+00
1.000000e+00
1.000000e+00
1.000000e+00
1.000000e+00
1.000000e+00
1.000000e+00
1.000000e+00
1.000000e+00
1.000000e+00
1.000000e+00
1.000000e+00
1.000000e+00
1.000000e+00
1.000000e+00
1.000000e+00
1.000000e+00
1.000000e+00
1.000000e+00
1.000000e+00
1.000000e+00
1.000000e+00
1.000000e+00
1.000000e+00
1.000000e+00
1.000000e+00
1.000000e+00
1.000000e+00
1.000000e+00
1.000000e+00
1.000000e+00
1.000000e+00
1.000000e+00
1.000000e+00
1.000000e+00
1.000000e+00
1.000000e+00
1.000000e+00
1.000000e+00
1.000000e+00
1.000000e+00
1.000000e+00
1.000000e+00
1.000000e+00
1.000000e+00
1.000000e+00
1.000000e+00
1.000000e+00
1.000000e+00
1.000000e+00
1.000000e+00
1.000000e+00
1.000000e+00
1.000000e+00
1.000000e+00
1.000000e+00
1.000000e+00
1.000000e+00
1.000000e+00
1.000000e+00
1.000000e+00
1.000000e+00
1.000000e+00
1.000000e+00
1.000000e+00
1.000000e+00
1.000000e+00
1.000000e+00
1.000000e+00
1.000000e+00
1.000000e+00
1.000000e+00
1.000000e+00
1.000000e+00
1.000000e+00
1.000000e+00
1.000000e+00
1.000000e+00
1.000000e+00
1.000000e+00
1.000000e+00
1.000000e+00
1.000000e+00
1.000000e+00
1.000000e+00
1.000000e+00
1.000000e+00
1.000000e+00
1.000000e+00
1.000000e+00
1.000000e+00
1.000000e+00
1.000000e+00
1.000000e+00
1.000000e+00
1.000000e+00
1.000000e+00
1.000000e+00
1.000000e+00
1.000000e+00
1.000000e+00
1.000000e+00
1.000000e+00
1.000000e+00
1.000000e+00
1.000000e+00
1.000000e+00
1.000000e+00
1.000000e+00
1.000000e+00
1.000000e+00
1.000000e+00
1.000000e+00
1.000000e+00
1.000000e+00
1.000000e+00
1.000000e+00
1.000000e+00
1.000000e+00
1.000000e+00
1.000000e+00
1.000000e+00
1.000000e+00
1.000000e+00
1.000000e+00
1.000000e+00
1.000000e+00
1.000000e+00
1.000000e+00
1.000000e+00
1.000000e+00
1.000000e+00
1.000000e+00
1.000000e+00
1.000000e+00
1.000000e+00
1.000000e+00
1.000000e+00
1.000000e+00
1.000000e+00
1.000000e+00
1.000000e+00
1.000000e+00
1.000000e+00
1.000000e+00
1.000000e+00
1.000000e+00
1.000000e+00
1.000000e+00
1.000000e+00
1.000000e+00
1.000000e+00
1.000000e+00
1.000000e+00
1.000000e+00
1.000000e+00
1.000000e+00
1.000000e+00
1.000000e+00
1.000000e+00
1.000000e+00
1.000000e+00
1.000000e+00
1.000000e+00
1.000000e+00
1.000000e+00
1.000000e+00
1.000000e+00
1.000000e+00
1.000000e+00
1.000000e+00
1.000000e+00
1.000000e+00
1.000000e+00
1.000000e+00
9.999999e-01
9.999999e-01
9.999998e-01
9.999996e-01
9.999994e-01
9.999988e-01
9.999979e-01
9.999961e-01
9.999927e-01
9.999863e-01
9.999740e-01
9.999506e-01
9.999056e-01
9.998195e-01
9.996564e-01
9.993517e-01
9.987950e-01
9.978073e-01
9.961176e-01
9.933488e-01
9.890245e-01
9.826070e-01
9.735645e-01
9.614575e-01
9.460119e-01
9.271612e-01
9.050383e-01
8.799721e-01
8.524028e-01
8.228304e-01
7.918101e-01
7.598678e-01
7.274753e-01
6.951155e-01
6.631857e-01
6.319929e-01
6.018999e-01
5.730855e-01
5.457978e-01
5.201025e-01
4.961005e-01
4.738040e-01
4.530966e-01
4.337475e-01
4.156267e-01
3.984683e-01
3.820203e-01
3.660731e-01
3.503967e-01
3.348038e-01
3.191550e-01
3.033368e-01
2.873215e-01
2.711204e-01
2.548389e-01
2.386497e-01
2.227988e-01
2.075938e-01
1.933686e-01
1.804400e-01
1.690624e-01
1.593782e-01
1.513960e-01
1.450062e-01
1.400152e-01
1.361908e-01
1.332999e-01
1.311344e-01
1.295212e-01
1.283237e-01
1.274368e-01
1.267811e-01
1.262977e-01
1.259417e-01
1.256808e-01
1.254897e-01
1.253508e-01
1.252498e-01
1.251771e-01
1.251248e-01
1.250875e-01
1.250609e-01
1.250422e-01
1.250291e-01
1.250199e-01
1.250135e-01
1.250091e-01
1.250061e-01
1.250041e-01
1.250027e-01
1.250018e-01
1.250012e-01
1.250008e-01
1.250005e-01
1.250003e-01
1.250002e-01
1.250001e-01
1.250001e-01
1.250001e-01
1.250000e-01
1.250000e-01
1.250000e-01
1.250000e-01
1.250000e-01
1.250000e-01
1.250000e-01
1.250000e-01
1.250000e-01
1.250000e-01
1.250000e-01
1.250000e-01
1.250000e-01
1.250000e-01
1.250000e-01
1.250000e-01
1.250000e-01
1.250000e-01
1.250000e-01
1.250000e-01
1.250000e-01
1.250000e-01
1.250000e-01
1.250000e-01
1.250000e-01
1.250000e-01
1.250000e-01
1.250000e-01
1.250000e-01
1.250000e-01
1.250000e-01
1.250000e-01
1.250000e-01
1.250000e-01
1.250000e-01
1.250000e-01
1.250000e-01
1.250000e-01
1.250000e-01
1.250000e-01
1.250000e-01
1.250000e-01
1.250000e-01
1.250000e-01
1.250000e-01
1.250000e-01
1.250000e-01
1.250000e-01
1.250000e-01
1.250000e-01
1.250000e-01
1.250000e-01
1.250000e-01
1.250000e-01
1.250000e-01
1.250000e-01
1.250000e-01
1.250000e-01
1.250000e-01
1.250000e-01
1.250000e-01
1.250000e-01
1.250000e-01
1.250000e-01
1.250000e-01
1.250000e-01
1.250000e-01
1.250000e-01
1.250000e-01
1.250000e-01
1.250000e-01
1.250000e-01
1.250000e-01
1.250000e-01
1.250000e-01
1.250000e-01
1.250000e-01
1.250000e-01
1.250000e-01
1.250000e-01
1.250000e-01
1.250000e-01
1.250000e-01
1.250000e-01
1.250000e-01
1.250000e-01
1.250000e-01
1.250000e-01
1.250000e-01
1.250000e-01
1.250000e-01
1.250000e-01
1.250000e-01
1.250000e-01
1.250000e-01
1.250000e-01
1.250000e-01
1.250000e-01
1.250000e-01
1.250000e-01
1.250000e-01
1.250000e-01
1.250000e-01
1.250000e-01
1.250000e-01
1.250000e-01
1.250000e-01
1.250000e-01
1.250000e-01
1.250000e-01
1.250000e-01
1.250000e-01
1.250000e-01
1.250000e-01
1.250000e-01
1.250000e-01
1.250000e-01
1.250000e-01
1.250000e-01
1.250000e-01
1.250000e-01
1.250000e-01
1.250000e-01
1.250000e-01
1.250000e-01
1.250000e-01
1.250000e-01
1.250000e-01
1.250000e-01
1.250000e-01
1.250000e-01
1.250000e-01
1.250000e-01
1.250000e-01
1.250000e-01
1.250000e-01
1.250000e-01
1.250000e-01
1.250001e-01
1.250001e-01
1.250001e-01
1.250002e-01
1.250004e-01
1.250005e-01
1.250008e-01
1.250013e-01
1.250019e-01
1.250029e-01
1.250043e-01
1.250065e-01
1.250096e-01
1.250141e-01
1.250206e-01
1.250299e-01
1.250433e-01
1.250623e-01
1.250892e-01
1.251270e-01
1.251798e-01
1.252532e-01
1.253549e-01
1.254950e-01
1.256873e-01
1.259501e-01
1.263081e-01
1.267941e-01
1.274523e-01
1.283415e-01
1.295398e-01
1.311505e-01
1.333076e-01
1.361808e-01
1.399748e-01
1.449207e-01
1.512531e-01
1.591720e-01
1.687971e-01
1.801284e-01
1.930303e-01
2.072527e-01
2.224751e-01
2.383557e-01
2.545788e-01
2.708920e-01
2.871203e-01
3.031537e-01
3.189802e-01
3.346324e-01
3.502246e-01
3.659021e-01
3.818536e-01
3.983087e-01
4.154835e-01
4.336361e-01
4.530282e-01
4.737962e-01
4.961700e-01
