5.054135e-01
5.216654e-01
5.387874e-01
5.568122e-01
5.756787e-01
5.953524e-01
6.157747e-01
6.368787e-01
6.585871e-01
6.807791e-01
7.033710e-01
7.262331e-01
7.492334e-01
7.722039e-01
7.949891e-01
8.174019e-01
8.392392e-01
8.602926e-01
8.803315e-01
8.991417e-01
9.165111e-01
9.322522e-01
9.462177e-01
9.583123e-01
9.685116e-01
9.768625e-01
9.834845e-01
9.885595e-01
9.923116e-01
9.949861e-01
9.968234e-01
9.980410e-01
9.988208e-01
9.993047e-01
9.995968e-01
9.997690e-01
9.998686e-01
9.999256e-01
9.999578e-01
9.999760e-01
9.999862e-01
9.999921e-01
9.999954e-01
9.999973e-01
9.999984e-01
9.999990e-01
9.999994e-01
9.999996e-01
9.999998e-01
9.999999e-01
9.999999e-01
9.999999e-01
1.000000e+00
1.000000e+00
1.000000e+00
1.000000e+00
1.000000e+00
1.000000e+00
1.000000e+00
1.000000e+00
1.000000e+00
1.000000e+00
1.000000e+00
1.000000e+00
1.000000e+00
1.000000e+00
1.000000e+00
1.000000e+00
1.000000e+00
1.000000e+00
1.000000e+00
1.000000e+00
1.000000e+00
1.000000e+00
1.000000e+00
1.000000e+00
1.000000e+00
1.000000e+00
1.000000e+00
1.000000e+00
1.000000e+00
1.000000e+00
1.000000e+00
1.000000e+00
1.000000e+00
1.000000e+00
1.000000e+00
1.000000e+00
1.000000e+00
1.000000e+00
1.000000e+00
1.000000e+00
1.000000e+00
1.000000e+00
1.000000e+00
1.000000e+00
1.000000e+00
1.000000e+00
1.000000e+00
1.000000e+00
1.000000e+00
1.000000e+00
1.000000e+00
1.000000e+00
1.000000e+00
1.000000e+00
1.000000e+00
1.000000e+00
1.000000e+00
1.000000e+00
1.000000e+00
1.000000e+00
1.000000e+00
1.000000e+00
1.000000e+00
1.000000e+00
1.000000e+00
1.000000e+00
1.000000e+00
1.000000e+00
1.000000e+00
1.000000e+00
1.000000e+00
1.000000e+00
1.000000e+00
1.000000e+00
1.000000e+00
1.000000e+00
1.000000e+00
1.000000e+00
1.000000e+00
1.000000e+00
1.000000e+00
1.000000e+00
1.000000e+00
1.000000e+00
1.000000e+00
1.000000e+00
1.000000e+00
1.000000e+00
1.000000e+00
1.000000e+00
1.000000e+00
1.000000e+00
1.000000e+00
1.000000e+00
1.000000e+00
1.000000e+00
1.000000e+00
1.000000e+00
1.000000e+00
1.000000e+00
1.000000e+00
1.000000e+00
1.000000e+00
1.000000e+00
1.000000e+00
1.000000e+00
1.000000e+00
1.000000e+00
1.000000e+00
1.000000e+00
1.000000e+00
1.000000e+00
1.000000e+00
1.000000e+00
1.000000e+00
1.000000e+00
1.000000e+00
1.000000e+00
1.000000e+00
1.000000e+00
1.000000e+00
1.000000e+00
1.000000e+00
1.000000e+00
1.000000e+00
1.000000e+00
1.000000e+00
1.000000e+00
1.000000e+00
1.000000e+00
1.000000e+00
1.000000e+00
1.000000e+00
1.000000e+00
1.000000e+00
1.000000e+00
1.000000e+00
1.000000e+00
1.000000e+00
1.000000e+00
1.000000e+00
1.000000e+00
1.000000e+00
1.000000e+00
1.000000e+00
1.000000e+00
1.000000e+00
1.000000e+00
1.000000e+00
1.000000e+00
1.000000e+00
1.000000e+00
9.999999e-01
9.999999e-01
9.999998e-01
9.999997e-01
9.999995e-01
9.999993e-01
9.999988e-01
9.999979e-01
9.999965e-01
9.999940e-01
9.999897e-01
9.999823e-01
9.999695e-01
9.999471e-01
9.999085e-01
9.998421e-01
9.997289e-01
9.995387e-01
9.992240e-01
9.987143e-01
9.979081e-01
9.966677e-01
9.948160e-01
9.921400e-01
9.884015e-01
9.833548e-01
9.767721e-01
9.684649e-01
9.583065e-01
9.462438e-01
9.322961e-01
9.165575e-01
8.991750e-01
8.803382e-01
8.602627e-01
8.391657e-01
8.172824e-01
7.948248e-01
7.719987e-01
7.489928e-01
7.259661e-01
7.030851e-01
6.804843e-01
6.582911e-01
6.365914e-01
6.155017e-01
5.951012e-01
5.754537e-01
5.566169e-01
5.386280e-01
5.215398e-01
5.053319e-01
4.900187e-01
4.755966e-01
4.619882e-01
4.491954e-01
4.370900e-01
4.256250e-01
4.147270e-01
4.042665e-01
3.941892e-01
3.843589e-01
3.747385e-01
3.652164e-01
3.557483e-01
3.462637e-01
3.367262e-01
3.270908e-01
3.173241e-01
3.073977e-01
2.972883e-01
2.869743e-01
2.764438e-01
2.656975e-01
2.547571e-01
2.436640e-01
2.324918e-01
2.213462e-01
2.103650e-01
1.997110e-01
1.895581e-01
1.800777e-01
1.714134e-01
1.636672e-01
1.568894e-01
1.510768e-01
1.461800e-01
1.421160e-01
1.387830e-01
1.360735e-01
1.338845e-01
1.321232e-01
1.307089e-01
1.295747e-01
1.286656e-01
1.279363e-01
1.273517e-01
1.268826e-01
1.265058e-01
1.262040e-01
1.259614e-01
1.257667e-01
1.256111e-01
1.254858e-01
1.253859e-01
1.253061e-01
1.252420e-01
1.251913e-01
1.251508e-01
1.251185e-01
1.250932e-01
1.250729e-01
1.250569e-01
1.250444e-01
1.250345e-01
1.250268e-01
1.250207e-01
1.250160e-01
1.250123e-01
1.250094e-01
1.250072e-01
1.250055e-01
1.250042e-01
1.250032e-01
1.250024e-01
1.250018e-01
1.250014e-01
1.250010e-01
1.250008e-01
1.250006e-01
1.250004e-01
1.250003e-01
1.250002e-01
1.250002e-01
1.250001e-01
1.250001e-01
1.250001e-01
1.250001e-01
1.250000e-01
1.250000e-01
1.250000e-01
1.250000e-01
1.250000e-01
1.250000e-01
1.250000e-01
1.250000e-01
1.250000e-01
1.250000e-01
1.250000e-01
1.250000e-01
1.250000e-01
1.250000e-01
1.250000e-01
1.250000e-01
1.250000e-01
1.250000e-01
1.250000e-01
1.250000e-01
1.250000e-01
1.250000e-01
1.250000e-01
1.250000e-01
1.250000e-01
1.250000e-01
1.250000e-01
1.250000e-01
1.250000e-01
1.250000e-01
1.250000e-01
1.250000e-01
1.250000e-01
1.250000e-01
1.250000e-01
1.250000e-01
1.250000e-01
1.250000e-01
1.250000e-01
1.250000e-01
1.250000e-01
1.250000e-01
1.250000e-01
1.250000e-01
1.250000e-01
1.250000e-01
1.250000e-01
1.250000e-01
1.250000e-01
1.250000e-01
1.250000e-01
1.250000e-01
1.250000e-01
1.250000e-01
1.250000e-01
1.250000e-01
1.250000e-01
1.250000e-01
1.250000e-01
1.250000e-01
1.250000e-01
1.250000e-01
1.250000e-01
1.250000e-01
1.250000e-01
1.250000e-01
1.250000e-01
1.250000e-01
1.250000e-01
1.250000e-01
1.250000e-01
1.250000e-01
1.250000e-01
1.250000e-01
1.250000e-01
1.250000e-01
1.250000e-01
1.250000e-01
1.250000e-01
1.250000e-01
1.250000e-01
1.250000e-01
1.250000e-01
1.250000e-01
1.250001e-01
1.250001e-01
1.250001e-01
1.250001e-01
1.250002e-01
1.250002e-01
1.250003e-01
1.250004e-01
1.250006e-01
1.250008e-01
1.250011e-01
1.250014e-01
1.250019e-01
1.250025e-01
1.250033e-01
1.250043e-01
1.250056e-01
1.250073e-01
1.250096e-01
1.250124e-01
1.250161e-01
1.250209e-01
1.250270e-01
1.250348e-01
1.250447e-01
1.250573e-01
1.250733e-01
1.250936e-01
1.251192e-01
1.251514e-01
1.251921e-01
1.252432e-01
1.253072e-01
1.253875e-01
1.254879e-01
1.256133e-01
1.257699e-01
1.259651e-01
1.262085e-01
1.265117e-01
1.268892e-01
1.273596e-01
1.279454e-01
1.286752e-01
1.295847e-01
1.307179e-01
1.321293e-01
1.338851e-01
1.360643e-01
1.387586e-01
1.420698e-01
1.461051e-01
1.509671e-01
1.567409e-01
1.634800e-01
1.711920e-01
1.798308e-01
1.892966e-01
1.994454e-01
2.101061e-01
2.211033e-01
2.322701e-01
2.434651e-01
2.545798e-01
2.655397e-01
2.763011e-01
2.868428e-01
2.971649e-01
3.072791e-01
3.172063e-01
3.269721e-01
3.366034e-01
3.461376e-01
3.556182e-01
3.650810e-01
3.746033e-01
3.842214e-01
3.940562e-01
4.041400e-01
4.146140e-01
4.255267e-01
4.370136e-01
4.491503e-01
4.619712e-01
4.756186e-01
4.900732e-01
