5.176448e-01
5.415972e-01
5.669685e-01
5.937752e-01
6.217626e-01
6.508290e-01
6.806940e-01
7.111060e-01
7.417469e-01
7.722407e-01
8.022143e-01
8.312366e-01
8.588499e-01
8.846002e-01
9.080561e-01
9.288478e-01
9.466920e-01
9.614660e-01
9.732062e-01
9.821227e-01
9.885702e-01
9.929993e-01
9.958861e-01
9.976727e-01
9.987259e-01
9.993204e-01
9.996439e-01
9.998153e-01
9.999043e-01
9.999503e-01
9.999739e-01
9.999862e-01
9.999926e-01
9.999960e-01
9.999978e-01
9.999988e-01
9.999993e-01
9.999996e-01
9.999998e-01
9.999999e-01
9.999999e-01
1.000000e+00
1.000000e+00
1.000000e+00
1.000000e+00
1.000000e+00
1.000000e+00
1.000000e+00
1.000000e+00
1.000000e+00
1.000000e+00
1.000000e+00
1.000000e+00
1.000000e+00
1.000000e+00
1.000000e+00
1.000000e+00
1.000000e+00
1.000000e+00
1.000000e+00
1.000000e+00
1.000000e+00
1.000000e+00
1.000000e+00
1.000000e+00
1.000000e+00
1.000000e+00
1.000000e+00
1.000000e+00
1.000000e+00
1.000000e+00
1.000000e+00
1.000000e+00
1.000000e+00
1.000000e+00
1.000000e+00
1.000000e+00
1.000000e+00
1.000000e+00
1.000000e+00
1.000000e+00
1.000000e+00
1.000000e+00
1.000000e+00
1.000000e+00
1.000000e+00
1.000000e+00
1.000000e+00
1.000000e+00
1.000000e+00
1.000000e+00
1.000000e+00
1.000000e+00
1.000000e+00
1.000000e+00
1.000000e+00
1.000000e+00
1.000000e+00
1.000000e+00
1.000000e+00
1.000000e+00
1.000000e+00
1.000000e+00
1.000000e+00
1.000000e+00
1.000000e+00
1.000000e+00
1.000000e+00
1.000000e+00
1.000000e+00
1.000000e+00
1.000000e+00
1.000000e+00
1.000000e+00
1.000000e+00
1.000000e+00
1.000000e+00
1.000000e+00
1.000000e+00
1.000000e+00
1.000000e+00
1.000000e+00
1.000000e+00
1.000000e+00
1.000000e+00
1.000000e+00
1.000000e+00
1.000000e+00
1.000000e+00
1.000000e+00
1.000000e+00
1.000000e+00
1.000000e+00
1.000000e+00
1.000000e+00
1.000000e+00
1.000000e+00
1.000000e+00
1.000000e+00
1.000000e+00
1.000000e+00
1.000000e+00
1.000000e+00
1.000000e+00
1.000000e+00
1.000000e+00
1.000000e+00
1.000000e+00
1.000000e+00
1.000000e+00
1.000000e+00
1.000000e+00
1.000000e+00
1.000000e+00
1.000000e+00
1.000000e+00
1.000000e+00
1.000000e+00
1.000000e+00
1.000000e+00
1.000000e+00
1.000000e+00
1.000000e+00
1.000000e+00
1.000000e+00
1.000000e+00
1.000000e+00
1.000000e+00
1.000000e+00
1.000000e+00
1.000000e+00
1.000000e+00
1.000000e+00
1.000000e+00
1.000000e+00
1.000000e+00
1.000000e+00
1.000000e+00
1.000000e+00
1.000000e+00
1.000000e+00
1.000000e+00
1.000000e+00
1.000000e+00
1.000000e+00
1.000000e+00
1.000000e+00
1.000000e+00
1.000000e+00
1.000000e+00
1.000000e+00
1.000000e+00
1.000000e+00
1.000000e+00
1.000000e+00
1.000000e+00
1.000000e+00
1.000000e+00
1.000000e+00
1.000000e+00
1.000000e+00
1.000000e+00
1.000000e+00
1.000000e+00
1.000000e+00
1.000000e+00
1.000000e+00
1.000000e+00
1.000000e+00
1.000000e+00
1.000000e+00
1.000000e+00
1.000000e+00
1.000000e+00
9.999999e-01
9.999999e-01
9.999998e-01
9.999997e-01
9.999995e-01
9.999991e-01
9.999983e-01
9.999970e-01
9.999946e-01
9.999900e-01
9.999815e-01
9.999655e-01
9.999355e-01
9.998789e-01
9.997731e-01
9.995772e-01
9.992209e-01
9.985877e-01
9.974960e-01
9.956805e-01
9.927858e-01
9.883765e-01
9.819760e-01
9.731238e-01
9.614499e-01
9.467269e-01
9.289062e-01
9.081067e-01
8.846132e-01
8.588037e-01
8.311171e-01
8.020209e-01
7.719804e-01
7.414321e-01
7.107572e-01
6.803322e-01
6.504699e-01
6.214310e-01
5.934801e-01
5.667277e-01
5.414074e-01
5.175396e-01
4.952162e-01
4.744166e-01
4.550597e-01
4.369361e-01
4.199544e-01
4.038736e-01
3.885219e-01
3.736774e-01
3.591425e-01
3.447557e-01
3.303603e-01
3.158527e-01
3.011492e-01
2.862241e-01
2.710884e-01
2.558288e-01
2.405837e-01
2.255560e-01
2.110076e-01
1.972332e-01
1.845260e-01
1.731421e-01
1.632550e-01
1.549257e-01
1.481061e-01
1.426600e-01
1.383975e-01
1.351114e-01
1.326043e-01
1.307041e-01
1.292699e-01
1.281898e-01
1.273779e-01
1.267682e-01
1.263114e-01
1.259694e-01
1.257143e-01
1.255242e-01
1.253833e-01
1.252789e-01
1.252022e-01
1.251457e-01
1.251047e-01
1.250747e-01
1.250531e-01
1.250375e-01
1.250264e-01
1.250185e-01
1.250129e-01
1.250089e-01
1.250061e-01
1.250042e-01
1.250029e-01
1.250019e-01
1.250013e-01
1.250009e-01
1.250006e-01
1.250004e-01
1.250003e-01
1.250002e-01
1.250001e-01
1.250001e-01
1.250000e-01
1.250000e-01
1.250000e-01
1.250000e-01
1.250000e-01
1.250000e-01
1.250000e-01
1.250000e-01
1.250000e-01
1.250000e-01
1.250000e-01
1.250000e-01
1.250000e-01
1.250000e-01
1.250000e-01
1.250000e-01
1.250000e-01
1.250000e-01
1.250000e-01
1.250000e-01
1.250000e-01
1.250000e-01
1.250000e-01
1.250000e-01
1.250000e-01
1.250000e-01
1.250000e-01
1.250000e-01
1.250000e-01
1.250000e-01
1.250000e-01
1.250000e-01
1.250000e-01
1.250000e-01
1.250000e-01
1.250000e-01
1.250000e-01
1.250000e-01
1.250000e-01
1.250000e-01
1.250000e-01
1.250000e-01
1.250000e-01
1.250000e-01
1.250000e-01
1.250000e-01
1.250000e-01
1.250000e-01
1.250000e-01
1.250000e-01
1.250000e-01
1.250000e-01
1.250000e-01
1.250000e-01
1.250000e-01
1.250000e-01
1.250000e-01
1.250000e-01
1.250000e-01
1.250000e-01
1.250000e-01
1.250000e-01
1.250000e-01
1.250000e-01
1.250000e-01
1.250000e-01
1.250000e-01
1.250000e-01
1.250000e-01
1.250000e-01
1.250000e-01
1.250000e-01
1.250000e-01
1.250000e-01
1.250000e-01
1.250000e-01
1.250000e-01
1.250000e-01
1.250000e-01
1.250000e-01
1.250000e-01
1.250000e-01
1.250000e-01
1.250000e-01
1.250000e-01
1.250000e-01
1.250000e-01
1.250000e-01
1.250000e-01
1.250000e-01
1.250000e-01
1.250000e-01
1.250000e-01
1.250000e-01
1.250000e-01
1.250000e-01
1.250000e-01
1.250000e-01
1.250000e-01
1.250000e-01
1.250000e-01
1.250000e-01
1.250000e-01
1.250000e-01
1.250000e-01
1.250000e-01
1.250000e-01
1.250000e-01
1.250000e-01
1.250000e-01
1.250000e-01
1.250000e-01
1.250000e-01
1.250000e-01
1.250000e-01
1.250000e-01
1.250000e-01
1.250000e-01
1.250000e-01
1.250000e-01
1.250000e-01
1.250000e-01
1.250000e-01
1.250000e-01
1.250000e-01
1.250000e-01
1.250000e-01
1.250000e-01
1.250000e-01
1.250000e-01
1.250000e-01
1.250001e-01
1.250001e-01
1.250001e-01
1.250002e-01
1.250003e-01
1.250004e-01
1.250006e-01
1.250009e-01
1.250014e-01
1.250020e-01
1.250030e-01
1.250044e-01
1.250064e-01
1.250092e-01
1.250133e-01
1.250190e-01
1.250271e-01
1.250384e-01
1.250542e-01
1.250760e-01
1.251062e-01
1.251477e-01
1.252045e-01
1.252819e-01
1.253869e-01
1.255288e-01
1.257200e-01
1.259768e-01
1.263205e-01
1.267796e-01
1.273915e-01
1.282055e-01
1.292865e-01
1.307194e-01
1.326138e-01
1.351082e-01
1.383714e-01
1.425984e-01
1.479966e-01
1.547595e-01
1.630310e-01
1.728681e-01
1.842159e-01
1.969057e-01
2.106838e-01
2.252525e-01
2.403090e-01
2.555865e-01
2.708749e-01
2.860332e-01
3.009764e-01
3.156884e-01
3.301986e-01
3.445935e-01
3.589790e-01
3.735117e-01
3.883610e-01
4.037258e-01
4.198197e-01
4.368306e-01
4.550055e-01
4.744150e-01
4.952847e-01
