5.206626e-01
5.467863e-01
5.744927e-01
6.037270e-01
6.342429e-01
6.658354e-01
6.981266e-01
7.307948e-01
7.634162e-01
7.955123e-01
8.265943e-01
8.561208e-01
8.835534e-01
9.083909e-01
9.302076e-01
9.486985e-01
9.637542e-01
9.754673e-01
9.841302e-01
9.902012e-01
9.942222e-01
9.967381e-01
9.982282e-01
9.990676e-01
9.995205e-01
9.997567e-01
9.998771e-01
9.999378e-01
9.999682e-01
9.999836e-01
9.999914e-01
9.999954e-01
9.999975e-01
9.999987e-01
9.999993e-01
9.999996e-01
9.999998e-01
9.999999e-01
9.999999e-01
1.000000e+00
1.000000e+00
1.000000e+00
1.000000e+00
1.000000e+00
1.000000e+00
1.000000e+00
1.000000e+00
1.000000e+00
1.000000e+00
1.000000e+00
1.000000e+00
1.000000e+00
1.000000e+00
1.000000e+00
1.000000e+00
1.000000e+00
1.000000e+00
1.000000e+00
1.000000e+00
1.000000e+00
1.000000e+00
1.000000e+00
1.000000e+00
1.000000e+00
1.000000e+00
1.000000e+00
1.000000e+00
1.000000e+00
1.000000e+00
1.000000e+00
1.000000e+00
1.000000e+00
1.000000e+00
1.000000e+00
1.000000e+00
1.000000e+00
1.000000e+00
1.000000e+00
1.000000e+00
1.000000e+00
1.000000e+00
1.000000e+00
1.000000e+00
1.000000e+00
1.000000e+00
1.000000e+00
1.000000e+00
1.000000e+00
1.000000e+00
1.000000e+00
1.000000e+00
1.000000e+00
1.000000e+00
1.000000e+00
1.000000e+00
1.000000e+00
1.000000e+00
1.000000e+00
1.000000e+00
1.000000e+00
1.000000e+00
1.000000e+00
1.000000e+00
1.000000e+00
1.000000e+00
1.000000e+00
1.000000e+00
1.000000e+00
1.000000e+00
1.000000e+00
1.000000e+00
1.000000e+00
1.000000e+00
1.000000e+00
1.000000e+00
1.000000e+00
1.000000e+00
1.000000e+00
1.000000e+00
1.000000e+00
1.000000e+00
1.000000e+00
1.000000e+00
1.000000e+00
1.000000e+00
1.000000e+00
1.000000e+00
1.000000e+00
1.000000e+00
1.000000e+00
1.000000e+00
1.000000e+00
1.000000e+00
1.000000e+00
1.000000e+00
1.000000e+00
1.000000e+00
1.000000e+00
1.000000e+00
1.000000e+00
1.000000e+00
1.000000e+00
1.000000e+00
1.000000e+00
1.000000e+00
1.000000e+00
1.000000e+00
1.000000e+00
1.000000e+00
1.000000e+00
1.000000e+00
1.000000e+00
1.000000e+00
1.000000e+00
1.000000e+00
1.000000e+00
1.000000e+00
1.000000e+00
1.000000e+00
1.000000e+00
1.000000e+00
1.000000e+00
1.000000e+00
1.000000e+00
1.000000e+00
1.000000e+00
1.000000e+00
1.000000e+00
1.000000e+00
1.000000e+00
1.000000e+00
1.000000e+00
1.000000e+00
1.000000e+00
1.000000e+00
1.000000e+00
1.000000e+00
1.000000e+00
1.000000e+00
1.000000e+00
1.000000e+00
1.000000e+00
1.000000e+00
1.000000e+00
1.000000e+00
1.000000e+00
1.000000e+00
1.000000e+00
1.000000e+00
1.000000e+00
1.000000e+00
1.000000e+00
1.000000e+00
1.000000e+00
1.000000e+00
1.000000e+00
1.000000e+00
1.000000e+00
1.000000e+00
1.000000e+00
1.000000e+00
1.000000e+00
1.000000e+00
1.000000e+00
1.000000e+00
1.000000e+00
1.000000e+00
1.000000e+00
1.000000e+00
1.000000e+00
1.000000e+00
1.000000e+00
1.000000e+00
1.000000e+00
1.000000e+00
1.000000e+00
9.999999e-01
9.999999e-01
9.999998e-01
9.999997e-01
9.999995e-01
9.999990e-01
9.999982e-01
9.999966e-01
9.999938e-01
9.999883e-01
9.999778e-01
9.999577e-01
9.999189e-01
9.998445e-01
9.997026e-01
9.994356e-01
9.989432e-01
9.980604e-01
9.965328e-01
9.939979e-01
9.899880e-01
9.839607e-01
9.753653e-01
9.637263e-01
9.487298e-01
9.302681e-01
9.084434e-01
8.835640e-01
8.560643e-01
8.264552e-01
7.952925e-01
7.631258e-01
7.304497e-01
6.977539e-01
6.654581e-01
6.338846e-01
6.034071e-01
5.742260e-01
5.465794e-01
5.205529e-01
4.962484e-01
4.736828e-01
4.527314e-01
4.331645e-01
4.148383e-01
3.974809e-01
3.808368e-01
3.646856e-01
3.488005e-01
3.329863e-01
3.171064e-01
3.010557e-01
2.848089e-01
2.683933e-01
2.519317e-01
2.356150e-01
2.197089e-01
2.045365e-01
1.904383e-01
1.777270e-01
1.666393e-01
1.572881e-01
1.496498e-01
1.435867e-01
1.388861e-01
1.353068e-01
1.326153e-01
1.306077e-01
1.291180e-01
1.280157e-01
1.272023e-01
1.266029e-01
1.261627e-01
1.258398e-01
1.256040e-01
1.254323e-01
1.253079e-01
1.252181e-01
1.251536e-01
1.251077e-01
1.250749e-01
1.250519e-01
1.250357e-01
1.250244e-01
1.250166e-01
1.250112e-01
1.250075e-01
1.250050e-01
1.250033e-01
1.250022e-01
1.250014e-01
1.250009e-01
1.250006e-01
1.250004e-01
1.250002e-01
1.250002e-01
1.250001e-01
1.250001e-01
1.250000e-01
1.250000e-01
1.250000e-01
1.250000e-01
1.250000e-01
1.250000e-01
1.250000e-01
1.250000e-01
1.250000e-01
1.250000e-01
1.250000e-01
1.250000e-01
1.250000e-01
1.250000e-01
1.250000e-01
1.250000e-01
1.250000e-01
1.250000e-01
1.250000e-01
1.250000e-01
1.250000e-01
1.250000e-01
1.250000e-01
1.250000e-01
1.250000e-01
1.250000e-01
1.250000e-01
1.250000e-01
1.250000e-01
1.250000e-01
1.250000e-01
1.250000e-01
1.250000e-01
1.250000e-01
1.250000e-01
1.250000e-01
1.250000e-01
1.250000e-01
1.250000e-01
1.250000e-01
1.250000e-01
1.250000e-01
1.250000e-01
1.250000e-01
1.250000e-01
1.250000e-01
1.250000e-01
1.250000e-01
1.250000e-01
1.250000e-01
1.250000e-01
1.250000e-01
1.250000e-01
1.250000e-01
1.250000e-01
1.250000e-01
1.250000e-01
1.250000e-01
1.250000e-01
1.250000e-01
1.250000e-01
1.250000e-01
1.250000e-01
1.250000e-01
1.250000e-01
1.250000e-01
1.250000e-01
1.250000e-01
1.250000e-01
1.250000e-01
1.250000e-01
1.250000e-01
1.250000e-01
1.250000e-01
1.250000e-01
1.250000e-01
1.250000e-01
1.250000e-01
1.250000e-01
1.250000e-01
1.250000e-01
1.250000e-01
1.250000e-01
1.250000e-01
1.250000e-01
1.250000e-01
1.250000e-01
1.250000e-01
1.250000e-01
1.250000e-01
1.250000e-01
1.250000e-01
1.250000e-01
1.250000e-01
1.250000e-01
1.250000e-01
1.250000e-01
1.250000e-01
1.250000e-01
1.250000e-01
1.250000e-01
1.250000e-01
1.250000e-01
1.250000e-01
1.250000e-01
1.250000e-01
1.250000e-01
1.250000e-01
1.250000e-01
1.250000e-01
1.250000e-01
1.250000e-01
1.250000e-01
1.250000e-01
1.250000e-01
1.250000e-01
1.250000e-01
1.250000e-01
1.250000e-01
1.250000e-01
1.250000e-01
1.250000e-01
1.250000e-01
1.250000e-01
1.250000e-01
1.250000e-01
1.250000e-01
1.250000e-01
1.250000e-01
1.250000e-01
1.250000e-01
1.250000e-01
1.250000e-01
1.250000e-01
1.250000e-01
1.250000e-01
1.250000e-01
1.250000e-01
1.250000e-01
1.250000e-01
1.250001e-01
1.250001e-01
1.250002e-01
1.250003e-01
1.250004e-01
1.250007e-01
1.250010e-01
1.250015e-01
1.250023e-01
1.250035e-01
1.250053e-01
1.250079e-01
1.250117e-01
1.250172e-01
1.250252e-01
1.250367e-01
1.250532e-01
1.250766e-01
1.251097e-01
1.251562e-01
1.252213e-01
1.253118e-01
1.254373e-01
1.256102e-01
1.258477e-01
1.261725e-01
1.266154e-01
1.272173e-01
1.280333e-01
1.291368e-01
1.306254e-01
1.326264e-01
1.353030e-01
1.388551e-01
1.435138e-01
1.495214e-01
1.570961e-01
1.663854e-01
1.774223e-01
1.901014e-01
2.041915e-01
2.193775e-01
2.353122e-01
2.516632e-01
2.681570e-01
2.846006e-01
3.008690e-01
3.169295e-01
3.328131e-01
3.486269e-01
3.645137e-01
3.806683e-01
3.973188e-01
4.146934e-01
4.330521e-01
4.526610e-01
4.736740e-01
4.963180e-01
