5.089558e-01
5.272408e-01
5.465246e-01
5.668745e-01
5.881874e-01
6.103713e-01
6.333912e-01
6.571138e-01
6.813992e-01
7.061268e-01
7.311187e-01
7.562067e-01
7.811601e-01
8.057735e-01
8.297926e-01
8.529623e-01
8.749930e-01
8.956207e-01
9.145816e-01
9.316483e-01
9.466400e-01
9.594562e-01
9.700833e-01
9.786032e-01
9.851896e-01
9.900862e-01
9.935831e-01
9.959800e-01
9.975577e-01
9.985567e-01
9.991669e-01
9.995280e-01
9.997362e-01
9.998537e-01
9.999191e-01
9.999552e-01
9.999751e-01
9.999860e-01
9.999921e-01
9.999955e-01
9.999974e-01
9.999985e-01
9.999991e-01
9.999995e-01
9.999997e-01
9.999998e-01
9.999999e-01
9.999999e-01
1.000000e+00
1.000000e+00
1.000000e+00
1.000000e+00
1.000000e+00
1.000000e+00
1.000000e+00
1.000000e+00
1.000000e+00
1.000000e+00
1.000000e+00
1.000000e+00
1.000000e+00
1.000000e+00
1.000000e+00
1.000000e+00
1.000000e+00
1.000000e+00
1.000000e+00
1.000000e+00
1.000000e+00
1.000000e+00
1.000000e+00
1.000000e+00
1.000000e+00
1.000000e+00
1.000000e+00
1.000000e+00
1.000000e+00
1.000000e+00
1.000000e+00
1.000000e+00
1.000000e+00
1.000000e+00
1.000000e+00
1.000000e+00
1.000000e+00
1.000000e+00
1.000000e+00
1.000000e+00
1.000000e+00
1.000000e+00
1.000000e+00
1.000000e+00
1.000000e+00
1.000000e+00
1.000000e+00
1.000000e+00
1.000000e+00
1.000000e+00
1.000000e+00
1.000000e+00
1.000000e+00
1.000000e+00
1.000000e+00
1.000000e+00
1.000000e+00
1.000000e+00
1.000000e+00
1.000000e+00
1.000000e+00
1.000000e+00
1.000000e+00
1.000000e+00
1.000000e+00
1.000000e+00
1.000000e+00
1.000000e+00
1.000000e+00
1.000000e+00
1.000000e+00
1.000000e+00
1.000000e+00
1.000000e+00
1.000000e+00
1.000000e+00
1.000000e+00
1.000000e+00
1.000000e+00
1.000000e+00
1.000000e+00
1.000000e+00
1.000000e+00
1.000000e+00
1.000000e+00
1.000000e+00
1.000000e+00
1.000000e+00
1.000000e+00
1.000000e+00
1.000000e+00
1.000000e+00
1.000000e+00
1.000000e+00
1.000000e+00
1.000000e+00
1.000000e+00
1.000000e+00
1.000000e+00
1.000000e+00
1.000000e+00
1.000000e+00
1.000000e+00
1.000000e+00
1.000000e+00
1.000000e+00
1.000000e+00
1.000000e+00
1.000000e+00
1.000000e+00
1.000000e+00
1.000000e+00
1.000000e+00
1.000000e+00
1.000000e+00
1.000000e+00
1.000000e+00
1.000000e+00
1.000000e+00
1.000000e+00
1.000000e+00
1.000000e+00
1.000000e+00
1.000000e+00
1.000000e+00
1.000000e+00
1.000000e+00
1.000000e+00
1.000000e+00
1.000000e+00
1.000000e+00
1.000000e+00
1.000000e+00
1.000000e+00
1.000000e+00
1.000000e+00
1.000000e+00
1.000000e+00
1.000000e+00
1.000000e+00
1.000000e+00
1.000000e+00
1.000000e+00
1.000000e+00
1.000000e+00
1.000000e+00
1.000000e+00
1.000000e+00
1.000000e+00
1.000000e+00
1.000000e+00
1.000000e+00
1.000000e+00
1.000000e+00
1.000000e+00
1.000000e+00
1.000000e+00
1.000000e+00
1.000000e+00
9.999999e-01
9.999999e-01
9.999998e-01
9.999998e-01
9.999996e-01
9.999993e-01
9.999988e-01
9.999980e-01
9.999966e-01
9.999941e-01
9.999897e-01
9.999819e-01
9.999680e-01
9.999434e-01
9.998998e-01
9.998231e-01
9.996894e-01
9.994595e-01
9.990715e-01
9.984314e-01
9.974038e-01
9.958043e-01
9.933987e-01
9.899107e-01
9.850414e-01
9.784973e-01
9.700270e-01
9.594476e-01
9.466684e-01
9.316966e-01
9.146307e-01
8.956512e-01
8.749893e-01
8.529126e-01
8.296907e-01
8.056177e-01
7.809548e-01
7.559581e-01
7.308368e-01
7.058215e-01
6.810844e-01
6.567987e-01
6.330873e-01
6.100890e-01
5.879320e-01
5.666516e-01
5.463444e-01
5.270983e-01
5.088664e-01
4.916868e-01
4.755509e-01
4.603828e-01
4.461601e-01
4.327222e-01
4.200439e-01
4.079396e-01
3.963525e-01
3.851164e-01
3.741614e-01
3.633569e-01
3.526278e-01
3.418927e-01
3.310764e-01
3.201374e-01
3.090217e-01
2.977004e-01
2.861522e-01
2.743731e-01
2.623826e-01
2.502268e-01
2.379852e-01
2.257770e-01
2.137588e-01
2.021195e-01
1.910604e-01
1.807819e-01
1.714524e-01
1.631867e-01
1.560356e-01
1.499844e-01
1.449626e-01
1.408620e-01
1.375555e-01
1.349133e-01
1.328152e-01
1.311553e-01
1.298448e-01
1.288116e-01
1.279967e-01
1.273546e-01
1.268483e-01
1.264492e-01
1.261350e-01
1.258872e-01
1.256927e-01
1.255395e-01
1.254194e-01
1.253254e-01
1.252516e-01
1.251943e-01
1.251495e-01
1.251148e-01
1.250879e-01
1.250670e-01
1.250511e-01
1.250387e-01
1.250293e-01
1.250221e-01
1.250166e-01
1.250124e-01
1.250093e-01
1.250069e-01
1.250051e-01
1.250038e-01
1.250028e-01
1.250020e-01
1.250015e-01
1.250011e-01
1.250008e-01
1.250006e-01
1.250004e-01
1.250003e-01
1.250002e-01
1.250002e-01
1.250001e-01
1.250001e-01
1.250001e-01
1.250000e-01
1.250000e-01
1.250000e-01
1.250000e-01
1.250000e-01
1.250000e-01
1.250000e-01
1.250000e-01
1.250000e-01
1.250000e-01
1.250000e-01
1.250000e-01
1.250000e-01
1.250000e-01
1.250000e-01
1.250000e-01
1.250000e-01
1.250000e-01
1.250000e-01
1.250000e-01
1.250000e-01
1.250000e-01
1.250000e-01
1.250000e-01
1.250000e-01
1.250000e-01
1.250000e-01
1.250000e-01
1.250000e-01
1.250000e-01
1.250000e-01
1.250000e-01
1.250000e-01
1.250000e-01
1.250000e-01
1.250000e-01
1.250000e-01
1.250000e-01
1.250000e-01
1.250000e-01
1.250000e-01
1.250000e-01
1.250000e-01
1.250000e-01
1.250000e-01
1.250000e-01
1.250000e-01
1.250000e-01
1.250000e-01
1.250000e-01
1.250000e-01
1.250000e-01
1.250000e-01
1.250000e-01
1.250000e-01
1.250000e-01
1.250000e-01
1.250000e-01
1.250000e-01
1.250000e-01
1.250000e-01
1.250000e-01
1.250000e-01
1.250000e-01
1.250000e-01
1.250000e-01
1.250000e-01
1.250000e-01
1.250000e-01
1.250000e-01
1.250000e-01
1.250000e-01
1.250000e-01
1.250000e-01
1.250000e-01
1.250000e-01
1.250000e-01
1.250000e-01
1.250000e-01
1.250000e-01
1.250000e-01
1.250000e-01
1.250000e-01
1.250000e-01
1.250000e-01
1.250000e-01
1.250000e-01
1.250000e-01
1.250000e-01
1.250000e-01
1.250000e-01
1.250000e-01
1.250000e-01
1.250000e-01
1.250000e-01
1.250000e-01
1.250000e-01
1.250000e-01
1.250000e-01
1.250000e-01
1.250001e-01
1.250001e-01
1.250001e-01
1.250002e-01
1.250002e-01
1.250003e-01
1.250004e-01
1.250006e-01
1.250008e-01
1.250011e-01
1.250015e-01
1.250021e-01
1.250029e-01
1.250039e-01
1.250052e-01
1.250070e-01
1.250094e-01
1.250126e-01
1.250168e-01
1.250223e-01
1.250296e-01
1.250391e-01
1.250515e-01
1.250676e-01
1.250885e-01
1.251155e-01
1.251504e-01
1.251954e-01
1.252531e-01
1.253270e-01
1.254215e-01
1.255422e-01
1.256959e-01
1.258915e-01
1.261401e-01
1.264557e-01
1.268560e-01
1.273637e-01
1.280072e-01
1.288228e-01
1.298563e-01
1.311650e-01
1.328205e-01
1.349100e-01
1.375375e-01
1.408220e-01
1.448921e-01
1.498757e-01
1.558837e-01
1.629910e-01
1.712182e-01
1.805195e-01
1.907819e-01
2.018373e-01
2.134861e-01
2.255237e-01
2.377557e-01
2.500220e-01
2.622009e-01
2.742112e-01
2.860037e-01
2.975617e-01
3.088894e-01
3.200078e-01
3.309460e-01
3.417592e-01
3.524886e-01
3.632152e-01
3.740165e-01
3.849703e-01
3.962141e-01
4.078077e-01
4.199314e-01
4.326287e-01
4.460993e-01
4.603550e-01
4.755677e-01
4.917449e-01
