5.107684e-01
5.301653e-01
5.506270e-01
5.722275e-01
5.948610e-01
6.184131e-01
6.428052e-01
6.679146e-01
6.935446e-01
7.195562e-01
7.457408e-01
7.718586e-01
7.976762e-01
8.229183e-01
8.473010e-01
8.705029e-01
8.922288e-01
9.121834e-01
9.301119e-01
9.458105e-01
9.591683e-01
9.701726e-01
9.789198e-01
9.856089e-01
9.905168e-01
9.939676e-01
9.962912e-01
9.977908e-01
9.987203e-01
9.992758e-01
9.995973e-01
9.997787e-01
9.998791e-01
9.999340e-01
9.999638e-01
9.999800e-01
9.999889e-01
9.999937e-01
9.999964e-01
9.999980e-01
9.999988e-01
9.999993e-01
9.999996e-01
9.999998e-01
9.999999e-01
9.999999e-01
9.999999e-01
1.000000e+00
1.000000e+00
1.000000e+00
1.000000e+00
1.000000e+00
1.000000e+00
1.000000e+00
1.000000e+00
1.000000e+00
1.000000e+00
1.000000e+00
1.000000e+00
1.000000e+00
1.000000e+00
1.000000e+00
1.000000e+00
1.000000e+00
1.000000e+00
1.000000e+00
1.000000e+00
1.000000e+00
1.000000e+00
1.000000e+00
1.000000e+00
1.000000e+00
1.000000e+00
1.000000e+00
1.000000e+00
1.000000e+00
1.000000e+00
1.000000e+00
1.000000e+00
1.000000e+00
1.000000e+00
1.000000e+00
1.000000e+00
1.000000e+00
1.000000e+00
1.000000e+00
1.000000e+00
1.000000e+00
1.000000e+00
1.000000e+00
1.000000e+00
1.000000e+00
1.000000e+00
1.000000e+00
1.000000e+00
1.000000e+00
1.000000e+00
1.000000e+00
1.000000e+00
1.000000e+00
1.000000e+00
1.000000e+00
1.000000e+00
1.000000e+00
1.000000e+00
1.000000e+00
1.000000e+00
1.000000e+00
1.000000e+00
1.000000e+00
1.000000e+00
1.000000e+00
1.000000e+00
1.000000e+00
1.000000e+00
1.000000e+00
1.000000e+00
1.000000e+00
1.000000e+00
1.000000e+00
1.000000e+00
1.000000e+00
1.000000e+00
1.000000e+00
1.000000e+00
1.000000e+00
1.000000e+00
1.000000e+00
1.000000e+00
1.000000e+00
1.000000e+00
1.000000e+00
1.000000e+00
1.000000e+00
1.000000e+00
1.000000e+00
1.000000e+00
1.000000e+00
1.000000e+00
1.000000e+00
1.000000e+00
1.000000e+00
1.000000e+00
1.000000e+00
1.000000e+00
1.000000e+00
1.000000e+00
1.000000e+00
1.000000e+00
1.000000e+00
1.000000e+00
1.000000e+00
1.000000e+00
1.000000e+00
1.000000e+00
1.000000e+00
1.000000e+00
1.000000e+00
1.000000e+00
1.000000e+00
1.000000e+00
1.000000e+00
1.000000e+00
1.000000e+00
1.000000e+00
1.000000e+00
1.000000e+00
1.000000e+00
1.000000e+00
1.000000e+00
1.000000e+00
1.000000e+00
1.000000e+00
1.000000e+00
1.000000e+00
1.000000e+00
1.000000e+00
1.000000e+00
1.000000e+00
1.000000e+00
1.000000e+00
1.000000e+00
1.000000e+00
1.000000e+00
1.000000e+00
1.000000e+00
1.000000e+00
1.000000e+00
1.000000e+00
1.000000e+00
1.000000e+00
1.000000e+00
1.000000e+00
1.000000e+00
1.000000e+00
1.000000e+00
1.000000e+00
1.000000e+00
1.000000e+00
1.000000e+00
1.000000e+00
1.000000e+00
1.000000e+00
1.000000e+00
1.000000e+00
1.000000e+00
1.000000e+00
1.000000e+00
1.000000e+00
9.999999e-01
9.999999e-01
9.999998e-01
9.999997e-01
9.999995e-01
9.999991e-01
9.999984e-01
9.999973e-01
9.999953e-01
9.999918e-01
9.999855e-01
9.999741e-01
9.999537e-01
9.999172e-01
9.998518e-01
9.997360e-01
9.995332e-01
9.991845e-01
9.985978e-01
9.976370e-01
9.961126e-01
9.937774e-01
9.903338e-01
9.854536e-01
9.788089e-01
9.701148e-01
9.591612e-01
9.458421e-01
9.301629e-01
9.122327e-01
8.922550e-01
8.704893e-01
8.472355e-01
8.227960e-01
7.974965e-01
7.716279e-01
7.454670e-01
7.192524e-01
6.932232e-01
6.675881e-01
6.424870e-01
6.181125e-01
5.945907e-01
5.719904e-01
5.504342e-01
5.300134e-01
5.106757e-01
4.924854e-01
4.754307e-01
4.594324e-01
4.444432e-01
4.303059e-01
4.169592e-01
4.042212e-01
3.920066e-01
3.801560e-01
3.685565e-01
3.570979e-01
3.456775e-01
3.342120e-01
3.226344e-01
3.108804e-01
2.989173e-01
2.867226e-01
2.742929e-01
2.616576e-01
2.488761e-01
2.360475e-01
2.233143e-01
2.108594e-01
1.988945e-01
1.876393e-01
1.773017e-01
1.680433e-01
1.599596e-01
1.530724e-01
1.473340e-01
1.426431e-01
1.388668e-01
1.358614e-01
1.334885e-01
1.316248e-01
1.301652e-01
1.290242e-01
1.281325e-01
1.274363e-01
1.268926e-01
1.264682e-01
1.261373e-01
1.258790e-01
1.256784e-01
1.255220e-01
1.254010e-01
1.253071e-01
1.252344e-01
1.251786e-01
1.251355e-01
1.251026e-01
1.250773e-01
1.250582e-01
1.250436e-01
1.250325e-01
1.250242e-01
1.250179e-01
1.250133e-01
1.250097e-01
1.250072e-01
1.250052e-01
1.250038e-01
1.250028e-01
1.250020e-01
1.250014e-01
1.250010e-01
1.250007e-01
1.250005e-01
1.250004e-01
1.250003e-01
1.250002e-01
1.250001e-01
1.250001e-01
1.250001e-01
1.250000e-01
1.250000e-01
1.250000e-01
1.250000e-01
1.250000e-01
1.250000e-01
1.250000e-01
1.250000e-01
1.250000e-01
1.250000e-01
1.250000e-01
1.250000e-01
1.250000e-01
1.250000e-01
1.250000e-01
1.250000e-01
1.250000e-01
1.250000e-01
1.250000e-01
1.250000e-01
1.250000e-01
1.250000e-01
1.250000e-01
1.250000e-01
1.250000e-01
1.250000e-01
1.250000e-01
1.250000e-01
1.250000e-01
1.250000e-01
1.250000e-01
1.250000e-01
1.250000e-01
1.250000e-01
1.250000e-01
1.250000e-01
1.250000e-01
1.250000e-01
1.250000e-01
1.250000e-01
1.250000e-01
1.250000e-01
1.250000e-01
1.250000e-01
1.250000e-01
1.250000e-01
1.250000e-01
1.250000e-01
1.250000e-01
1.250000e-01
1.250000e-01
1.250000e-01
1.250000e-01
1.250000e-01
1.250000e-01
1.250000e-01
1.250000e-01
1.250000e-01
1.250000e-01
1.250000e-01
1.250000e-01
1.250000e-01
1.250000e-01
1.250000e-01
1.250000e-01
1.250000e-01
1.250000e-01
1.250000e-01
1.250000e-01
1.250000e-01
1.250000e-01
1.250000e-01
1.250000e-01
1.250000e-01
1.250000e-01
1.250000e-01
1.250000e-01
1.250000e-01
1.250000e-01
1.250000e-01
1.250000e-01
1.250000e-01
1.250000e-01
1.250000e-01
1.250000e-01
1.250000e-01
1.250000e-01
1.250000e-01
1.250000e-01
1.250000e-01
1.250000e-01
1.250000e-01
1.250000e-01
1.250000e-01
1.250000e-01
1.250000e-01
1.250000e-01
1.250000e-01
1.250000e-01
1.250000e-01
1.250000e-01
1.250000e-01
1.250000e-01
1.250000e-01
1.250000e-01
1.250000e-01
1.250000e-01
1.250000e-01
1.250001e-01
1.250001e-01
1.250001e-01
1.250002e-01
1.250003e-01
1.250004e-01
1.250005e-01
1.250008e-01
1.250011e-01
1.250015e-01
1.250021e-01
1.250028e-01
1.250039e-01
1.250054e-01
1.250073e-01
1.250100e-01
1.250135e-01
1.250182e-01
1.250246e-01
1.250330e-01
1.250441e-01
1.250588e-01
1.250781e-01
1.251034e-01
1.251366e-01
1.251798e-01
1.252360e-01
1.253089e-01
1.254032e-01
1.255250e-01
1.256819e-01
1.258837e-01
1.261429e-01
1.264753e-01
1.269011e-01
1.274464e-01
1.281441e-01
1.290365e-01
1.301773e-01
1.316343e-01
1.334919e-01
1.358532e-01
1.388397e-01
1.425884e-01
1.472425e-01
1.529370e-01
1.597772e-01
1.678171e-01
1.770409e-01
1.873564e-01
1.986029e-01
2.105738e-01
2.230466e-01
2.358039e-01
2.486586e-01
2.614650e-01
2.741218e-01
2.865665e-01
2.987720e-01
3.107409e-01
3.224971e-01
3.340759e-01
3.455392e-01
3.569535e-01
3.684057e-01
3.800074e-01
3.918588e-01
4.040835e-01
4.168364e-01
4.302053e-01
4.443743e-01
4.594000e-01
4.754441e-01
4.925450e-01
