5.109775e-01
5.305055e-01
5.511071e-01
5.728557e-01
5.956425e-01
6.193573e-01
6.439099e-01
6.691797e-01
6.949665e-01
7.211242e-01
7.474434e-01
7.736751e-01
7.995843e-01
8.248878e-01
8.492976e-01
8.724870e-01
8.941582e-01
9.140143e-01
9.318033e-01
9.473259e-01
9.604816e-01
9.712698e-01
9.798007e-01
9.862866e-01
9.910157e-01
9.943188e-01
9.965276e-01
9.979432e-01
9.988147e-01
9.993322e-01
9.996301e-01
9.997973e-01
9.998895e-01
9.999397e-01
9.999670e-01
9.999818e-01
9.999899e-01
9.999943e-01
9.999968e-01
9.999981e-01
9.999989e-01
9.999994e-01
9.999996e-01
9.999998e-01
9.999999e-01
9.999999e-01
1.000000e+00
1.000000e+00
1.000000e+00
1.000000e+00
1.000000e+00
1.000000e+00
1.000000e+00
1.000000e+00
1.000000e+00
1.000000e+00
1.000000e+00
1.000000e+00
1.000000e+00
1.000000e+00
1.000000e+00
1.000000e+00
1.000000e+00
1.000000e+00
1.000000e+00
1.000000e+00
1.000000e+00
1.000000e+00
1.000000e+00
1.000000e+00
1.000000e+00
1.000000e+00
1.000000e+00
1.000000e+00
1.000000e+00
1.000000e+00
1.000000e+00
1.000000e+00
1.000000e+00
1.000000e+00
1.000000e+00
1.000000e+00
1.000000e+00
1.000000e+00
1.000000e+00
1.000000e+00
1.000000e+00
1.000000e+00
1.000000e+00
1.000000e+00
1.000000e+00
1.000000e+00
1.000000e+00
1.000000e+00
1.000000e+00
1.000000e+00
1.000000e+00
1.000000e+00
1.000000e+00
1.000000e+00
1.000000e+00
1.000000e+00
1.000000e+00
1.000000e+00
1.000000e+00
1.000000e+00
1.000000e+00
1.000000e+00
1.000000e+00
1.000000e+00
1.000000e+00
1.000000e+00
1.000000e+00
1.000000e+00
1.000000e+00
1.000000e+00
1.000000e+00
1.000000e+00
1.000000e+00
1.000000e+00
1.000000e+00
1.000000e+00
1.000000e+00
1.000000e+00
1.000000e+00
1.000000e+00
1.000000e+00
1.000000e+00
1.000000e+00
1.000000e+00
1.000000e+00
1.000000e+00
1.000000e+00
1.000000e+00
1.000000e+00
1.000000e+00
1.000000e+00
1.000000e+00
1.000000e+00
1.000000e+00
1.000000e+00
1.000000e+00
1.000000e+00
1.000000e+00
1.000000e+00
1.000000e+00
1.000000e+00
1.000000e+00
1.000000e+00
1.000000e+00
1.000000e+00
1.000000e+00
1.000000e+00
1.000000e+00
1.000000e+00
1.000000e+00
1.000000e+00
1.000000e+00
1.000000e+00
1.000000e+00
1.000000e+00
1.000000e+00
1.000000e+00
1.000000e+00
1.000000e+00
1.000000e+00
1.000000e+00
1.000000e+00
1.000000e+00
1.000000e+00
1.000000e+00
1.000000e+00
1.000000e+00
1.000000e+00
1.000000e+00
1.000000e+00
1.000000e+00
1.000000e+00
1.000000e+00
1.000000e+00
1.000000e+00
1.000000e+00
1.000000e+00
1.000000e+00
1.000000e+00
1.000000e+00
1.000000e+00
1.000000e+00
1.000000e+00
1.000000e+00
1.000000e+00
1.000000e+00
1.000000e+00
1.000000e+00
1.000000e+00
1.000000e+00
1.000000e+00
1.000000e+00
1.000000e+00
1.000000e+00
1.000000e+00
1.000000e+00
1.000000e+00
1.000000e+00
1.000000e+00
1.000000e+00
1.000000e+00
1.000000e+00
1.000000e+00
9.999999e-01
9.999999e-01
9.999998e-01
9.999997e-01
9.999995e-01
9.999992e-01
9.999986e-01
9.999975e-01
9.999957e-01
9.999925e-01
9.999867e-01
9.999763e-01
9.999576e-01
9.999241e-01
9.998639e-01
9.997570e-01
9.995692e-01
9.992447e-01
9.986961e-01
9.977927e-01
9.963509e-01
9.941284e-01
9.908301e-01
9.861265e-01
9.796836e-01
9.712057e-01
9.604695e-01
9.473544e-01
9.318536e-01
9.140649e-01
8.941873e-01
8.724774e-01
8.492366e-01
8.247695e-01
7.994079e-01
7.734469e-01
7.471710e-01
7.208207e-01
6.946444e-01
6.688521e-01
6.435900e-01
6.190546e-01
5.953707e-01
5.726165e-01
5.509130e-01
5.303527e-01
5.108843e-01
4.925752e-01
4.754129e-01
4.593172e-01
4.442379e-01
4.300187e-01
4.165930e-01
4.037813e-01
3.914913e-01
3.795677e-01
3.678919e-01
3.563541e-01
3.448518e-01
3.332983e-01
3.216277e-01
3.097759e-01
2.977125e-01
2.854148e-01
2.728838e-01
2.601534e-01
2.472882e-01
2.343949e-01
2.216236e-01
2.091642e-01
1.972329e-01
1.860512e-01
1.758239e-01
1.667049e-01
1.587787e-01
1.520553e-01
1.464763e-01
1.419320e-01
1.382850e-01
1.353898e-01
1.331088e-01
1.313200e-01
1.299212e-01
1.288290e-01
1.279764e-01
1.273117e-01
1.267930e-01
1.263888e-01
1.260739e-01
1.258286e-01
1.256383e-01
1.254902e-01
1.253758e-01
1.252871e-01
1.252188e-01
1.251662e-01
1.251258e-01
1.250951e-01
1.250714e-01
1.250536e-01
1.250400e-01
1.250298e-01
1.250221e-01
1.250163e-01
1.250121e-01
1.250088e-01
1.250065e-01
1.250047e-01
1.250034e-01
1.250025e-01
1.250018e-01
1.250013e-01
1.250009e-01
1.250006e-01
1.250005e-01
1.250003e-01
1.250002e-01
1.250002e-01
1.250001e-01
1.250001e-01
1.250001e-01
1.250000e-01
1.250000e-01
1.250000e-01
1.250000e-01
1.250000e-01
1.250000e-01
1.250000e-01
1.250000e-01
1.250000e-01
1.250000e-01
1.250000e-01
1.250000e-01
1.250000e-01
1.250000e-01
1.250000e-01
1.250000e-01
1.250000e-01
1.250000e-01
1.250000e-01
1.250000e-01
1.250000e-01
1.250000e-01
1.250000e-01
1.250000e-01
1.250000e-01
1.250000e-01
1.250000e-01
1.250000e-01
1.250000e-01
1.250000e-01
1.250000e-01
1.250000e-01
1.250000e-01
1.250000e-01
1.250000e-01
1.250000e-01
1.250000e-01
1.250000e-01
1.250000e-01
1.250000e-01
1.250000e-01
1.250000e-01
1.250000e-01
1.250000e-01
1.250000e-01
1.250000e-01
1.250000e-01
1.250000e-01
1.250000e-01
1.250000e-01
1.250000e-01
1.250000e-01
1.250000e-01
1.250000e-01
1.250000e-01
1.250000e-01
1.250000e-01
1.250000e-01
1.250000e-01
1.250000e-01
1.250000e-01
1.250000e-01
1.250000e-01
1.250000e-01
1.250000e-01
1.250000e-01
1.250000e-01
1.250000e-01
1.250000e-01
1.250000e-01
1.250000e-01
1.250000e-01
1.250000e-01
1.250000e-01
1.250000e-01
1.250000e-01
1.250000e-01
1.250000e-01
1.250000e-01
1.250000e-01
1.250000e-01
1.250000e-01
1.250000e-01
1.250000e-01
1.250000e-01
1.250000e-01
1.250000e-01
1.250000e-01
1.250000e-01
1.250000e-01
1.250000e-01
1.250000e-01
1.250000e-01
1.250000e-01
1.250000e-01
1.250000e-01
1.250000e-01
1.250000e-01
1.250000e-01
1.250000e-01
1.250000e-01
1.250000e-01
1.250000e-01
1.250000e-01
1.250000e-01
1.250000e-01
1.250000e-01
1.250000e-01
1.250001e-01
1.250001e-01
1.250001e-01
1.250002e-01
1.250002e-01
1.250003e-01
1.250005e-01
1.250007e-01
1.250010e-01
1.250013e-01
1.250018e-01
1.250026e-01
1.250035e-01
1.250048e-01
1.250066e-01
1.250090e-01
1.250123e-01
1.250167e-01
1.250225e-01
1.250302e-01
1.250406e-01
1.250542e-01
1.250722e-01
1.250959e-01
1.251269e-01
1.251674e-01
1.252202e-01
1.252889e-01
1.253779e-01
1.254930e-01
1.256416e-01
1.258331e-01
1.260793e-01
1.263956e-01
1.268013e-01
1.273215e-01
1.279879e-01
1.288413e-01
1.299336e-01
1.313303e-01
1.331137e-01
1.353843e-01
1.382618e-01
1.418825e-01
1.463912e-01
1.519270e-01
1.586032e-01
1.664843e-01
1.755668e-01
1.857698e-01
1.969406e-01
2.088759e-01
2.213518e-01
2.341469e-01
2.470663e-01
2.599567e-01
2.727096e-01
2.852565e-01
2.975654e-01
3.096352e-01
3.214893e-01
3.331615e-01
3.447138e-01
3.562093e-01
3.677408e-01
3.794187e-01
3.913423e-01
4.036428e-01
4.164689e-01
4.299173e-01
4.441681e-01
4.592844e-01
4.754258e-01
4.926351e-01
