5.044177e-01
5.201257e-01
5.366678e-01
5.540691e-01
5.722797e-01
5.912825e-01
6.110023e-01
6.313972e-01
6.523852e-01
6.738754e-01
6.957810e-01
7.179929e-01
7.403846e-01
7.628277e-01
7.851608e-01
8.072274e-01
8.288454e-01
8.498236e-01
8.699493e-01
8.890193e-01
9.068275e-01
9.231823e-01
9.379210e-01
9.509175e-01
9.621059e-01
9.714835e-01
9.791159e-01
9.851343e-01
9.897232e-01
9.931016e-01
9.955017e-01
9.971472e-01
9.982369e-01
9.989352e-01
9.993694e-01
9.996324e-01
9.997881e-01
9.998787e-01
9.999308e-01
9.999605e-01
9.999774e-01
9.999870e-01
9.999924e-01
9.999956e-01
9.999974e-01
9.999984e-01
9.999991e-01
9.999994e-01
9.999997e-01
9.999998e-01
9.999999e-01
9.999999e-01
9.999999e-01
1.000000e+00
1.000000e+00
1.000000e+00
1.000000e+00
1.000000e+00
1.000000e+00
1.000000e+00
1.000000e+00
1.000000e+00
1.000000e+00
1.000000e+00
1.000000e+00
1.000000e+00
1.000000e+00
1.000000e+00
1.000000e+00
1.000000e+00
1.000000e+00
1.000000e+00
1.000000e+00
1.000000e+00
1.000000e+00
1.000000e+00
1.000000e+00
1.000000e+00
1.000000e+00
1.000000e+00
1.000000e+00
1.000000e+00
1.000000e+00
1.000000e+00
1.000000e+00
1.000000e+00
1.000000e+00
1.000000e+00
1.000000e+00
1.000000e+00
1.000000e+00
1.000000e+00
1.000000e+00
1.000000e+00
1.000000e+00
1.000000e+00
1.000000e+00
1.000000e+00
1.000000e+00
1.000000e+00
1.000000e+00
1.000000e+00
1.000000e+00
1.000000e+00
1.000000e+00
1.000000e+00
1.000000e+00
1.000000e+00
1.000000e+00
1.000000e+00
1.000000e+00
1.000000e+00
1.000000e+00
1.000000e+00
1.000000e+00
1.000000e+00
1.000000e+00
1.000000e+00
1.000000e+00
1.000000e+00
1.000000e+00
1.000000e+00
1.000000e+00
1.000000e+00
1.000000e+00
1.000000e+00
1.000000e+00
1.000000e+00
1.000000e+00
1.000000e+00
1.000000e+00
1.000000e+00
1.000000e+00
1.000000e+00
1.000000e+00
1.000000e+00
1.000000e+00
1.000000e+00
1.000000e+00
1.000000e+00
1.000000e+00
1.000000e+00
1.000000e+00
1.000000e+00
1.000000e+00
1.000000e+00
1.000000e+00
1.000000e+00
1.000000e+00
1.000000e+00
1.000000e+00
1.000000e+00
1.000000e+00
1.000000e+00
1.000000e+00
1.000000e+00
1.000000e+00
1.000000e+00
1.000000e+00
1.000000e+00
1.000000e+00
1.000000e+00
1.000000e+00
1.000000e+00
1.000000e+00
1.000000e+00
1.000000e+00
1.000000e+00
1.000000e+00
1.000000e+00
1.000000e+00
1.000000e+00
1.000000e+00
1.000000e+00
1.000000e+00
1.000000e+00
1.000000e+00
1.000000e+00
1.000000e+00
1.000000e+00
1.000000e+00
1.000000e+00
1.000000e+00
1.000000e+00
1.000000e+00
1.000000e+00
1.000000e+00
1.000000e+00
1.000000e+00
1.000000e+00
1.000000e+00
1.000000e+00
1.000000e+00
1.000000e+00
1.000000e+00
1.000000e+00
1.000000e+00
1.000000e+00
1.000000e+00
1.000000e+00
1.000000e+00
1.000000e+00
1.000000e+00
9.999999e-01
9.999999e-01
9.999998e-01
9.999997e-01
9.999996e-01
9.999993e-01
9.999988e-01
9.999980e-01
9.999966e-01
9.999943e-01
9.999902e-01
9.999833e-01
9.999713e-01
9.999506e-01
9.999150e-01
9.998542e-01
9.997511e-01
9.995786e-01
9.992945e-01
9.988358e-01
9.981118e-01
9.969990e-01
9.953373e-01
9.929321e-01
9.895628e-01
9.849971e-01
9.790139e-01
9.714229e-01
9.620864e-01
9.509324e-01
9.379587e-01
9.232287e-01
9.068674e-01
8.890393e-01
8.699384e-01
8.497736e-01
8.287527e-01
8.070906e-01
7.849823e-01
7.626125e-01
7.401380e-01
7.177235e-01
6.954972e-01
6.735857e-01
6.520958e-01
6.311177e-01
6.107389e-01
5.910406e-01
5.720627e-01
5.538807e-01
5.365138e-01
5.200043e-01
5.043381e-01
4.895248e-01
4.755633e-01
4.623796e-01
4.499704e-01
4.382342e-01
4.271027e-01
4.165266e-01
4.063715e-01
3.965944e-01
3.870722e-01
3.777540e-01
3.685502e-01
3.594023e-01
3.502590e-01
3.410753e-01
3.318070e-01
3.224352e-01
3.129240e-01
3.032474e-01
2.933888e-01
2.833273e-01
2.730536e-01
2.625686e-01
2.518954e-01
2.410774e-01
2.301879e-01
2.193318e-01
2.086444e-01
1.982831e-01
1.884154e-01
1.792037e-01
1.707832e-01
1.632488e-01
1.566466e-01
1.509723e-01
1.461787e-01
1.421870e-01
1.389009e-01
1.362188e-01
1.340426e-01
1.322839e-01
1.308656e-01
1.297231e-01
1.288033e-01
1.280621e-01
1.274650e-01
1.269840e-01
1.265957e-01
1.262829e-01
1.260306e-01
1.258267e-01
1.256629e-01
1.255307e-01
1.254240e-01
1.253388e-01
1.252699e-01
1.252146e-01
1.251706e-01
1.251351e-01
1.251068e-01
1.250845e-01
1.250664e-01
1.250522e-01
1.250410e-01
1.250320e-01
1.250250e-01
1.250195e-01
1.250151e-01
1.250118e-01
1.250091e-01
1.250070e-01
1.250054e-01
1.250041e-01
1.250032e-01
1.250024e-01
1.250018e-01
1.250014e-01
1.250011e-01
1.250008e-01
1.250006e-01
1.250005e-01
1.250003e-01
1.250003e-01
1.250002e-01
1.250001e-01
1.250001e-01
1.250001e-01
1.250001e-01
1.250000e-01
1.250000e-01
1.250000e-01
1.250000e-01
1.250000e-01
1.250000e-01
1.250000e-01
1.250000e-01
1.250000e-01
1.250000e-01
1.250000e-01
1.250000e-01
1.250000e-01
1.250000e-01
1.250000e-01
1.250000e-01
1.250000e-01
1.250000e-01
1.250000e-01
1.250000e-01
1.250000e-01
1.250000e-01
1.250000e-01
1.250000e-01
1.250000e-01
1.250000e-01
1.250000e-01
1.250000e-01
1.250000e-01
1.250000e-01
1.250000e-01
1.250000e-01
1.250000e-01
1.250000e-01
1.250000e-01
1.250000e-01
1.250000e-01
1.250000e-01
1.250000e-01
1.250000e-01
1.250000e-01
1.250000e-01
1.250000e-01
1.250000e-01
1.250000e-01
1.250000e-01
1.250000e-01
1.250000e-01
1.250000e-01
1.250000e-01
1.250000e-01
1.250000e-01
1.250000e-01
1.250000e-01
1.250000e-01
1.250000e-01
1.250000e-01
1.250000e-01
1.250000e-01
1.250000e-01
1.250000e-01
1.250000e-01
1.250000e-01
1.250000e-01
1.250000e-01
1.250000e-01
1.250000e-01
1.250000e-01
1.250000e-01
1.250000e-01
1.250000e-01
1.250000e-01
1.250000e-01
1.250000e-01
1.250000e-01
1.250000e-01
1.250000e-01
1.250000e-01
1.250000e-01
1.250000e-01
1.250001e-01
1.250001e-01
1.250001e-01
1.250001e-01
1.250002e-01
1.250003e-01
1.250004e-01
1.250005e-01
1.250006e-01
1.250008e-01
1.250011e-01
1.250014e-01
1.250019e-01
1.250025e-01
1.250032e-01
1.250042e-01
1.250055e-01
1.250071e-01
1.250092e-01
1.250119e-01
1.250153e-01
1.250197e-01
1.250252e-01
1.250323e-01
1.250412e-01
1.250525e-01
1.250668e-01
1.250848e-01
1.251074e-01
1.251357e-01
1.251712e-01
1.252155e-01
1.252709e-01
1.253399e-01
1.254258e-01
1.255326e-01
1.256653e-01
1.258300e-01
1.260343e-01
1.262876e-01
1.266015e-01
1.269906e-01
1.274729e-01
1.280709e-01
1.288126e-01
1.297327e-01
1.308740e-01
1.322893e-01
1.340424e-01
1.362088e-01
1.388761e-01
1.421412e-01
1.461052e-01
1.508653e-01
1.565021e-01
1.630668e-01
1.705676e-01
1.789626e-01
1.881591e-01
1.980219e-01
2.083886e-01
2.190904e-01
2.299667e-01
2.408785e-01
2.517181e-01
2.624101e-01
2.729112e-01
2.831975e-01
2.932673e-01
3.031309e-01
3.128095e-01
3.223198e-01
3.316891e-01
3.409547e-01
3.501320e-01
3.592741e-01
3.684159e-01
3.776214e-01
3.869366e-01
3.964670e-01
4.062484e-01
4.164179e-01
4.270081e-01
4.381641e-01
4.499292e-01
4.623659e-01
4.755860e-01
4.895783e-01
