5.137401e-01
5.350533e-01
5.575632e-01
5.813412e-01
6.062048e-01
6.321018e-01
6.588448e-01
6.862308e-01
7.140836e-01
7.421448e-01
7.701312e-01
7.977527e-01
8.246734e-01
8.505506e-01
8.749990e-01
8.976724e-01
9.182320e-01
9.364027e-01
9.519887e-01
9.649208e-01
9.752557e-01
9.831835e-01
9.890010e-01
9.930780e-01
9.958036e-01
9.975430e-01
9.986049e-01
9.992276e-01
9.995804e-01
9.997748e-01
9.998797e-01
9.999357e-01
9.999655e-01
9.999813e-01
9.999898e-01
9.999943e-01
9.999968e-01
9.999982e-01
9.999990e-01
9.999994e-01
9.999997e-01
9.999998e-01
9.999999e-01
9.999999e-01
1.000000e+00
1.000000e+00
1.000000e+00
1.000000e+00
1.000000e+00
1.000000e+00
1.000000e+00
1.000000e+00
1.000000e+00
1.000000e+00
1.000000e+00
1.000000e+00
1.000000e+00
1.000000e+00
1.000000e+00
1.000000e+00
1.000000e+00
1.000000e+00
1.000000e+00
1.000000e+00
1.000000e+00
1.000000e+00
1.000000e+00
1.000000e+00
1.000000e+00
1.000000e+00
1.000000e+00
1.000000e+00
1.000000e+00
1.000000e+00
1.000000e+00
1.000000e+00
1.000000e+00
1.000000e+00
1.000000e+00
1.000000e+00
1.000000e+00
1.000000e+00
1.000000e+00
1.000000e+00
1.000000e+00
1.000000e+00
1.000000e+00
1.000000e+00
1.000000e+00
1.000000e+00
1.000000e+00
1.000000e+00
1.000000e+00
1.000000e+00
1.000000e+00
1.000000e+00
1.000000e+00
1.000000e+00
1.000000e+00
1.000000e+00
1.000000e+00
1.000000e+00
1.000000e+00
1.000000e+00
1.000000e+00
1.000000e+00
1.000000e+00
1.000000e+00
1.000000e+00
1.000000e+00
1.000000e+00
1.000000e+00
1.000000e+00
1.000000e+00
1.000000e+00
1.000000e+00
1.000000e+00
1.000000e+00
1.000000e+00
1.000000e+00
1.000000e+00
1.000000e+00
1.000000e+00
1.000000e+00
1.000000e+00
1.000000e+00
1.000000e+00
1.000000e+00
1.000000e+00
1.000000e+00
1.000000e+00
1.000000e+00
1.000000e+00
1.000000e+00
1.000000e+00
1.000000e+00
1.000000e+00
1.000000e+00
1.000000e+00
1.000000e+00
1.000000e+00
1.000000e+00
1.000000e+00
1.000000e+00
1.000000e+00
1.000000e+00
1.000000e+00
1.000000e+00
1.000000e+00
1.000000e+00
1.000000e+00
1.000000e+00
1.000000e+00
1.000000e+00
1.000000e+00
1.000000e+00
1.000000e+00
1.000000e+00
1.000000e+00
1.000000e+00
1.000000e+00
1.000000e+00
1.000000e+00
1.000000e+00
1.000000e+00
1.000000e+00
1.000000e+00
1.000000e+00
1.000000e+00
1.000000e+00
1.000000e+00
1.000000e+00
1.000000e+00
1.000000e+00
1.000000e+00
1.000000e+00
1.000000e+00
1.000000e+00
1.000000e+00
1.000000e+00
1.000000e+00
1.000000e+00
1.000000e+00
1.000000e+00
1.000000e+00
1.000000e+00
1.000000e+00
1.000000e+00
1.000000e+00
1.000000e+00
1.000000e+00
1.000000e+00
1.000000e+00
1.000000e+00
1.000000e+00
1.000000e+00
1.000000e+00
1.000000e+00
1.000000e+00
1.000000e+00
1.000000e+00
1.000000e+00
1.000000e+00
1.000000e+00
1.000000e+00
1.000000e+00
1.000000e+00
1.000000e+00
1.000000e+00
1.000000e+00
1.000000e+00
9.999999e-01
9.999999e-01
9.999998e-01
9.999997e-01
9.999995e-01
9.999992e-01
9.999986e-01
9.999976e-01
9.999958e-01
9.999925e-01
9.999865e-01
9.999755e-01
9.999553e-01
9.999185e-01
9.998511e-01
9.997292e-01
9.995110e-01
9.991278e-01
9.984703e-01
9.973747e-01
9.956107e-01
9.928777e-01
9.888165e-01
9.830376e-01
9.751646e-01
9.648889e-01
9.520071e-01
9.364519e-01
9.182868e-01
8.977077e-01
8.749934e-01
8.504884e-01
8.245472e-01
7.975620e-01
7.698840e-01
7.418504e-01
7.137581e-01
6.858905e-01
6.585036e-01
6.317751e-01
6.059089e-01
5.810778e-01
5.573508e-01
5.348860e-01
5.136420e-01
4.937220e-01
4.751004e-01
4.576910e-01
4.413878e-01
4.260573e-01
4.115558e-01
3.977384e-01
3.844226e-01
3.714836e-01
3.587594e-01
3.461181e-01
3.334458e-01
3.206645e-01
3.076946e-01
2.945032e-01
2.810731e-01
2.674257e-01
2.536270e-01
2.397865e-01
2.260647e-01
2.126701e-01
1.998449e-01
1.878394e-01
1.768874e-01
1.671676e-01
1.587762e-01
1.517209e-01
1.459292e-01
1.412696e-01
1.375799e-01
1.346918e-01
1.324490e-01
1.307155e-01
1.293798e-01
1.283520e-01
1.275619e-01
1.269549e-01
1.264890e-01
1.261318e-01
1.258580e-01
1.256490e-01
1.254891e-01
1.253678e-01
1.252754e-01
1.252057e-01
1.251529e-01
1.251133e-01
1.250836e-01
1.250615e-01
1.250450e-01
1.250328e-01
1.250238e-01
1.250172e-01
1.250124e-01
1.250089e-01
1.250063e-01
1.250045e-01
1.250032e-01
1.250022e-01
1.250016e-01
1.250011e-01
1.250008e-01
1.250005e-01
1.250004e-01
1.250002e-01
1.250002e-01
1.250001e-01
1.250001e-01
1.250001e-01
1.250000e-01
1.250000e-01
1.250000e-01
1.250000e-01
1.250000e-01
1.250000e-01
1.250000e-01
1.250000e-01
1.250000e-01
1.250000e-01
1.250000e-01
1.250000e-01
1.250000e-01
1.250000e-01
1.250000e-01
1.250000e-01
1.250000e-01
1.250000e-01
1.250000e-01
1.250000e-01
1.250000e-01
1.250000e-01
1.250000e-01
1.250000e-01
1.250000e-01
1.250000e-01
1.250000e-01
1.250000e-01
1.250000e-01
1.250000e-01
1.250000e-01
1.250000e-01
1.250000e-01
1.250000e-01
1.250000e-01
1.250000e-01
1.250000e-01
1.250000e-01
1.250000e-01
1.250000e-01
1.250000e-01
1.250000e-01
1.250000e-01
1.250000e-01
1.250000e-01
1.250000e-01
1.250000e-01
1.250000e-01
1.250000e-01
1.250000e-01
1.250000e-01
1.250000e-01
1.250000e-01
1.250000e-01
1.250000e-01
1.250000e-01
1.250000e-01
1.250000e-01
1.250000e-01
1.250000e-01
1.250000e-01
1.250000e-01
1.250000e-01
1.250000e-01
1.250000e-01
1.250000e-01
1.250000e-01
1.250000e-01
1.250000e-01
1.250000e-01
1.250000e-01
1.250000e-01
1.250000e-01
1.250000e-01
1.250000e-01
1.250000e-01
1.250000e-01
1.250000e-01
1.250000e-01
1.250000e-01
1.250000e-01
1.250000e-01
1.250000e-01
1.250000e-01
1.250000e-01
1.250000e-01
1.250000e-01
1.250000e-01
1.250000e-01
1.250000e-01
1.250000e-01
1.250000e-01
1.250000e-01
1.250000e-01
1.250000e-01
1.250000e-01
1.250000e-01
1.250000e-01
1.250000e-01
1.250000e-01
1.250000e-01
1.250000e-01
1.250000e-01
1.250000e-01
1.250000e-01
1.250000e-01
1.250000e-01
1.250000e-01
1.250000e-01
1.250000e-01
1.250000e-01
1.250000e-01
1.250000e-01
1.250000e-01
1.250000e-01
1.250000e-01
1.250000e-01
1.250000e-01
1.250001e-01
1.250001e-01
1.250001e-01
1.250002e-01
1.250003e-01
1.250004e-01
1.250006e-01
1.250008e-01
1.250012e-01
1.250016e-01
1.250023e-01
1.250033e-01
1.250047e-01
1.250065e-01
1.250091e-01
1.250127e-01
1.250176e-01
1.250243e-01
1.250334e-01
1.250457e-01
1.250623e-01
1.250846e-01
1.251145e-01
1.251544e-01
1.252074e-01
1.252776e-01
1.253704e-01
1.254926e-01
1.256531e-01
1.258634e-01
1.261383e-01
1.264972e-01
1.269649e-01
1.275738e-01
1.283654e-01
1.293939e-01
1.307285e-01
1.324573e-01
1.346903e-01
1.375607e-01
1.412229e-01
1.458444e-01
1.515890e-01
1.585927e-01
1.669352e-01
1.766158e-01
1.875422e-01
1.995376e-01
2.123701e-01
2.257852e-01
2.395335e-01
2.534023e-01
2.672270e-01
2.808968e-01
2.943413e-01
3.075421e-01
3.205159e-01
3.332977e-01
3.459686e-01
3.586095e-01
3.713294e-01
3.842670e-01
3.975876e-01
4.114144e-01
4.259444e-01
4.413034e-01
4.576525e-01
4.751076e-01
4.937852e-01
