5.055834e-01
5.219293e-01
5.391515e-01
5.572840e-01
5.762639e-01
5.960539e-01
6.165973e-01
6.378232e-01
6.596550e-01
6.819676e-01
7.046766e-01
7.276485e-01
7.507505e-01
7.738090e-01
7.966671e-01
8.191336e-01
8.410026e-01
8.620599e-01
8.820753e-01
9.008310e-01
9.181148e-01
9.337416e-01
9.475656e-01
9.594997e-01
9.695263e-01
9.777018e-01
9.841548e-01
9.890755e-01
9.926941e-01
9.952589e-01
9.970108e-01
9.981652e-01
9.989003e-01
9.993541e-01
9.996266e-01
9.997866e-01
9.998789e-01
9.999315e-01
9.999612e-01
9.999779e-01
9.999873e-01
9.999927e-01
9.999957e-01
9.999975e-01
9.999985e-01
9.999991e-01
9.999995e-01
9.999997e-01
9.999998e-01
9.999999e-01
9.999999e-01
1.000000e+00
1.000000e+00
1.000000e+00
1.000000e+00
1.000000e+00
1.000000e+00
1.000000e+00
1.000000e+00
1.000000e+00
1.000000e+00
1.000000e+00
1.000000e+00
1.000000e+00
1.000000e+00
1.000000e+00
1.000000e+00
1.000000e+00
1.000000e+00
1.000000e+00
1.000000e+00
1.000000e+00
1.000000e+00
1.000000e+00
1.000000e+00
1.000000e+00
1.000000e+00
1.000000e+00
1.000000e+00
1.000000e+00
1.000000e+00
1.000000e+00
1.000000e+00
1.000000e+00
1.000000e+00
1.000000e+00
1.000000e+00
1.000000e+00
1.000000e+00
1.000000e+00
1.000000e+00
1.000000e+00
1.000000e+00
1.000000e+00
1.000000e+00
1.000000e+00
1.000000e+00
1.000000e+00
1.000000e+00
1.000000e+00
1.000000e+00
1.000000e+00
1.000000e+00
1.000000e+00
1.000000e+00
1.000000e+00
1.000000e+00
1.000000e+00
1.000000e+00
1.000000e+00
1.000000e+00
1.000000e+00
1.000000e+00
1.000000e+00
1.000000e+00
1.000000e+00
1.000000e+00
1.000000e+00
1.000000e+00
1.000000e+00
1.000000e+00
1.000000e+00
1.000000e+00
1.000000e+00
1.000000e+00
1.000000e+00
1.000000e+00
1.000000e+00
1.000000e+00
1.000000e+00
1.000000e+00
1.000000e+00
1.000000e+00
1.000000e+00
1.000000e+00
1.000000e+00
1.000000e+00
1.000000e+00
1.000000e+00
1.000000e+00
1.000000e+00
1.000000e+00
1.000000e+00
1.000000e+00
1.000000e+00
1.000000e+00
1.000000e+00
1.000000e+00
1.000000e+00
1.000000e+00
1.000000e+00
1.000000e+00
1.000000e+00
1.000000e+00
1.000000e+00
1.000000e+00
1.000000e+00
1.000000e+00
1.000000e+00
1.000000e+00
1.000000e+00
1.000000e+00
1.000000e+00
1.000000e+00
1.000000e+00
1.000000e+00
1.000000e+00
1.000000e+00
1.000000e+00
1.000000e+00
1.000000e+00
1.000000e+00
1.000000e+00
1.000000e+00
1.000000e+00
1.000000e+00
1.000000e+00
1.000000e+00
1.000000e+00
1.000000e+00
1.000000e+00
1.000000e+00
1.000000e+00
1.000000e+00
1.000000e+00
1.000000e+00
1.000000e+00
1.000000e+00
1.000000e+00
1.000000e+00
1.000000e+00
1.000000e+00
1.000000e+00
1.000000e+00
1.000000e+00
1.000000e+00
1.000000e+00
1.000000e+00
1.000000e+00
1.000000e+00
1.000000e+00
1.000000e+00
1.000000e+00
1.000000e+00
9.999999e-01
9.999999e-01
9.999998e-01
9.999997e-01
9.999996e-01
9.999993e-01
9.999989e-01
9.999981e-01
9.999968e-01
9.999945e-01
9.999905e-01
9.999837e-01
9.999719e-01
9.999512e-01
9.999155e-01
9.998539e-01
9.997487e-01
9.995711e-01
9.992764e-01
9.987970e-01
9.980352e-01
9.968571e-01
9.950894e-01
9.925213e-01
9.889146e-01
9.840208e-01
9.776063e-01
9.694747e-01
9.594899e-01
9.475892e-01
9.337845e-01
9.181620e-01
9.008662e-01
8.820849e-01
8.620333e-01
8.409323e-01
8.190174e-01
7.965054e-01
7.736057e-01
7.505112e-01
7.273820e-01
7.043904e-01
6.816721e-01
6.593579e-01
6.375345e-01
6.163226e-01
5.958012e-01
5.760375e-01
5.570875e-01
5.389911e-01
5.218029e-01
5.055015e-01
4.901020e-01
4.756003e-01
4.619188e-01
4.490597e-01
4.368908e-01
4.253690e-01
4.144153e-01
4.039018e-01
3.937722e-01
3.838900e-01
3.742158e-01
3.646389e-01
3.551144e-01
3.455709e-01
3.359707e-01
3.262708e-01
3.164348e-01
3.064355e-01
2.962501e-01
2.858565e-01
2.752453e-01
2.644195e-01
2.534033e-01
2.422434e-01
2.310182e-01
2.198394e-01
2.088501e-01
1.982169e-01
1.881157e-01
1.787164e-01
1.701580e-01
1.625356e-01
1.558910e-01
1.502127e-01
1.454445e-01
1.414981e-01
1.382692e-01
1.356494e-01
1.335361e-01
1.318377e-01
1.304754e-01
1.293839e-01
1.285095e-01
1.278087e-01
1.272474e-01
1.267971e-01
1.264360e-01
1.261469e-01
1.259145e-01
1.257286e-01
1.255799e-01
1.254603e-01
1.253653e-01
1.252892e-01
1.252283e-01
1.251803e-01
1.251417e-01
1.251113e-01
1.250873e-01
1.250681e-01
1.250532e-01
1.250414e-01
1.250321e-01
1.250249e-01
1.250192e-01
1.250148e-01
1.250114e-01
1.250087e-01
1.250066e-01
1.250051e-01
1.250038e-01
1.250029e-01
1.250022e-01
1.250017e-01
1.250013e-01
1.250009e-01
1.250007e-01
1.250005e-01
1.250004e-01
1.250003e-01
1.250002e-01
1.250002e-01
1.250001e-01
1.250001e-01
1.250001e-01
1.250000e-01
1.250000e-01
1.250000e-01
1.250000e-01
1.250000e-01
1.250000e-01
1.250000e-01
1.250000e-01
1.250000e-01
1.250000e-01
1.250000e-01
1.250000e-01
1.250000e-01
1.250000e-01
1.250000e-01
1.250000e-01
1.250000e-01
1.250000e-01
1.250000e-01
1.250000e-01
1.250000e-01
1.250000e-01
1.250000e-01
1.250000e-01
1.250000e-01
1.250000e-01
1.250000e-01
1.250000e-01
1.250000e-01
1.250000e-01
1.250000e-01
1.250000e-01
1.250000e-01
1.250000e-01
1.250000e-01
1.250000e-01
1.250000e-01
1.250000e-01
1.250000e-01
1.250000e-01
1.250000e-01
1.250000e-01
1.250000e-01
1.250000e-01
1.250000e-01
1.250000e-01
1.250000e-01
1.250000e-01
1.250000e-01
1.250000e-01
1.250000e-01
1.250000e-01
1.250000e-01
1.250000e-01
1.250000e-01
1.250000e-01
1.250000e-01
1.250000e-01
1.250000e-01
1.250000e-01
1.250000e-01
1.250000e-01
1.250000e-01
1.250000e-01
1.250000e-01
1.250000e-01
1.250000e-01
1.250000e-01
1.250000e-01
1.250000e-01
1.250000e-01
1.250000e-01
1.250000e-01
1.250000e-01
1.250000e-01
1.250000e-01
1.250000e-01
1.250000e-01
1.250000e-01
1.250000e-01
1.250000e-01
1.250000e-01
1.250000e-01
1.250000e-01
1.250000e-01
1.250000e-01
1.250001e-01
1.250001e-01
1.250001e-01
1.250002e-01
1.250002e-01
1.250003e-01
1.250004e-01
1.250005e-01
1.250007e-01
1.250010e-01
1.250013e-01
1.250017e-01
1.250023e-01
1.250030e-01
1.250039e-01
1.250051e-01
1.250067e-01
1.250088e-01
1.250115e-01
1.250149e-01
1.250194e-01
1.250251e-01
1.250324e-01
1.250417e-01
1.250535e-01
1.250686e-01
1.250877e-01
1.251119e-01
1.251424e-01
1.251810e-01
1.252294e-01
1.252903e-01
1.253667e-01
1.254624e-01
1.255820e-01
1.257316e-01
1.259182e-01
1.261512e-01
1.264416e-01
1.268036e-01
1.272550e-01
1.278176e-01
1.285191e-01
1.293939e-01
1.304848e-01
1.318446e-01
1.335380e-01
1.356423e-01
1.382479e-01
1.414561e-01
1.453747e-01
1.501088e-01
1.557484e-01
1.623538e-01
1.699408e-01
1.784720e-01
1.878549e-01
1.979504e-01
2.085890e-01
2.195930e-01
2.307928e-01
2.420408e-01
2.532226e-01
2.642585e-01
2.751006e-01
2.857233e-01
2.961252e-01
3.063161e-01
3.163167e-01
3.261512e-01
3.358475e-01
3.454451e-01
3.549838e-01
3.645038e-01
3.740799e-01
3.837522e-01
3.936383e-01
4.037748e-01
4.143014e-01
4.252703e-01
4.368135e-01
4.490138e-01
4.619012e-01
4.756221e-01
4.901566e-01
