5.193305e-01
5.444780e-01
5.711326e-01
5.992871e-01
6.286732e-01
6.591470e-01
6.903618e-01
7.220409e-01
7.538172e-01
7.852379e-01
8.158788e-01
8.452579e-01
8.728483e-01
8.981803e-01
9.208150e-01
9.404002e-01
9.567444e-01
9.698299e-01
9.798347e-01
9.871067e-01
9.921189e-01
9.953890e-01
9.974092e-01
9.985946e-01
9.992587e-01
9.996165e-01
9.998037e-01
9.998997e-01
9.999486e-01
9.999734e-01
9.999861e-01
9.999926e-01
9.999960e-01
9.999978e-01
9.999988e-01
9.999993e-01
9.999996e-01
9.999998e-01
9.999999e-01
9.999999e-01
1.000000e+00
1.000000e+00
1.000000e+00
1.000000e+00
1.000000e+00
1.000000e+00
1.000000e+00
1.000000e+00
1.000000e+00
1.000000e+00
1.000000e+00
1.000000e+00
1.000000e+00
1.000000e+00
1.000000e+00
1.000000e+00
1.000000e+00
1.000000e+00
1.000000e+00
1.000000e+00
1.000000e+00
1.000000e+00
1.000000e+00
1.000000e+00
1.000000e+00
1.000000e+00
1.000000e+00
1.000000e+00
1.000000e+00
1.000000e+00
1.000000e+00
1.000000e+00
1.000000e+00
1.000000e+00
1.000000e+00
1.000000e+00
1.000000e+00
1.000000e+00
1.000000e+00
1.000000e+00
1.000000e+00
1.000000e+00
1.000000e+00
1.000000e+00
1.000000e+00
1.000000e+00
1.000000e+00
1.000000e+00
1.000000e+00
1.000000e+00
1.000000e+00
1.000000e+00
1.000000e+00
1.000000e+00
1.000000e+00
1.000000e+00
1.000000e+00
1.000000e+00
1.000000e+00
1.000000e+00
1.000000e+00
1.000000e+00
1.000000e+00
1.000000e+00
1.000000e+00
1.000000e+00
1.000000e+00
1.000000e+00
1.000000e+00
1.000000e+00
1.000000e+00
1.000000e+00
1.000000e+00
1.000000e+00
1.000000e+00
1.000000e+00
1.000000e+00
1.000000e+00
1.000000e+00
1.000000e+00
1.000000e+00
1.000000e+00
1.000000e+00
1.000000e+00
1.000000e+00
1.000000e+00
1.000000e+00
1.000000e+00
1.000000e+00
1.000000e+00
1.000000e+00
1.000000e+00
1.000000e+00
1.000000e+00
1.000000e+00
1.000000e+00
1.000000e+00
1.000000e+00
1.000000e+00
1.000000e+00
1.000000e+00
1.000000e+00
1.000000e+00
1.000000e+00
1.000000e+00
1.000000e+00
1.000000e+00
1.000000e+00
1.000000e+00
1.000000e+00
1.000000e+00
1.000000e+00
1.000000e+00
1.000000e+00
1.000000e+00
1.000000e+00
1.000000e+00
1.000000e+00
1.000000e+00
1.000000e+00
1.000000e+00
1.000000e+00
1.000000e+00
1.000000e+00
1.000000e+00
1.000000e+00
1.000000e+00
1.000000e+00
1.000000e+00
1.000000e+00
1.000000e+00
1.000000e+00
1.000000e+00
1.000000e+00
1.000000e+00
1.000000e+00
1.000000e+00
1.000000e+00
1.000000e+00
1.000000e+00
1.000000e+00
1.000000e+00
1.000000e+00
1.000000e+00
1.000000e+00
1.000000e+00
1.000000e+00
1.000000e+00
1.000000e+00
1.000000e+00
1.000000e+00
1.000000e+00
1.000000e+00
1.000000e+00
1.000000e+00
1.000000e+00
1.000000e+00
1.000000e+00
1.000000e+00
1.000000e+00
1.000000e+00
1.000000e+00
1.000000e+00
1.000000e+00
1.000000e+00
1.000000e+00
1.000000e+00
1.000000e+00
1.000000e+00
1.000000e+00
1.000000e+00
1.000000e+00
1.000000e+00
1.000000e+00
1.000000e+00
9.999999e-01
9.999999e-01
9.999998e-01
9.999997e-01
9.999995e-01
9.999991e-01
9.999984e-01
9.999971e-01
9.999946e-01
9.999900e-01
9.999812e-01
9.999646e-01
9.999329e-01
9.998726e-01
9.997583e-01
9.995444e-01
9.991512e-01
9.984459e-01
9.972210e-01
9.951739e-01
9.919016e-01
9.869180e-01
9.797020e-01
9.697677e-01
9.567485e-01
9.404488e-01
9.208753e-01
8.982187e-01
8.728351e-01
8.451733e-01
8.157152e-01
7.849981e-01
7.535142e-01
7.216936e-01
6.899925e-01
6.587769e-01
6.283271e-01
5.989783e-01
5.708781e-01
5.442776e-01
5.192225e-01
4.958053e-01
4.740288e-01
4.537933e-01
4.348676e-01
4.171425e-01
4.003642e-01
3.842989e-01
3.687390e-01
3.534642e-01
3.382960e-01
3.230894e-01
3.077267e-01
2.921623e-01
2.763908e-01
2.604833e-01
2.445770e-01
2.288807e-01
2.136691e-01
1.992563e-01
1.859598e-01
1.740589e-01
1.637469e-01
1.550937e-01
1.480476e-01
1.424591e-01
1.381202e-01
1.348044e-01
1.322981e-01
1.304168e-01
1.290108e-01
1.279625e-01
1.271827e-01
1.266033e-01
1.261741e-01
1.258565e-01
1.256224e-01
1.254502e-01
1.253242e-01
1.252324e-01
1.251656e-01
1.251175e-01
1.250829e-01
1.250582e-01
1.250405e-01
1.250281e-01
1.250194e-01
1.250133e-01
1.250091e-01
1.250061e-01
1.250041e-01
1.250028e-01
1.250018e-01
1.250012e-01
1.250008e-01
1.250005e-01
1.250003e-01
1.250002e-01
1.250001e-01
1.250001e-01
1.250001e-01
1.250000e-01
1.250000e-01
1.250000e-01
1.250000e-01
1.250000e-01
1.250000e-01
1.250000e-01
1.250000e-01
1.250000e-01
1.250000e-01
1.250000e-01
1.250000e-01
1.250000e-01
1.250000e-01
1.250000e-01
1.250000e-01
1.250000e-01
1.250000e-01
1.250000e-01
1.250000e-01
1.250000e-01
1.250000e-01
1.250000e-01
1.250000e-01
1.250000e-01
1.250000e-01
1.250000e-01
1.250000e-01
1.250000e-01
1.250000e-01
1.250000e-01
1.250000e-01
1.250000e-01
1.250000e-01
1.250000e-01
1.250000e-01
1.250000e-01
1.250000e-01
1.250000e-01
1.250000e-01
1.250000e-01
1.250000e-01
1.250000e-01
1.250000e-01
1.250000e-01
1.250000e-01
1.250000e-01
1.250000e-01
1.250000e-01
1.250000e-01
1.250000e-01
1.250000e-01
1.250000e-01
1.250000e-01
1.250000e-01
1.250000e-01
1.250000e-01
1.250000e-01
1.250000e-01
1.250000e-01
1.250000e-01
1.250000e-01
1.250000e-01
1.250000e-01
1.250000e-01
1.250000e-01
1.250000e-01
1.250000e-01
1.250000e-01
1.250000e-01
1.250000e-01
1.250000e-01
1.250000e-01
1.250000e-01
1.250000e-01
1.250000e-01
1.250000e-01
1.250000e-01
1.250000e-01
1.250000e-01
1.250000e-01
1.250000e-01
1.250000e-01
1.250000e-01
1.250000e-01
1.250000e-01
1.250000e-01
1.250000e-01
1.250000e-01
1.250000e-01
1.250000e-01
1.250000e-01
1.250000e-01
1.250000e-01
1.250000e-01
1.250000e-01
1.250000e-01
1.250000e-01
1.250000e-01
1.250000e-01
1.250000e-01
1.250000e-01
1.250000e-01
1.250000e-01
1.250000e-01
1.250000e-01
1.250000e-01
1.250000e-01
1.250000e-01
1.250000e-01
1.250000e-01
1.250000e-01
1.250000e-01
1.250000e-01
1.250000e-01
1.250000e-01
1.250000e-01
1.250000e-01
1.250000e-01
1.250000e-01
1.250000e-01
1.250000e-01
1.250000e-01
1.250000e-01
1.250000e-01
1.250000e-01
1.250000e-01
1.250000e-01
1.250000e-01
1.250000e-01
1.250000e-01
1.250000e-01
1.250000e-01
1.250000e-01
1.250000e-01
1.250000e-01
1.250001e-01
1.250001e-01
1.250002e-01
1.250002e-01
1.250004e-01
1.250006e-01
1.250009e-01
1.250013e-01
1.250020e-01
1.250029e-01
1.250044e-01
1.250064e-01
1.250095e-01
1.250138e-01
1.250200e-01
1.250289e-01
1.250416e-01
1.250594e-01
1.250845e-01
1.251194e-01
1.251681e-01
1.252353e-01
1.253279e-01
1.254549e-01
1.256282e-01
1.258639e-01
1.261833e-01
1.266149e-01
1.271967e-01
1.279789e-01
1.290286e-01
1.304338e-01
1.323098e-01
1.348034e-01
1.380957e-01
1.423978e-01
1.479358e-01
1.549221e-01
1.635145e-01
1.737743e-01
1.856380e-01
1.989186e-01
2.133381e-01
2.285735e-01
2.443004e-01
2.602395e-01
2.761781e-01
2.919715e-01
3.075495e-01
3.229197e-01
3.381286e-01
3.532950e-01
3.685695e-01
3.841341e-01
4.002100e-01
4.170026e-01
4.347579e-01
4.537294e-01
4.740231e-01
4.958744e-01
