5.058405e-01
5.223293e-01
5.397037e-01
5.579999e-01
5.771520e-01
5.971190e-01
6.178463e-01
6.392572e-01
6.612758e-01
6.837714e-01
7.066574e-01
7.297949e-01
7.530494e-01
7.762398e-01
7.992058e-01
8.217502e-01
8.436639e-01
8.647221e-01
8.846968e-01
9.033646e-01
9.205131e-01
9.359612e-01
9.495668e-01
9.612546e-01
9.710186e-01
9.789289e-01
9.851291e-01
9.898204e-01
9.932424e-01
9.956472e-01
9.972756e-01
9.983393e-01
9.990110e-01
9.994224e-01
9.996677e-01
9.998108e-01
9.998929e-01
9.999395e-01
9.999658e-01
9.999805e-01
9.999888e-01
9.999936e-01
9.999962e-01
9.999978e-01
9.999987e-01
9.999992e-01
9.999995e-01
9.999997e-01
9.999998e-01
9.999999e-01
9.999999e-01
1.000000e+00
1.000000e+00
1.000000e+00
1.000000e+00
1.000000e+00
1.000000e+00
1.000000e+00
1.000000e+00
1.000000e+00
1.000000e+00
1.000000e+00
1.000000e+00
1.000000e+00
1.000000e+00
1.000000e+00
1.000000e+00
1.000000e+00
1.000000e+00
1.000000e+00
1.000000e+00
1.000000e+00
1.000000e+00
1.000000e+00
1.000000e+00
1.000000e+00
1.000000e+00
1.000000e+00
1.000000e+00
1.000000e+00
1.000000e+00
1.000000e+00
1.000000e+00
1.000000e+00
1.000000e+00
1.000000e+00
1.000000e+00
1.000000e+00
1.000000e+00
1.000000e+00
1.000000e+00
1.000000e+00
1.000000e+00
1.000000e+00
1.000000e+00
1.000000e+00
1.000000e+00
1.000000e+00
1.000000e+00
1.000000e+00
1.000000e+00
1.000000e+00
1.000000e+00
1.000000e+00
1.000000e+00
1.000000e+00
1.000000e+00
1.000000e+00
1.000000e+00
1.000000e+00
1.000000e+00
1.000000e+00
1.000000e+00
1.000000e+00
1.000000e+00
1.000000e+00
1.000000e+00
1.000000e+00
1.000000e+00
1.000000e+00
1.000000e+00
1.000000e+00
1.000000e+00
1.000000e+00
1.000000e+00
1.000000e+00
1.000000e+00
1.000000e+00
1.000000e+00
1.000000e+00
1.000000e+00
1.000000e+00
1.000000e+00
1.000000e+00
1.000000e+00
1.000000e+00
1.000000e+00
1.000000e+00
1.000000e+00
1.000000e+00
1.000000e+00
1.000000e+00
1.000000e+00
1.000000e+00
1.000000e+00
1.000000e+00
1.000000e+00
1.000000e+00
1.000000e+00
1.000000e+00
1.000000e+00
1.000000e+00
1.000000e+00
1.000000e+00
1.000000e+00
1.000000e+00
1.000000e+00
1.000000e+00
1.000000e+00
1.000000e+00
1.000000e+00
1.000000e+00
1.000000e+00
1.000000e+00
1.000000e+00
1.000000e+00
1.000000e+00
1.000000e+00
1.000000e+00
1.000000e+00
1.000000e+00
1.000000e+00
1.000000e+00
1.000000e+00
1.000000e+00
1.000000e+00
1.000000e+00
1.000000e+00
1.000000e+00
1.000000e+00
1.000000e+00
1.000000e+00
1.000000e+00
1.000000e+00
1.000000e+00
1.000000e+00
1.000000e+00
1.000000e+00
1.000000e+00
1.000000e+00
1.000000e+00
1.000000e+00
1.000000e+00
1.000000e+00
1.000000e+00
1.000000e+00
1.000000e+00
1.000000e+00
1.000000e+00
1.000000e+00
1.000000e+00
1.000000e+00
1.000000e+00
1.000000e+00
9.999999e-01
9.999999e-01
9.999999e-01
9.999998e-01
9.999996e-01
9.999994e-01
9.999990e-01
9.999983e-01
9.999971e-01
9.999951e-01
9.999916e-01
9.999856e-01
9.999751e-01
9.999568e-01
9.999250e-01
9.998701e-01
9.997758e-01
9.996160e-01
9.993493e-01
9.989126e-01
9.982139e-01
9.971253e-01
9.954791e-01
9.930683e-01
9.896554e-01
9.849886e-01
9.788259e-01
9.709594e-01
9.612386e-01
9.495861e-01
9.360025e-01
9.205610e-01
9.034025e-01
8.847106e-01
8.647005e-01
8.435987e-01
8.216388e-01
7.990480e-01
7.760394e-01
7.528120e-01
7.295292e-01
7.063709e-01
6.834749e-01
6.609773e-01
6.389665e-01
6.175692e-01
5.968639e-01
5.769236e-01
5.578015e-01
5.395418e-01
5.222017e-01
5.057580e-01
4.902273e-01
4.756048e-01
4.618124e-01
4.488524e-01
4.365872e-01
4.249796e-01
4.139413e-01
4.033471e-01
3.931376e-01
3.831770e-01
3.734205e-01
3.637606e-01
3.541495e-01
3.445167e-01
3.348202e-01
3.250211e-01
3.150798e-01
3.049692e-01
2.946671e-01
2.841528e-01
2.734195e-01
2.624737e-01
2.513448e-01
2.400869e-01
2.287865e-01
2.175636e-01
2.065700e-01
1.959765e-01
1.859622e-01
1.766933e-01
1.683012e-01
1.608697e-01
1.544278e-01
1.489518e-01
1.443749e-01
1.406024e-01
1.375262e-01
1.350371e-01
1.330339e-01
1.314268e-01
1.301395e-01
1.291097e-01
1.282854e-01
1.276256e-01
1.270978e-01
1.266747e-01
1.263361e-01
1.260652e-01
1.258477e-01
1.256743e-01
1.255353e-01
1.254242e-01
1.253359e-01
1.252651e-01
1.252090e-01
1.251646e-01
1.251290e-01
1.251012e-01
1.250790e-01
1.250615e-01
1.250479e-01
1.250371e-01
1.250287e-01
1.250222e-01
1.250171e-01
1.250131e-01
1.250100e-01
1.250077e-01
1.250058e-01
1.250044e-01
1.250034e-01
1.250025e-01
1.250019e-01
1.250014e-01
1.250011e-01
1.250008e-01
1.250006e-01
1.250004e-01
1.250003e-01
1.250002e-01
1.250002e-01
1.250001e-01
1.250001e-01
1.250001e-01
1.250001e-01
1.250000e-01
1.250000e-01
1.250000e-01
1.250000e-01
1.250000e-01
1.250000e-01
1.250000e-01
1.250000e-01
1.250000e-01
1.250000e-01
1.250000e-01
1.250000e-01
1.250000e-01
1.250000e-01
1.250000e-01
1.250000e-01
1.250000e-01
1.250000e-01
1.250000e-01
1.250000e-01
1.250000e-01
1.250000e-01
1.250000e-01
1.250000e-01
1.250000e-01
1.250000e-01
1.250000e-01
1.250000e-01
1.250000e-01
1.250000e-01
1.250000e-01
1.250000e-01
1.250000e-01
1.250000e-01
1.250000e-01
1.250000e-01
1.250000e-01
1.250000e-01
1.250000e-01
1.250000e-01
1.250000e-01
1.250000e-01
1.250000e-01
1.250000e-01
1.250000e-01
1.250000e-01
1.250000e-01
1.250000e-01
1.250000e-01
1.250000e-01
1.250000e-01
1.250000e-01
1.250000e-01
1.250000e-01
1.250000e-01
1.250000e-01
1.250000e-01
1.250000e-01
1.250000e-01
1.250000e-01
1.250000e-01
1.250000e-01
1.250000e-01
1.250000e-01
1.250000e-01
1.250000e-01
1.250000e-01
1.250000e-01
1.250000e-01
1.250000e-01
1.250000e-01
1.250000e-01
1.250000e-01
1.250000e-01
1.250000e-01
1.250000e-01
1.250000e-01
1.250000e-01
1.250000e-01
1.250000e-01
1.250000e-01
1.250000e-01
1.250000e-01
1.250000e-01
1.250000e-01
1.250000e-01
1.250001e-01
1.250001e-01
1.250001e-01
1.250001e-01
1.250002e-01
1.250003e-01
1.250003e-01
1.250005e-01
1.250006e-01
1.250008e-01
1.250011e-01
1.250015e-01
1.250020e-01
1.250026e-01
1.250034e-01
1.250045e-01
1.250059e-01
1.250078e-01
1.250102e-01
1.250133e-01
1.250173e-01
1.250224e-01
1.250290e-01
1.250374e-01
1.250482e-01
1.250620e-01
1.250795e-01
1.251016e-01
1.251297e-01
1.251652e-01
1.252100e-01
1.252663e-01
1.253372e-01
1.254261e-01
1.255374e-01
1.256769e-01
1.258513e-01
1.260692e-01
1.263414e-01
1.266811e-01
1.271051e-01
1.276343e-01
1.282949e-01
1.291197e-01
1.301494e-01
1.314347e-01
1.330376e-01
1.350330e-01
1.375091e-01
1.405662e-01
1.443125e-01
1.488563e-01
1.542943e-01
1.606963e-01
1.680908e-01
1.764533e-01
1.857031e-01
1.957092e-01
2.063056e-01
2.173123e-01
2.285553e-01
2.398785e-01
2.511589e-01
2.623078e-01
2.732711e-01
2.840170e-01
2.945401e-01
3.048481e-01
3.149613e-01
3.249005e-01
3.346964e-01
3.443911e-01
3.540180e-01
3.636260e-01
3.732834e-01
3.830388e-01
3.930027e-01
4.032192e-01
4.138258e-01
4.248802e-01
4.365086e-01
4.488053e-01
4.617939e-01
4.756263e-01
4.902823e-01
