5.069864e-01
5.241214e-01
5.421847e-01
5.612212e-01
5.811515e-01
6.019190e-01
6.234791e-01
6.457227e-01
6.685744e-01
6.918893e-01
7.155614e-01
7.394310e-01
7.633401e-01
7.870966e-01
8.105086e-01
8.333529e-01
8.554030e-01
8.764022e-01
8.961161e-01
9.143091e-01
9.307737e-01
9.453450e-01
9.579188e-01
9.684689e-01
9.770499e-01
9.837978e-01
9.889161e-01
9.926546e-01
9.952822e-01
9.970592e-01
9.982167e-01
9.989446e-01
9.993880e-01
9.996506e-01
9.998027e-01
9.998892e-01
9.999379e-01
9.999651e-01
9.999803e-01
9.999888e-01
9.999936e-01
9.999963e-01
9.999978e-01
9.999987e-01
9.999992e-01
9.999995e-01
9.999997e-01
9.999998e-01
9.999999e-01
9.999999e-01
1.000000e+00
1.000000e+00
1.000000e+00
1.000000e+00
1.000000e+00
1.000000e+00
1.000000e+00
1.000000e+00
1.000000e+00
1.000000e+00
1.000000e+00
1.000000e+00
1.000000e+00
1.000000e+00
1.000000e+00
1.000000e+00
1.000000e+00
1.000000e+00
1.000000e+00
1.000000e+00
1.000000e+00
1.000000e+00
1.000000e+00
1.000000e+00
1.000000e+00
1.000000e+00
1.000000e+00
1.000000e+00
1.000000e+00
1.000000e+00
1.000000e+00
1.000000e+00
1.000000e+00
1.000000e+00
1.000000e+00
1.000000e+00
1.000000e+00
1.000000e+00
1.000000e+00
1.000000e+00
1.000000e+00
1.000000e+00
1.000000e+00
1.000000e+00
1.000000e+00
1.000000e+00
1.000000e+00
1.000000e+00
1.000000e+00
1.000000e+00
1.000000e+00
1.000000e+00
1.000000e+00
1.000000e+00
1.000000e+00
1.000000e+00
1.000000e+00
1.000000e+00
1.000000e+00
1.000000e+00
1.000000e+00
1.000000e+00
1.000000e+00
1.000000e+00
1.000000e+00
1.000000e+00
1.000000e+00
1.000000e+00
1.000000e+00
1.000000e+00
1.000000e+00
1.000000e+00
1.000000e+00
1.000000e+00
1.000000e+00
1.000000e+00
1.000000e+00
1.000000e+00
1.000000e+00
1.000000e+00
1.000000e+00
1.000000e+00
1.000000e+00
1.000000e+00
1.000000e+00
1.000000e+00
1.000000e+00
1.000000e+00
1.000000e+00
1.000000e+00
1.000000e+00
1.000000e+00
1.000000e+00
1.000000e+00
1.000000e+00
1.000000e+00
1.000000e+00
1.000000e+00
1.000000e+00
1.000000e+00
1.000000e+00
1.000000e+00
1.000000e+00
1.000000e+00
1.000000e+00
1.000000e+00
1.000000e+00
1.000000e+00
1.000000e+00
1.000000e+00
1.000000e+00
1.000000e+00
1.000000e+00
1.000000e+00
1.000000e+00
1.000000e+00
1.000000e+00
1.000000e+00
1.000000e+00
1.000000e+00
1.000000e+00
1.000000e+00
1.000000e+00
1.000000e+00
1.000000e+00
1.000000e+00
1.000000e+00
1.000000e+00
1.000000e+00
1.000000e+00
1.000000e+00
1.000000e+00
1.000000e+00
1.000000e+00
1.000000e+00
1.000000e+00
1.000000e+00
1.000000e+00
1.000000e+00
1.000000e+00
1.000000e+00
1.000000e+00
1.000000e+00
1.000000e+00
1.000000e+00
1.000000e+00
1.000000e+00
1.000000e+00
1.000000e+00
1.000000e+00
1.000000e+00
1.000000e+00
1.000000e+00
1.000000e+00
1.000000e+00
9.999999e-01
9.999999e-01
9.999999e-01
9.999998e-01
9.999996e-01
9.999994e-01
9.999990e-01
9.999983e-01
9.999972e-01
9.999951e-01
9.999916e-01
9.999855e-01
9.999747e-01
9.999558e-01
9.999228e-01
9.998653e-01
9.997658e-01
9.995960e-01
9.993107e-01
9.988407e-01
9.980847e-01
9.969020e-01
9.951083e-01
9.924774e-01
9.887520e-01
9.836627e-01
9.769564e-01
9.684218e-01
9.579150e-01
9.453743e-01
9.308203e-01
9.143562e-01
8.961465e-01
8.764018e-01
8.553612e-01
8.332635e-01
8.103696e-01
7.869109e-01
7.631132e-01
7.391689e-01
7.152751e-01
6.915889e-01
6.682695e-01
6.454224e-01
6.231909e-01
6.016543e-01
5.809138e-01
5.610138e-01
5.420160e-01
5.239888e-01
5.069014e-01
4.907772e-01
4.756082e-01
4.613164e-01
4.478999e-01
4.352053e-01
4.232119e-01
4.117902e-01
4.008338e-01
3.902563e-01
3.799443e-01
3.698114e-01
3.597747e-01
3.497631e-01
3.397188e-01
3.295827e-01
3.193226e-01
3.088950e-01
2.982741e-01
2.874392e-01
2.763801e-01
2.651031e-01
2.536390e-01
2.420421e-01
2.304022e-01
2.188444e-01
2.075269e-01
1.966293e-01
1.863392e-01
1.768319e-01
1.682451e-01
1.606652e-01
1.541201e-01
1.485811e-01
1.439745e-01
1.401974e-01
1.371343e-01
1.346693e-01
1.326963e-01
1.311218e-01
1.298676e-01
1.288694e-01
1.280746e-01
1.274422e-01
1.269387e-01
1.265375e-01
1.262186e-01
1.259643e-01
1.257621e-01
1.256017e-01
1.254737e-01
1.253727e-01
1.252925e-01
1.252289e-01
1.251791e-01
1.251394e-01
1.251085e-01
1.250842e-01
1.250651e-01
1.250503e-01
1.250387e-01
1.250297e-01
1.250228e-01
1.250173e-01
1.250132e-01
1.250100e-01
1.250076e-01
1.250057e-01
1.250043e-01
1.250032e-01
1.250024e-01
1.250018e-01
1.250013e-01
1.250010e-01
1.250007e-01
1.250005e-01
1.250004e-01
1.250003e-01
1.250002e-01
1.250002e-01
1.250001e-01
1.250001e-01
1.250001e-01
1.250000e-01
1.250000e-01
1.250000e-01
1.250000e-01
1.250000e-01
1.250000e-01
1.250000e-01
1.250000e-01
1.250000e-01
1.250000e-01
1.250000e-01
1.250000e-01
1.250000e-01
1.250000e-01
1.250000e-01
1.250000e-01
1.250000e-01
1.250000e-01
1.250000e-01
1.250000e-01
1.250000e-01
1.250000e-01
1.250000e-01
1.250000e-01
1.250000e-01
1.250000e-01
1.250000e-01
1.250000e-01
1.250000e-01
1.250000e-01
1.250000e-01
1.250000e-01
1.250000e-01
1.250000e-01
1.250000e-01
1.250000e-01
1.250000e-01
1.250000e-01
1.250000e-01
1.250000e-01
1.250000e-01
1.250000e-01
1.250000e-01
1.250000e-01
1.250000e-01
1.250000e-01
1.250000e-01
1.250000e-01
1.250000e-01
1.250000e-01
1.250000e-01
1.250000e-01
1.250000e-01
1.250000e-01
1.250000e-01
1.250000e-01
1.250000e-01
1.250000e-01
1.250000e-01
1.250000e-01
1.250000e-01
1.250000e-01
1.250000e-01
1.250000e-01
1.250000e-01
1.250000e-01
1.250000e-01
1.250000e-01
1.250000e-01
1.250000e-01
1.250000e-01
1.250000e-01
1.250000e-01
1.250000e-01
1.250000e-01
1.250000e-01
1.250000e-01
1.250000e-01
1.250000e-01
1.250000e-01
1.250000e-01
1.250000e-01
1.250000e-01
1.250000e-01
1.250000e-01
1.250000e-01
1.250000e-01
1.250000e-01
1.250000e-01
1.250000e-01
1.250000e-01
1.250000e-01
1.250001e-01
1.250001e-01
1.250001e-01
1.250002e-01
1.250002e-01
1.250003e-01
1.250004e-01
1.250006e-01
1.250008e-01
1.250010e-01
1.250014e-01
1.250018e-01
1.250025e-01
1.250033e-01
1.250044e-01
1.250058e-01
1.250077e-01
1.250102e-01
1.250134e-01
1.250176e-01
1.250230e-01
1.250300e-01
1.250390e-01
1.250506e-01
1.250656e-01
1.250847e-01
1.251091e-01
1.251402e-01
1.251798e-01
1.252301e-01
1.252938e-01
1.253743e-01
1.254759e-01
1.256041e-01
1.257655e-01
1.259684e-01
1.262235e-01
1.265438e-01
1.269460e-01
1.274508e-01
1.280845e-01
1.288798e-01
1.298781e-01
1.311308e-01
1.327013e-01
1.346669e-01
1.371191e-01
1.401633e-01
1.439137e-01
1.484864e-01
1.539860e-01
1.604897e-01
1.680311e-01
1.765872e-01
1.860748e-01
1.963566e-01
2.072576e-01
2.185892e-01
2.301682e-01
2.418315e-01
2.534515e-01
2.649365e-01
2.762299e-01
2.873012e-01
2.981445e-01
3.087702e-01
3.191999e-01
3.294596e-01
3.395909e-01
3.496294e-01
3.596396e-01
3.696704e-01
3.798050e-01
3.901167e-01
4.007023e-01
4.116670e-01
4.231097e-01
4.351213e-01
4.478474e-01
4.612943e-01
4.756283e-01
4.908335e-01
