5.009270e-01
5.148217e-01
5.294367e-01
5.447797e-01
5.608337e-01
5.775742e-01
5.949535e-01
6.129573e-01
6.315227e-01
6.505974e-01
6.701179e-01
6.900140e-01
7.102084e-01
7.306157e-01
7.511394e-01
7.716609e-01
7.920707e-01
8.122351e-01
8.320126e-01
8.512507e-01
8.697835e-01
8.874463e-01
9.040737e-01
9.195068e-01
9.336028e-01
9.462485e-01
9.573615e-01
9.669120e-01
9.749182e-01
9.814515e-01
9.866312e-01
9.906152e-01
9.935840e-01
9.957268e-01
9.972247e-01
9.982396e-01
9.989071e-01
9.993341e-01
9.996006e-01
9.997633e-01
9.998610e-01
9.999188e-01
9.999526e-01
9.999723e-01
9.999838e-01
9.999905e-01
9.999943e-01
9.999966e-01
9.999980e-01
9.999988e-01
9.999992e-01
9.999995e-01
9.999997e-01
9.999998e-01
9.999999e-01
9.999999e-01
1.000000e+00
1.000000e+00
1.000000e+00
1.000000e+00
1.000000e+00
1.000000e+00
1.000000e+00
1.000000e+00
1.000000e+00
1.000000e+00
1.000000e+00
1.000000e+00
1.000000e+00
1.000000e+00
1.000000e+00
1.000000e+00
1.000000e+00
1.000000e+00
1.000000e+00
1.000000e+00
1.000000e+00
1.000000e+00
1.000000e+00
1.000000e+00
1.000000e+00
1.000000e+00
1.000000e+00
1.000000e+00
1.000000e+00
1.000000e+00
1.000000e+00
1.000000e+00
1.000000e+00
1.000000e+00
1.000000e+00
1.000000e+00
1.000000e+00
1.000000e+00
1.000000e+00
1.000000e+00
1.000000e+00
1.000000e+00
1.000000e+00
1.000000e+00
1.000000e+00
1.000000e+00
1.000000e+00
1.000000e+00
1.000000e+00
1.000000e+00
1.000000e+00
1.000000e+00
1.000000e+00
1.000000e+00
1.000000e+00
1.000000e+00
1.000000e+00
1.000000e+00
1.000000e+00
1.000000e+00
1.000000e+00
1.000000e+00
1.000000e+00
1.000000e+00
1.000000e+00
1.000000e+00
1.000000e+00
1.000000e+00
1.000000e+00
1.000000e+00
1.000000e+00
1.000000e+00
1.000000e+00
1.000000e+00
1.000000e+00
1.000000e+00
1.000000e+00
1.000000e+00
1.000000e+00
1.000000e+00
1.000000e+00
1.000000e+00
1.000000e+00
1.000000e+00
1.000000e+00
1.000000e+00
1.000000e+00
1.000000e+00
1.000000e+00
1.000000e+00
1.000000e+00
1.000000e+00
1.000000e+00
1.000000e+00
1.000000e+00
1.000000e+00
1.000000e+00
1.000000e+00
1.000000e+00
1.000000e+00
1.000000e+00
1.000000e+00
1.000000e+00
1.000000e+00
1.000000e+00
1.000000e+00
1.000000e+00
1.000000e+00
1.000000e+00
1.000000e+00
1.000000e+00
1.000000e+00
1.000000e+00
1.000000e+00
1.000000e+00
1.000000e+00
1.000000e+00
1.000000e+00
1.000000e+00
1.000000e+00
1.000000e+00
1.000000e+00
1.000000e+00
1.000000e+00
1.000000e+00
1.000000e+00
1.000000e+00
1.000000e+00
1.000000e+00
1.000000e+00
1.000000e+00
1.000000e+00
1.000000e+00
1.000000e+00
1.000000e+00
1.000000e+00
1.000000e+00
1.000000e+00
1.000000e+00
1.000000e+00
1.000000e+00
1.000000e+00
1.000000e+00
9.999999e-01
9.999999e-01
9.999999e-01
9.999998e-01
9.999996e-01
9.999994e-01
9.999990e-01
9.999984e-01
9.999974e-01
9.999957e-01
9.999927e-01
9.999878e-01
9.999795e-01
9.999654e-01
9.999417e-01
9.999018e-01
9.998354e-01
9.997259e-01
9.995476e-01
9.992620e-01
9.988131e-01
9.981230e-01
9.970875e-01
9.955745e-01
9.934254e-01
9.904616e-01
9.864945e-01
9.813422e-01
9.748432e-01
9.668736e-01
9.573568e-01
9.462702e-01
9.336407e-01
9.195490e-01
9.041086e-01
8.874634e-01
8.697742e-01
8.512084e-01
8.319343e-01
8.121194e-01
7.919187e-01
7.714760e-01
7.509252e-01
7.303786e-01
7.099539e-01
6.897483e-01
6.698484e-01
6.503281e-01
6.312614e-01
6.127080e-01
5.947220e-01
5.773614e-01
5.606448e-01
5.446167e-01
5.293016e-01
5.147138e-01
5.008536e-01
4.877134e-01
4.752939e-01
4.635368e-01
4.524263e-01
4.419219e-01
4.319318e-01
4.224281e-01
4.133318e-01
4.045517e-01
3.960481e-01
3.877262e-01
3.795485e-01
3.714528e-01
3.633823e-01
3.553167e-01
3.472082e-01
3.390520e-01
3.308119e-01
3.224860e-01
3.140468e-01
3.054821e-01
2.967727e-01
2.878994e-01
2.788430e-01
2.695896e-01
2.601346e-01
2.504886e-01
2.406791e-01
2.307593e-01
2.208091e-01
2.109343e-01
2.012643e-01
1.919405e-01
1.831080e-01
1.748967e-01
1.674098e-01
1.607142e-01
1.548356e-01
1.497604e-01
1.454427e-01
1.418140e-01
1.387936e-01
1.362975e-01
1.342451e-01
1.325630e-01
1.311871e-01
1.300622e-01
1.291431e-01
1.283918e-01
1.277769e-01
1.272740e-01
1.268622e-01
1.265243e-01
1.262475e-01
1.260209e-01
1.258344e-01
1.256817e-01
1.255569e-01
1.254540e-01
1.253698e-01
1.253013e-01
1.252448e-01
1.251986e-01
1.251613e-01
1.251305e-01
1.251053e-01
1.250852e-01
1.250686e-01
1.250551e-01
1.250444e-01
1.250356e-01
1.250284e-01
1.250227e-01
1.250181e-01
1.250144e-01
1.250115e-01
1.250091e-01
1.250072e-01
1.250057e-01
1.250045e-01
1.250035e-01
1.250028e-01
1.250022e-01
1.250017e-01
1.250013e-01
1.250010e-01
1.250008e-01
1.250006e-01
1.250005e-01
1.250004e-01
1.250003e-01
1.250002e-01
1.250002e-01
1.250001e-01
1.250001e-01
1.250001e-01
1.250001e-01
1.250000e-01
1.250000e-01
1.250000e-01
1.250000e-01
1.250000e-01
1.250000e-01
1.250000e-01
1.250000e-01
1.250000e-01
1.250000e-01
1.250000e-01
1.250000e-01
1.250000e-01
1.250000e-01
1.250000e-01
1.250000e-01
1.250000e-01
1.250000e-01
1.250000e-01
1.250000e-01
1.250000e-01
1.250000e-01
1.250000e-01
1.250000e-01
1.250000e-01
1.250000e-01
1.250000e-01
1.250000e-01
1.250000e-01
1.250000e-01
1.250000e-01
1.250000e-01
1.250000e-01
1.250000e-01
1.250000e-01
1.250000e-01
1.250000e-01
1.250000e-01
1.250000e-01
1.250000e-01
1.250000e-01
1.250000e-01
1.250000e-01
1.250000e-01
1.250000e-01
1.250000e-01
1.250000e-01
1.250000e-01
1.250000e-01
1.250000e-01
1.250000e-01
1.250000e-01
1.250000e-01
1.250000e-01
1.250000e-01
1.250000e-01
1.250000e-01
1.250000e-01
1.250000e-01
1.250000e-01
1.250000e-01
1.250000e-01
1.250001e-01
1.250001e-01
1.250001e-01
1.250001e-01
1.250002e-01
1.250002e-01
1.250003e-01
1.250004e-01
1.250005e-01
1.250006e-01
1.250008e-01
1.250010e-01
1.250013e-01
1.250017e-01
1.250022e-01
1.250028e-01
1.250036e-01
1.250045e-01
1.250057e-01
1.250072e-01
1.250092e-01
1.250115e-01
1.250145e-01
1.250182e-01
1.250228e-01
1.250286e-01
1.250357e-01
1.250445e-01
1.250554e-01
1.250688e-01
1.250854e-01
1.251058e-01
1.251309e-01
1.251616e-01
1.251993e-01
1.252455e-01
1.253020e-01
1.253711e-01
1.254555e-01
1.255584e-01
1.256841e-01
1.258372e-01
1.260240e-01
1.262517e-01
1.265291e-01
1.268676e-01
1.272805e-01
1.277843e-01
1.283996e-01
1.291514e-01
1.300702e-01
1.311936e-01
1.325668e-01
1.342436e-01
1.362874e-01
1.387706e-01
1.417732e-01
1.453784e-01
1.496675e-01
1.547103e-01
1.605551e-01
1.672189e-01
1.746792e-01
1.828721e-01
1.916955e-01
2.010190e-01
2.106971e-01
2.205871e-01
2.305567e-01
2.404970e-01
2.503261e-01
2.599899e-01
2.694595e-01
2.787239e-01
2.877886e-01
2.966668e-01
3.053786e-01
3.139444e-01
3.223809e-01
3.307043e-01
3.389422e-01
3.470921e-01
3.551977e-01
3.632587e-01
3.713281e-01
3.794229e-01
3.875996e-01
3.959261e-01
4.044337e-01
4.132269e-01
4.223375e-01
4.318574e-01
4.418693e-01
4.523950e-01
4.635336e-01
4.753181e-01
4.877649e-01
