5.243969e-01
5.533459e-01
5.841181e-01
6.164930e-01
6.502510e-01
6.849645e-01
7.202221e-01
7.555311e-01
7.902786e-01
8.238826e-01
8.556717e-01
8.849958e-01
9.112637e-01
9.339790e-01
9.528438e-01
9.678006e-01
9.790539e-01
9.870482e-01
9.923919e-01
9.957465e-01
9.977261e-01
9.988292e-01
9.994137e-01
9.997113e-01
9.998588e-01
9.999307e-01
9.999657e-01
9.999828e-01
9.999912e-01
9.999955e-01
9.999976e-01
9.999988e-01
9.999993e-01
9.999996e-01
9.999998e-01
9.999999e-01
9.999999e-01
1.000000e+00
1.000000e+00
1.000000e+00
1.000000e+00
1.000000e+00
1.000000e+00
1.000000e+00
1.000000e+00
1.000000e+00
1.000000e+00
1.000000e+00
1.000000e+00
1.000000e+00
1.000000e+00
1.000000e+00
1.000000e+00
1.000000e+00
1.000000e+00
1.000000e+00
1.000000e+00
1.000000e+00
1.000000e+00
1.000000e+00
1.000000e+00
1.000000e+00
1.000000e+00
1.000000e+00
1.000000e+00
1.000000e+00
1.000000e+00
1.000000e+00
1.000000e+00
1.000000e+00
1.000000e+00
1.000000e+00
1.000000e+00
1.000000e+00
1.000000e+00
1.000000e+00
1.000000e+00
1.000000e+00
1.000000e+00
1.000000e+00
1.000000e+00
1.000000e+00
1.000000e+00
1.000000e+00
1.000000e+00
1.000000e+00
1.000000e+00
1.000000e+00
1.000000e+00
1.000000e+00
1.000000e+00
1.000000e+00
1.000000e+00
1.000000e+00
1.000000e+00
1.000000e+00
1.000000e+00
1.000000e+00
1.000000e+00
1.000000e+00
1.000000e+00
1.000000e+00
1.000000e+00
1.000000e+00
1.000000e+00
1.000000e+00
1.000000e+00
1.000000e+00
1.000000e+00
1.000000e+00
1.000000e+00
1.000000e+00
1.000000e+00
1.000000e+00
1.000000e+00
1.000000e+00
1.000000e+00
1.000000e+00
1.000000e+00
1.000000e+00
1.000000e+00
1.000000e+00
1.000000e+00
1.000000e+00
1.000000e+00
1.000000e+00
1.000000e+00
1.000000e+00
1.000000e+00
1.000000e+00
1.000000e+00
1.000000e+00
1.000000e+00
1.000000e+00
1.000000e+00
1.000000e+00
1.000000e+00
1.000000e+00
1.000000e+00
1.000000e+00
1.000000e+00
1.000000e+00
1.000000e+00
1.000000e+00
1.000000e+00
1.000000e+00
1.000000e+00
1.000000e+00
1.000000e+00
1.000000e+00
1.000000e+00
1.000000e+00
1.000000e+00
1.000000e+00
1.000000e+00
1.000000e+00
1.000000e+00
1.000000e+00
1.000000e+00
1.000000e+00
1.000000e+00
1.000000e+00
1.000000e+00
1.000000e+00
1.000000e+00
1.000000e+00
1.000000e+00
1.000000e+00
1.000000e+00
1.000000e+00
1.000000e+00
1.000000e+00
1.000000e+00
1.000000e+00
1.000000e+00
1.000000e+00
1.000000e+00
1.000000e+00
1.000000e+00
1.000000e+00
1.000000e+00
1.000000e+00
1.000000e+00
1.000000e+00
1.000000e+00
1.000000e+00
1.000000e+00
1.000000e+00
1.000000e+00
1.000000e+00
1.000000e+00
1.000000e+00
1.000000e+00
1.000000e+00
1.000000e+00
1.000000e+00
1.000000e+00
1.000000e+00
1.000000e+00
1.000000e+00
1.000000e+00
1.000000e+00
1.000000e+00
1.000000e+00
1.000000e+00
1.000000e+00
1.000000e+00
1.000000e+00
1.000000e+00
1.000000e+00
1.000000e+00
1.000000e+00
1.000000e+00
1.000000e+00
1.000000e+00
1.000000e+00
1.000000e+00
1.000000e+00
1.000000e+00
9.999999e-01
9.999999e-01
9.999997e-01
9.999995e-01
9.999991e-01
9.999983e-01
9.999967e-01
9.999937e-01
9.999879e-01
9.999764e-01
9.999537e-01
9.999088e-01
9.998202e-01
9.996466e-01
9.993118e-01
9.986810e-01
9.975306e-01
9.955164e-01
9.921560e-01
9.868451e-01
9.789178e-01
9.677468e-01
9.528635e-01
9.340396e-01
9.113211e-01
8.850095e-01
8.556096e-01
8.237270e-01
7.900331e-01
7.552089e-01
7.198475e-01
6.845695e-01
6.498601e-01
6.161428e-01
5.838229e-01
5.531190e-01
5.242794e-01
4.973787e-01
4.725199e-01
4.495099e-01
4.281035e-01
4.079998e-01
3.889340e-01
3.705900e-01
3.526815e-01
3.349613e-01
3.172427e-01
2.994042e-01
2.814222e-01
2.633669e-01
2.454229e-01
2.278647e-01
2.110524e-01
1.953825e-01
1.812350e-01
1.689090e-01
1.585644e-01
1.501906e-01
1.436288e-01
1.386241e-01
1.348852e-01
1.321319e-01
1.301232e-01
1.286666e-01
1.276143e-01
1.268565e-01
1.263126e-01
1.259234e-01
1.256461e-01
1.254495e-01
1.253107e-01
1.252134e-01
1.251456e-01
1.250986e-01
1.250663e-01
1.250443e-01
1.250294e-01
1.250193e-01
1.250126e-01
1.250082e-01
1.250052e-01
1.250033e-01
1.250021e-01
1.250013e-01
1.250008e-01
1.250005e-01
1.250003e-01
1.250002e-01
1.250001e-01
1.250001e-01
1.250000e-01
1.250000e-01
1.250000e-01
1.250000e-01
1.250000e-01
1.250000e-01
1.250000e-01
1.250000e-01
1.250000e-01
1.250000e-01
1.250000e-01
1.250000e-01
1.250000e-01
1.250000e-01
1.250000e-01
1.250000e-01
1.250000e-01
1.250000e-01
1.250000e-01
1.250000e-01
1.250000e-01
1.250000e-01
1.250000e-01
1.250000e-01
1.250000e-01
1.250000e-01
1.250000e-01
1.250000e-01
1.250000e-01
1.250000e-01
1.250000e-01
1.250000e-01
1.250000e-01
1.250000e-01
1.250000e-01
1.250000e-01
1.250000e-01
1.250000e-01
1.250000e-01
1.250000e-01
1.250000e-01
1.250000e-01
1.250000e-01
1.250000e-01
1.250000e-01
1.250000e-01
1.250000e-01
1.250000e-01
1.250000e-01
1.250000e-01
1.250000e-01
1.250000e-01
1.250000e-01
1.250000e-01
1.250000e-01
1.250000e-01
1.250000e-01
1.250000e-01
1.250000e-01
1.250000e-01
1.250000e-01
1.250000e-01
1.250000e-01
1.250000e-01
1.250000e-01
1.250000e-01
1.250000e-01
1.250000e-01
1.250000e-01
1.250000e-01
1.250000e-01
1.250000e-01
1.250000e-01
1.250000e-01
1.250000e-01
1.250000e-01
1.250000e-01
1.250000e-01
1.250000e-01
1.250000e-01
1.250000e-01
1.250000e-01
1.250000e-01
1.250000e-01
1.250000e-01
1.250000e-01
1.250000e-01
1.250000e-01
1.250000e-01
1.250000e-01
1.250000e-01
1.250000e-01
1.250000e-01
1.250000e-01
1.250000e-01
1.250000e-01
1.250000e-01
1.250000e-01
1.250000e-01
1.250000e-01
1.250000e-01
1.250000e-01
1.250000e-01
1.250000e-01
1.250000e-01
1.250000e-01
1.250000e-01
1.250000e-01
1.250000e-01
1.250000e-01
1.250000e-01
1.250000e-01
1.250000e-01
1.250000e-01
1.250000e-01
1.250000e-01
1.250000e-01
1.250000e-01
1.250000e-01
1.250000e-01
1.250000e-01
1.250000e-01
1.250000e-01
1.250000e-01
1.250000e-01
1.250000e-01
1.250000e-01
1.250000e-01
1.250000e-01
1.250000e-01
1.250000e-01
1.250000e-01
1.250000e-01
1.250000e-01
1.250000e-01
1.250000e-01
1.250000e-01
1.250000e-01
1.250000e-01
1.250000e-01
1.250000e-01
1.250000e-01
1.250000e-01
1.250000e-01
1.250000e-01
1.250000e-01
1.250000e-01
1.250000e-01
1.250000e-01
1.250001e-01
1.250001e-01
1.250001e-01
1.250002e-01
1.250004e-01
1.250006e-01
1.250009e-01
1.250015e-01
1.250023e-01
1.250036e-01
1.250056e-01
1.250087e-01
1.250133e-01
1.250202e-01
1.250305e-01
1.250458e-01
1.250683e-01
1.251012e-01
1.251488e-01
1.252175e-01
1.253159e-01
1.254560e-01
1.256544e-01
1.259339e-01
1.263258e-01
1.268729e-01
1.276338e-01
1.286885e-01
1.301449e-01
1.321476e-01
1.348854e-01
1.385945e-01
1.435519e-01
1.500506e-01
1.583527e-01
1.686287e-01
1.809005e-01
1.950190e-01
2.106888e-01
2.275244e-01
2.451166e-01
2.630978e-01
2.811882e-01
2.991969e-01
3.170495e-01
3.347738e-01
3.524961e-01
3.704069e-01
3.887584e-01
4.078430e-01
4.279785e-01
4.494278e-01
4.725030e-01
4.974450e-01
