4.998843e-01
5.132702e-01
5.273459e-01
5.421095e-01
5.575527e-01
5.736526e-01
5.903785e-01
6.077011e-01
6.255707e-01
6.439452e-01
6.627759e-01
6.819799e-01
7.015088e-01
7.212803e-01
7.412059e-01
7.611994e-01
7.811429e-01
8.009325e-01
8.204392e-01
8.395265e-01
8.580524e-01
8.758558e-01
8.927866e-01
9.086892e-01
9.234182e-01
9.368445e-01
9.488679e-01
9.594188e-01
9.684767e-01
9.760661e-01
9.822600e-01
9.871752e-01
9.909625e-01
9.937925e-01
9.958428e-01
9.972831e-01
9.982646e-01
9.989145e-01
9.993335e-01
9.995970e-01
9.997593e-01
9.998575e-01
9.999162e-01
9.999508e-01
9.999711e-01
9.999830e-01
9.999899e-01
9.999940e-01
9.999964e-01
9.999978e-01
9.999987e-01
9.999992e-01
9.999995e-01
9.999997e-01
9.999998e-01
9.999999e-01
9.999999e-01
9.999999e-01
1.000000e+00
1.000000e+00
1.000000e+00
1.000000e+00
1.000000e+00
1.000000e+00
1.000000e+00
1.000000e+00
1.000000e+00
1.000000e+00
1.000000e+00
1.000000e+00
1.000000e+00
1.000000e+00
1.000000e+00
1.000000e+00
1.000000e+00
1.000000e+00
1.000000e+00
1.000000e+00
1.000000e+00
1.000000e+00
1.000000e+00
1.000000e+00
1.000000e+00
1.000000e+00
1.000000e+00
1.000000e+00
1.000000e+00
1.000000e+00
1.000000e+00
1.000000e+00
1.000000e+00
1.000000e+00
1.000000e+00
1.000000e+00
1.000000e+00
1.000000e+00
1.000000e+00
1.000000e+00
1.000000e+00
1.000000e+00
1.000000e+00
1.000000e+00
1.000000e+00
1.000000e+00
1.000000e+00
1.000000e+00
1.000000e+00
1.000000e+00
1.000000e+00
1.000000e+00
1.000000e+00
1.000000e+00
1.000000e+00
1.000000e+00
1.000000e+00
1.000000e+00
1.000000e+00
1.000000e+00
1.000000e+00
1.000000e+00
1.000000e+00
1.000000e+00
1.000000e+00
1.000000e+00
1.000000e+00
1.000000e+00
1.000000e+00
1.000000e+00
1.000000e+00
1.000000e+00
1.000000e+00
1.000000e+00
1.000000e+00
1.000000e+00
1.000000e+00
1.000000e+00
1.000000e+00
1.000000e+00
1.000000e+00
1.000000e+00
1.000000e+00
1.000000e+00
1.000000e+00
1.000000e+00
1.000000e+00
1.000000e+00
1.000000e+00
1.000000e+00
1.000000e+00
1.000000e+00
1.000000e+00
1.000000e+00
1.000000e+00
1.000000e+00
1.000000e+00
1.000000e+00
1.000000e+00
1.000000e+00
1.000000e+00
1.000000e+00
1.000000e+00
1.000000e+00
1.000000e+00
1.000000e+00
1.000000e+00
1.000000e+00
1.000000e+00
1.000000e+00
1.000000e+00
1.000000e+00
1.000000e+00
1.000000e+00
1.000000e+00
1.000000e+00
1.000000e+00
1.000000e+00
1.000000e+00
1.000000e+00
1.000000e+00
1.000000e+00
1.000000e+00
1.000000e+00
1.000000e+00
1.000000e+00
1.000000e+00
1.000000e+00
1.000000e+00
1.000000e+00
1.000000e+00
1.000000e+00
1.000000e+00
1.000000e+00
1.000000e+00
1.000000e+00
1.000000e+00
1.000000e+00
1.000000e+00
1.000000e+00
9.999999e-01
9.999999e-01
9.999998e-01
9.999998e-01
9.999996e-01
9.999994e-01
9.999990e-01
9.999983e-01
9.999972e-01
9.999954e-01
9.999923e-01
9.999872e-01
9.999785e-01
9.999640e-01
9.999397e-01
9.998991e-01
9.998320e-01
9.997222e-01
9.995448e-01
9.992628e-01
9.988229e-01
9.981512e-01
9.971497e-01
9.956945e-01
9.936372e-01
9.908108e-01
9.870384e-01
9.821482e-01
9.759864e-01
9.684321e-01
9.594073e-01
9.488836e-01
9.368782e-01
9.234592e-01
9.087265e-01
8.928098e-01
8.758565e-01
8.580237e-01
8.394645e-01
8.203416e-01
8.007998e-01
7.809773e-01
7.610043e-01
7.409857e-01
7.210401e-01
7.012551e-01
6.817183e-01
6.625118e-01
6.436845e-01
6.253178e-01
6.074605e-01
5.901561e-01
5.734489e-01
5.573714e-01
5.419531e-01
5.272160e-01
5.131665e-01
4.998131e-01
4.871459e-01
4.751661e-01
4.638161e-01
4.530798e-01
4.429257e-01
4.332655e-01
4.240685e-01
4.152738e-01
4.067837e-01
3.985618e-01
3.905351e-01
3.826355e-01
3.748299e-01
3.670548e-01
3.592863e-01
3.514970e-01
3.436529e-01
3.357501e-01
3.277656e-01
3.196945e-01
3.115175e-01
3.032174e-01
2.947809e-01
2.861860e-01
2.774131e-01
2.684477e-01
2.592830e-01
2.499268e-01
2.404031e-01
2.307602e-01
2.210716e-01
2.114362e-01
2.019757e-01
1.928244e-01
1.841220e-01
1.759956e-01
1.685489e-01
1.618527e-01
1.559392e-01
1.508032e-01
1.464075e-01
1.426915e-01
1.395809e-01
1.369965e-01
1.348608e-01
1.331021e-01
1.316572e-01
1.304709e-01
1.294974e-01
1.286986e-01
1.280424e-01
1.275030e-01
1.270598e-01
1.266949e-01
1.263942e-01
1.261469e-01
1.259431e-01
1.257747e-01
1.256363e-01
1.255225e-01
1.254281e-01
1.253507e-01
1.252873e-01
1.252346e-01
1.251915e-01
1.251564e-01
1.251273e-01
1.251034e-01
1.250841e-01
1.250682e-01
1.250551e-01
1.250446e-01
1.250361e-01
1.250290e-01
1.250233e-01
1.250188e-01
1.250150e-01
1.250120e-01
1.250096e-01
1.250077e-01
1.250061e-01
1.250049e-01
1.250038e-01
1.250030e-01
1.250024e-01
1.250019e-01
1.250015e-01
1.250012e-01
1.250009e-01
1.250007e-01
1.250006e-01
1.250004e-01
1.250003e-01
1.250003e-01
1.250002e-01
1.250002e-01
1.250001e-01
1.250001e-01
1.250001e-01
1.250001e-01
1.250000e-01
1.250000e-01
1.250000e-01
1.250000e-01
1.250000e-01
1.250000e-01
1.250000e-01
1.250000e-01
1.250000e-01
1.250000e-01
1.250000e-01
1.250000e-01
1.250000e-01
1.250000e-01
1.250000e-01
1.250000e-01
1.250000e-01
1.250000e-01
1.250000e-01
1.250000e-01
1.250000e-01
1.250000e-01
1.250000e-01
1.250000e-01
1.250000e-01
1.250000e-01
1.250000e-01
1.250000e-01
1.250000e-01
1.250000e-01
1.250000e-01
1.250000e-01
1.250000e-01
1.250000e-01
1.250000e-01
1.250000e-01
1.250000e-01
1.250000e-01
1.250000e-01
1.250000e-01
1.250000e-01
1.250000e-01
1.250000e-01
1.250000e-01
1.250000e-01
1.250000e-01
1.250000e-01
1.250000e-01
1.250000e-01
1.250000e-01
1.250000e-01
1.250000e-01
1.250000e-01
1.250000e-01
1.250000e-01
1.250000e-01
1.250001e-01
1.250001e-01
1.250001e-01
1.250001e-01
1.250002e-01
1.250002e-01
1.250003e-01
1.250003e-01
1.250004e-01
1.250006e-01
1.250007e-01
1.250009e-01
1.250012e-01
1.250015e-01
1.250019e-01
1.250024e-01
1.250031e-01
1.250039e-01
1.250049e-01
1.250062e-01
1.250077e-01
1.250097e-01
1.250121e-01
1.250151e-01
1.250189e-01
1.250235e-01
1.250292e-01
1.250362e-01
1.250448e-01
1.250554e-01
1.250684e-01
1.250843e-01
1.251038e-01
1.251276e-01
1.251567e-01
1.251922e-01
1.252354e-01
1.252879e-01
1.253519e-01
1.254295e-01
1.255238e-01
1.256384e-01
1.257773e-01
1.259459e-01
1.261505e-01
1.263986e-01
1.266998e-01
1.270655e-01
1.275097e-01
1.280496e-01
1.287063e-01
1.295054e-01
1.304781e-01
1.316626e-01
1.331042e-01
1.348568e-01
1.369831e-01
1.395539e-01
1.426459e-01
1.463381e-01
1.507053e-01
1.558094e-01
1.616904e-01
1.683564e-01
1.757785e-01
1.838883e-01
1.925831e-01
2.017350e-01
2.112042e-01
2.208549e-01
2.305625e-01
2.402256e-01
2.497683e-01
2.591418e-01
2.683211e-01
2.772973e-01
2.860781e-01
2.946784e-01
3.031176e-01
3.114176e-01
3.195930e-01
3.276634e-01
3.356427e-01
3.435421e-01
3.513814e-01
3.591693e-01
3.669324e-01
3.747076e-01
3.825093e-01
3.904118e-01
3.984444e-01
4.066723e-01
4.151749e-01
4.239821e-01
4.331970e-01
4.428770e-01
4.530522e-01
4.638155e-01
4.751912e-01
4.871968e-01
